28
13
-58
-62
90
-88
-22
-116
-3
-49
-21
102
-72
-95
-42
66
-6
-109
82
48
45
45
32
46
78
53
59
118
125
-21
82
-60
119
24
54
-75
74
-41
29
-57
125
-69
93
82
-125
-26
20
107
-44
-63
-3
89
-59
92
-51
89
45
-68
85
80
41
-60
-33
39
100
-31
-119
55
-82
-86
-26
71
122
82
-54
-89
106
78
53
103
70
78
-105
9
-46
57
-75
46
21
125
95
66
9
61
-125
103
-123
-78
2
-60
106
60
-89
-88
90
114
-121
60
13
-102
-35
-100
-115
-55
-85
6
125
94
-30
54
-71
-83
22
86
-45
15
34
59
-56
93
117
119
1
124
110
105
9
-42
125
59
55
-42
85
-42
-87
83
-106
-19
-77
18
-19
113
-43
81
92
-96
-128
77
-64
-4
22
88
-23
-47
0
-17
-110
21
106
-42
108
90
96
94
-121
-29
7
-12
-38
-70
-103
22
-109
-103
-77
34
-101
-109
111
114
125
115
-11
86
48
-8
99
-96
81
-90
-12
-35
-89
-15
21
-38
-31
-128
-111
45
-46
-96
-47
35
-41
-2
-42
-85
-71
94
114
-32
86
-97
52
81
-45
-23
78
-14
66
-109
60
-99
54
25
12
-36
13
94
12
83
-90
77
81
-12
-103
34
11
-125
96
2
1
70
83
-90
-16
-86
112
69
-68
104
-15
82
44
93
-1
127
127
64
59
-63
34
120
99
44
-47
3
27
-22
94
-39
-79
-96
123
94
-125
-63
45
100
117
81
111
121
-22
127
21
16
66
-30
125
-25
47
20
-73
-11
-77
-9
10
95
-56
-4
77
23
59
-52
-95
-23
-114
114
-89
115
-52
14
91
23
-77
-99
-98
12
25
108
-50
101
96
-77
1
-23
-128
-63
31
1
115
-17
6
-114
118
13
-13
105
14
-74
78
-32
97
69
106
-128
-102
76
65
56
10
31
-37
-128
-35
112
-65
123
36
-23
123
102
-64
-44
-12
37
61
-21
48
30
111
-69
114
89
62
110
-103
-89
-95
47
4
-95
33
-63
-39
104
-27
16
45
-89
63
-23
100
-114
-39
38
-13
39
-106
-26
-49
126
14
-107
-73
14
39
-92
124
115
127
-56
102
28
-111
-17
88
22
25
-87
42
69
-51
124
116
39
-54
61
-91
12
61
63
27
-89
97
68
47
-16
-113
-108
126
29
-93
-108
72
54
46
46
1
-43
-34
-30
83
54
67
55
-14
73
-1
-90
-98
-120
7
45
121
60
126
-107
124
14
-101
-97
92
-7
-126
-124
80
43
