67
79
80
49
1
0
16
0
24
1
0
32
0
112
0
32
5
0
0
0
5
0
0
0
5
0
0
0
2
0
245
5
47
1
0
0
5
1
0
0
15
1
1
0
0
64
0
0
0
0
0
0
1
64
0
0
0
0
0
0
2
64
0
0
0
0
0
0
3
64
0
0
0
0
0
0
11
1
23
0
12
1
23
0
10
1
7
0
4
1
15
0
5
64
0
0
128
0
0
0
4
64
0
0
16
0
0
0
6
64
0
0
1
0
0
0
9
1
0
0
7
1
0
0
0
1
0
0
1
1
0
0
3
1
0
0
2
1
0
0
20
1
1
1
31
1
2
0
16
64
0
0
112
84
0
0
17
64
0
0
0
0
0
0
18
64
0
0
0
0
0
0
19
64
0
0
0
0
0
0
18
1
23
0
17
1
7
0
19
1
15
0
27
1
23
0
28
1
23
0
26
1
7
0
21
64
0
0
128
0
0
0
20
64
0
0
16
0
0
0
22
64
0
0
1
0
0
0
24
1
128
255
33
1
0
0
32
1
0
0
34
1
0
0
37
1
0
0
38
1
128
255
39
1
127
0
36
64
30
0
0
0
0
64
22
1
23
0
21
1
7
0
23
1
15
0
36
1
0
1
5
0
3
0
48
1
0
0
48
64
0
0
0
0
0
0
49
1
2
0
49
64
0
0
0
64
0
0
50
64
0
0
48
3
0
0
50
1
1
0
16
0
0
0
36
64
38
0
78
183
109
77
5
1
1
0
15
1
2
0
0
64
0
0
112
84
0
0
11
1
31
0
12
1
31
0
10
1
31
0
4
1
2
0
5
64
0
0
96
0
0
0
4
64
0
0
3
0
0
0
9
1
128
255
0
1
1
0
1
1
1
0
3
1
1
0
2
1
1
0
20
1
65
0
16
64
0
0
0
0
0
0
18
1
31
0
17
1
31
0
27
1
31
0
28
1
31
0
26
1
31
0
21
64
0
0
0
2
0
0
22
64
0
0
0
2
0
0
33
1
2
0
32
1
2
0
34
1
4
0
46
1
0
0
40
1
2
0
32
64
0
0
160
64
0
0
33
64
0
0
144
2
0
0
41
1
2
0
34
64
0
0
0
64
0
0
35
64
0
0
160
0
0
0
22
1
7
0
21
1
15
0
36
1
0
2
17
0
0
0
2
0
0
0
48
64
0
0
48
3
0
0
49
64
0
0
64
74
0
0
50
64
0
0
48
10
0
0
16
0
0
0
47
1
4
0
36
64
38
0
20
16
98
64
5
1
65
0
0
64
0
0
0
0
0
0
4
1
15
0
5
64
0
0
0
2
0
0
4
64
0
0
16
0
0
0
6
64
0
0
0
2
0
0
16
64
0
0
128
189
0
0
32
64
0
0
224
74
0
0
33
64
0
0
144
9
0
0
34
64
0
0
64
74
0
0
17
0
0
0
2
0
0
0
48
64
0
0
96
13
0
0
49
64
0
0
0
64
0
0
50
64
0
0
64
10
0
0
18
0
1
0
16
0
0
0
36
64
40
0
50
28
252
67
5
1
65
0
15
1
2
0
0
64
0
0
128
189
0
0
1
64
0
0
0
0
0
0
2
64
0
0
0
0
0
0
3
64
0
0
0
0
0
0
11
1
31
0
12
1
31
0
10
1
31
0
5
64
0
0
0
2
0
0
4
64
0
0
16
0
0
0
6
64
0
0
0
2
0
0
9
1
128
255
20
1
65
128
31
1
0
0
24
1
40
0
32
64
0
0
160
64
0
0
33
64
0
0
160
9
0
0
34
64
0
0
0
64
0
0
17
0
0
0
2
0
0
0
37
64
14
5
34
190
106
105
38
64
11
5
0
0
0
64
36
64
48
0
30
86
243
74
5
1
65
0
15
1
2
0
0
64
0
0
0
0
0
0
1
64
0
0
0
0
0
0
2
64
0
0
0
0
0
0
3
64
0
0
0
0
0
0
11
1
31
0
12
1
31
0
10
1
31
0
5
64
0
0
0
2
0
0
4
64
0
0
16
0
0
0
6
64
0
0
0
2
0
0
9
1
128
255
20
1
65
1
31
1
2
0
16
64
0
0
128
125
0
0
24
1
128
255
133
1
65
128
143
1
0
0
137
1
40
0
8
1
0
0
128
1
0
0
6
0
1
0
48
64
0
0
160
23
0
0
49
64
0
0
64
74
0
0
50
64
0
0
48
20
0
0
18
0
1
0
16
0
0
0
47
1
2
0
36
64
37
0
89
226
7
65
5
1
65
0
15
1
2
0
0
64
0
0
128
125
0
0
1
64
0
0
0
0
0
0
2
64
0
0
0
0
0
0
3
64
0
0
0
0
0
0
11
1
31
0
12
1
31
0
10
1
31
0
5
64
0
0
0
2
0
0
4
64
0
0
16
0
0
0
6
64
0
0
0
2
0
0
9
1
128
255
0
1
0
0
1
1
0
0
20
1
65
0
16
64
0
0
0
0
0
0
18
1
15
0
17
1
15
0
19
1
31
0
27
1
15
0
28
1
15
0
26
1
15
0
22
64
0
0
0
1
0
0
34
1
7
0
32
64
0
0
128
75
0
0
33
64
0
0
240
18
0
0
34
64
0
0
64
74
0
0
35
64
0
0
64
1
0
0
22
1
3
0
23
1
31
0
17
0
0
0
2
0
0
0
48
64
0
0
208
43
0
0
49
64
0
0
128
221
0
0
50
64
0
0
48
38
0
0
18
0
1
0
16
0
0
0
47
1
1
0
36
64
41
0
30
81
234
107
0
64
0
0
0
0
0
0
11
1
15
0
12
1
15
0
10
1
15
0
4
1
31
0
6
64
0
0
0
1
0
0
0
1
1
0
1
1
1
0
16
64
0
0
128
189
0
0
24
1
243
255
34
1
4
0
32
64
0
0
192
222
0
0
33
64
0
0
240
36
0
0
34
64
0
0
128
221
0
0
22
1
7
0
23
1
15
0
17
0
0
0
2
0
0
0
48
64
0
0
0
82
0
0
49
64
0
0
0
32
0
0
50
64
0
0
80
4
0
0
16
0
0
0
47
1
2
0
36
64
40
0
166
18
90
107
5
1
65
0
15
1
2
0
0
64
0
0
128
125
0
0
1
64
0
0
0
0
0
0
2
64
0
0
0
0
0
0
3
64
0
0
0
0
0
0
11
1
30
0
12
1
30
0
10
1
30
0
4
1
15
0
5
64
0
0
0
2
0
0
4
64
0
0
16
0
0
0
6
64
0
0
0
2
0
0
9
1
128
255
0
1
0
0
1
1
0
0
3
1
0
0
2
1
0
0
20
1
65
128
31
1
0
0
24
1
235
255
33
1
0
0
32
1
0
0
34
1
7
0
32
64
0
0
64
33
0
0
33
64
0
0
16
3
0
0
34
64
0
0
0
32
0
0
22
1
0
0
23
1
31
0
17
0
0
0
2
0
0
0
37
64
13
5
253
53
24
70
36
64
49
0
58
202
108
122
5
1
65
128
15
1
0
0
9
1
235
255
20
1
65
1
31
1
2
0
16
64
0
0
0
0
0
0
24
1
128
255
133
1
65
0
143
1
2
0
128
64
0
0
128
189
0
0
129
64
0
0
0
0
0
0
130
64
0
0
0
0
0
0
131
64
0
0
0
0
0
0
139
1
15
0
140
1
15
0
138
1
15
0
133
64
0
0
0
2
0
0
132
64
0
0
16
0
0
0
134
64
0
0
0
1
0
0
137
1
243
255
6
0
1
0
48
64
0
0
80
86
0
0
49
64
0
0
0
48
0
0
50
64
0
0
128
77
0
0
16
0
0
0
47
1
0
0
36
64
39
0
154
93
95
67
5
1
65
0
15
1
2
0
0
64
0
0
0
0
0
0
1
64
0
0
0
0
0
0
2
64
0
0
0
0
0
0
3
64
0
0
0
0
0
0
11
1
15
0
12
1
15
0
10
1
15
0
4
1
31
0
5
64
0
0
0
2
0
0
4
64
0
0
16
0
0
0
6
64
0
0
0
1
0
0
9
1
128
255
3
1
1
0
2
1
1
0
20
1
65
0
16
64
0
0
0
32
0
0
18
1
7
0
17
1
7
0
19
1
63
0
27
1
7
0
28
1
7
0
26
1
7
0
22
64
0
0
128
0
0
0
33
1
2
0
32
1
2
0
32
64
0
0
128
50
0
0
33
64
0
0
0
75
0
0
34
64
0
0
0
48
0
0
35
64
0
0
128
2
0
0
22
1
7
0
21
1
7
0
17
0
0
0
2
0
0
0
48
64
0
0
208
163
0
0
49
64
0
0
128
125
0
0
50
64
0
0
208
151
0
0
18
0
1
0
16
0
0
0
47
1
1
0
36
64
40
0
202
149
173
99
0
64
0
0
0
32
0
0
11
1
7
0
12
1
7
0
10
1
7
0
4
1
63
0
6
64
0
0
128
0
0
0
0
1
1
0
1
1
1
0
16
64
0
0
0
48
0
0
24
1
2
0
34
1
4
0
32
64
0
0
0
128
0
0
33
64
0
0
80
149
0
0
34
64
0
0
128
125
0
0
17
0
0
0
2
0
0
0
48
64
0
0
160
59
1
0
49
64
0
0
0
64
0
0
50
64
0
0
80
14
0
0
18
0
1
0
16
0
0
0
47
1
0
0
36
64
39
0
33
235
102
79
5
1
65
0
15
1
2
0
0
64
0
0
0
0
0
0
1
64
0
0
0
0
0
0
2
64
0
0
0
0
0
0
3
64
0
0
0
0
0
0
11
1
14
0
12
1
14
0
10
1
14
0
4
1
31
0
5
64
0
0
0
2
0
0
4
64
0
0
16
0
0
0
6
64
0
0
0
1
0
0
9
1
128
255
0
1
0
0
1
1
0
0
3
1
0
0
2
1
0
0
20
1
65
128
31
1
0
0
24
1
55
0
33
1
0
0
32
1
0
0
34
1
7
0
32
64
0
0
128
66
0
0
33
64
0
0
208
11
0
0
34
64
0
0
0
64
0
0
22
1
3
0
23
1
63
0
17
0
0
0
2
0
0
0
37
64
14
5
125
198
136
105
36
64
48
0
130
184
129
69
5
1
65
128
15
1
0
0
9
1
55
0
20
1
65
1
31
1
2
0
16
64
0
0
0
32
0
0
24
1
128
255
133
1
65
0
143
1
2
0
128
64
0
0
0
48
0
0
129
64
0
0
0
0
0
0
130
64
0
0
0
0
0
0
131
64
0
0
0
0
0
0
139
1
7
0
140
1
7
0
138
1
7
0
133
64
0
0
0
2
0
0
132
64
0
0
16
0
0
0
134
64
0
0
128
0
0
0
137
1
2
0
6
0
1
0
5
1
65
0
15
1
2
0
0
64
0
0
0
32
0
0
1
64
0
0
0
0
0
0
2
64
0
0
0
0
0
0
3
64
0
0
0
0
0
0
11
1
7
0
12
1
7
0
10
1
7
0
4
1
63
0
5
64
0
0
0
2
0
0
4
64
0
0
16
0
0
0
6
64
0
0
128
0
0
0
9
1
0
0
20
1
65
1
16
64
0
0
0
0
0
0
18
1
0
0
17
1
0
0
27
1
0
0
28
1
0
0
26
1
0
0
21
64
0
0
64
0
0
0
22
64
0
0
16
0
0
0
24
1
0
0
33
1
7
0
32
1
7
0
34
1
0
0
36
64
30
32
0
0
0
64
22
1
0
0
21
1
1
0
36
1
0
1
5
0
1
0
36
64
36
0
48
13
76
123
0
64
0
0
0
0
0
0
11
1
0
0
12
1
0
0
10
1
0
0
5
64
0
0
64
0
0
0
6
64
0
0
16
0
0
0
9
1
128
255
20
1
1
0
16
64
0
0
64
0
0
0
19
1
9
0
21
64
0
0
10
0
0
0
20
64
0
0
10
0
0
0
22
64
0
0
1
0
0
0
33
1
0
0
32
1
0
0
40
1
0
0
32
64
0
0
144
74
1
0
33
64
0
0
224
2
0
0
41
1
0
0
34
64
0
0
240
73
1
0
35
64
0
0
160
0
0
0
21
1
3
0
23
1
15
0
36
1
0
2
2
0
0
0
5
1
1
0
0
64
0
0
64
0
0
0
10
1
9
0
4
1
0
0
5
64
0
0
10
0
0
0
4
64
0
0
1
0
0
0
6
64
0
0
1
0
0
0
9
1
0
0
20
1
65
1
16
64
0
0
80
0
0
0
19
1
0
0
21
64
0
0
16
0
0
0
20
64
0
0
16
0
0
0
22
64
0
0
16
0
0
0
32
1
9
0
36
64
0
0
1
0
0
0
21
1
1
0
36
1
0
1
5
0
0
0
48
64
0
0
112
77
1
0
49
1
3
1
49
64
0
0
0
0
0
0
50
64
0
0
0
4
0
0
16
0
0
0
37
64
0
5
1
0
0
0
38
64
0
5
1
0
0
0
10
1
0
0
4
1
9
0
4
64
0
0
10
0
0
0
20
1
69
1
16
64
0
0
0
0
0
0
19
1
9
0
21
64
0
0
64
0
0
0
20
64
0
0
64
0
0
0
22
64
0
0
64
0
0
0
24
1
127
0
37
1
7
0
133
1
65
0
143
1
2
0
128
64
0
0
80
0
0
0
129
64
0
0
0
0
0
0
130
64
0
0
0
0
0
0
131
64
0
0
0
0
0
0
139
1
0
0
140
1
0
0
138
1
0
0
133
64
0
0
16
0
0
0
132
64
0
0
16
0
0
0
134
64
0
0
16
0
0
0
137
1
0
0
128
1
4
0
21
1
127
0
17
0
0
0
6
0
2
0
37
64
0
0
1
0
0
0
38
64
0
0
1
0
0
0
36
64
0
32
1
0
0
0
5
1
73
0
0
64
0
0
0
0
0
0
5
64
0
0
64
0
0
0
4
64
0
0
64
0
0
0
6
64
0
0
64
0
0
0
20
1
5
1
16
64
0
0
64
0
0
0
21
64
0
0
40
0
0
0
20
64
0
0
40
0
0
0
22
64
0
0
4
0
0
0
24
1
0
0
37
1
0
16
38
1
0
128
39
1
255
255
133
1
9
192
39
64
0
0
12
0
0
0
128
1
8
0
21
1
31
0
6
0
8
0
5
1
9
0
0
64
0
0
64
0
0
0
5
64
0
0
40
0
0
0
4
64
0
0
40
0
0
0
6
64
0
0
4
0
0
0
20
1
69
1
16
64
0
0
192
0
0
0
19
1
0
0
21
64
0
0
64
0
0
0
20
64
0
0
64
0
0
0
22
64
0
0
64
0
0
0
32
1
0
0
21
1
3
0
36
1
0
2
5
0
2
0
36
64
0
0
1
0
0
0
5
1
73
0
0
64
0
0
192
0
0
0
4
1
0
0
5
64
0
0
64
0
0
0
4
64
0
0
64
0
0
0
6
64
0
0
64
0
0
0
16
64
0
0
0
1
0
0
128
1
0
0
21
1
31
0
36
1
0
1
6
0
7
0
37
64
192
3
1
0
0
0
38
64
192
3
1
0
0
0
5
1
9
192
39
64
0
0
35
0
0
0
16
64
0
0
64
0
0
0
133
1
73
0
128
64
0
0
0
1
0
0
133
64
0
0
64
0
0
0
132
64
0
0
64
0
0
0
134
64
0
0
64
0
0
0
8
1
8
0
6
0
2
0
47
1
7
0
5
1
73
0
15
1
2
0
0
64
0
0
0
1
0
0
1
64
0
0
0
0
0
0
2
64
0
0
0
0
0
0
3
64
0
0
0
0
0
0
11
1
0
0
12
1
0
0
10
1
0
0
5
64
0
0
64
0
0
0
4
64
0
0
64
0
0
0
6
64
0
0
64
0
0
0
9
1
0
0
20
1
69
129
31
1
0
0
133
1
9
192
39
64
0
0
1
0
0
0
137
1
0
0
8
1
0
0
128
1
8
0
6
0
2
0
37
64
0
0
1
0
0
0
38
64
0
0
1
0
0
0
5
1
73
0
15
1
2
0
0
64
0
0
192
0
0
0
1
64
0
0
0
0
0
0
2
64
0
0
0
0
0
0
3
64
0
0
0
0
0
0
11
1
0
0
12
1
0
0
10
1
0
0
5
64
0
0
64
0
0
0
4
64
0
0
64
0
0
0
6
64
0
0
64
0
0
0
9
1
0
0
20
1
69
1
31
1
2
0
16
64
0
0
128
0
0
0
133
1
73
128
143
1
0
0
137
1
0
0
128
1
0
0
6
0
9
0
47
1
0
0
36
64
31
0
0
0
0
64
5
1
73
0
15
1
2
0
0
64
0
0
128
0
0
0
1
64
0
0
0
0
0
0
2
64
0
0
0
0
0
0
3
64
0
0
0
0
0
0
11
1
0
0
12
1
0
0
10
1
0
0
5
64
0
0
64
0
0
0
4
64
0
0
64
0
0
0
6
64
0
0
64
0
0
0
9
1
0
0
20
1
69
129
31
1
0
0
133
1
9
192
39
64
0
0
196
195
195
195
137
1
0
0
128
1
8
0
6
0
0
0
37
64
192
3
1
0
0
0
38
64
192
3
1
0
0
0
36
64
0
0
1
0
0
0
5
1
73
128
15
1
0
0
9
1
0
0
20
1
69
1
31
1
2
0
16
64
0
0
0
1
0
0
133
1
9
192
39
64
0
0
90
90
90
90
137
1
0
0
6
0
1
0
37
64
0
0
1
0
0
0
38
64
0
0
1
0
0
0
36
64
31
0
0
0
0
64
5
1
73
0
15
1
2
0
0
64
0
0
0
1
0
0
1
64
0
0
0
0
0
0
2
64
0
0
0
0
0
0
3
64
0
0
0
0
0
0
11
1
0
0
12
1
0
0
10
1
0
0
5
64
0
0
64
0
0
0
4
64
0
0
64
0
0
0
6
64
0
0
64
0
0
0
9
1
0
0
20
1
69
129
31
1
0
0
133
1
73
0
143
1
2
0
128
64
0
0
128
0
0
0
129
64
0
0
0
0
0
0
130
64
0
0
0
0
0
0
131
64
0
0
0
0
0
0
139
1
0
0
140
1
0
0
138
1
0
0
133
64
0
0
64
0
0
0
132
64
0
0
64
0
0
0
134
64
0
0
64
0
0
0
137
1
0
0
128
1
0
0
6
0
0
0
37
64
192
3
1
0
0
0
38
64
192
3
1
0
0
0
36
64
0
0
1
0
0
0
5
1
9
192
39
64
0
0
0
0
0
32
9
1
0
0
20
1
69
129
31
1
1
0
133
1
73
128
143
1
0
0
137
1
0
0
8
1
8
0
6
0
2
0
37
64
0
0
1
0
0
0
38
64
0
0
1
0
0
0
36
64
31
0
0
0
0
64
5
1
73
0
15
1
2
0
0
64
0
0
0
1
0
0
1
64
0
0
0
0
0
0
2
64
0
0
0
0
0
0
3
64
0
0
0
0
0
0
11
1
0
0
12
1
0
0
10
1
0
0
5
64
0
0
64
0
0
0
4
64
0
0
64
0
0
0
6
64
0
0
64
0
0
0
9
1
0
0
20
1
69
129
31
1
2
0
133
1
73
128
143
1
1
0
137
1
0
0
8
1
0
0
6
0
0
0
36
64
0
0
1
0
0
0
5
1
73
128
15
1
2
0
9
1
0
0
20
1
69
1
16
64
0
0
192
0
0
0
133
1
9
192
39
64
0
0
4
0
0
0
137
1
0
0
128
1
8
0
6
0
0
0
37
64
192
3
1
0
0
0
38
64
192
3
1
0
0
0
5
1
73
0
15
1
2
0
0
64
0
0
0
1
0
0
1
64
0
0
0
0
0
0
2
64
0
0
0
0
0
0
3
64
0
0
0
0
0
0
11
1
0
0
12
1
0
0
10
1
0
0
5
64
0
0
64
0
0
0
4
64
0
0
64
0
0
0
6
64
0
0
64
0
0
0
9
1
0
0
20
1
69
1
133
1
73
0
143
1
2
0
128
64
0
0
192
0
0
0
129
64
0
0
0
0
0
0
130
64
0
0
0
0
0
0
131
64
0
0
0
0
0
0
139
1
0
0
140
1
0
0
138
1
0
0
133
64
0
0
64
0
0
0
132
64
0
0
64
0
0
0
134
64
0
0
64
0
0
0
137
1
0
0
128
1
0
0
6
0
1
0
37
64
0
0
1
0
0
0
38
64
0
0
1
0
0
0
36
64
31
0
0
0
0
64
5
1
73
0
15
1
2
0
0
64
0
0
192
0
0
0
1
64
0
0
0
0
0
0
2
64
0
0
0
0
0
0
3
64
0
0
0
0
0
0
11
1
0
0
12
1
0
0
10
1
0
0
5
64
0
0
64
0
0
0
4
64
0
0
64
0
0
0
6
64
0
0
64
0
0
0
9
1
0
0
20
1
69
129
31
1
0
0
133
1
73
0
143
1
2
0
128
64
0
0
128
0
0
0
129
64
0
0
0
0
0
0
130
64
0
0
0
0
0
0
131
64
0
0
0
0
0
0
139
1
0
0
140
1
0
0
138
1
0
0
133
64
0
0
64
0
0
0
132
64
0
0
64
0
0
0
134
64
0
0
64
0
0
0
137
1
0
0
6
0
0
0
37
64
192
3
1
0
0
0
38
64
192
3
1
0
0
0
36
64
0
0
1
0
0
0
5
1
9
192
39
64
0
0
0
0
0
32
9
1
0
0
20
1
69
129
31
1
1
0
133
1
73
128
143
1
0
0
137
1
0
0
8
1
8
0
6
0
2
0
37
64
0
0
1
0
0
0
38
64
0
0
1
0
0
0
36
64
31
0
0
0
0
64
5
1
73
0
15
1
2
0
0
64
0
0
192
0
0
0
1
64
0
0
0
0
0
0
2
64
0
0
0
0
0
0
3
64
0
0
0
0
0
0
11
1
0
0
12
1
0
0
10
1
0
0
5
64
0
0
64
0
0
0
4
64
0
0
64
0
0
0
6
64
0
0
64
0
0
0
9
1
0
0
20
1
69
129
31
1
2
0
133
1
73
128
143
1
1
0
137
1
0
0
8
1
0
0
6
0
0
0
36
64
0
0
1
0
0
0
5
1
73
128
15
1
2
0
9
1
0
0
20
1
69
1
16
64
0
0
0
1
0
0
133
1
9
192
39
64
0
0
4
0
0
0
137
1
0
0
128
1
8
0
6
0
0
0
37
64
192
3
1
0
0
0
38
64
192
3
1
0
0
0
5
1
73
0
15
1
2
0
0
64
0
0
192
0
0
0
1
64
0
0
0
0
0
0
2
64
0
0
0
0
0
0
3
64
0
0
0
0
0
0
11
1
0
0
12
1
0
0
10
1
0
0
5
64
0
0
64
0
0
0
4
64
0
0
64
0
0
0
6
64
0
0
64
0
0
0
9
1
0
0
20
1
69
1
133
1
73
0
143
1
2
0
128
64
0
0
0
1
0
0
129
64
0
0
0
0
0
0
130
64
0
0
0
0
0
0
131
64
0
0
0
0
0
0
139
1
0
0
140
1
0
0
138
1
0
0
133
64
0
0
64
0
0
0
132
64
0
0
64
0
0
0
134
64
0
0
64
0
0
0
137
1
0
0
128
1
0
0
6
0
1
0
37
64
0
0
1
0
0
0
38
64
0
0
1
0
0
0
36
64
31
0
0
0
0
64
5
1
73
0
15
1
2
0
0
64
0
0
0
1
0
0
1
64
0
0
0
0
0
0
2
64
0
0
0
0
0
0
3
64
0
0
0
0
0
0
11
1
0
0
12
1
0
0
10
1
0
0
5
64
0
0
64
0
0
0
4
64
0
0
64
0
0
0
6
64
0
0
64
0
0
0
9
1
0
0
20
1
69
129
31
1
0
0
133
1
73
0
143
1
2
0
128
64
0
0
128
0
0
0
129
64
0
0
0
0
0
0
130
64
0
0
0
0
0
0
131
64
0
0
0
0
0
0
139
1
0
0
140
1
0
0
138
1
0
0
133
64
0
0
64
0
0
0
132
64
0
0
64
0
0
0
134
64
0
0
64
0
0
0
137
1
0
0
6
0
0
0
37
64
192
3
1
0
0
0
38
64
192
3
1
0
0
0
36
64
0
0
1
0
0
0
5
1
9
192
39
64
0
0
0
0
0
32
9
1
0
0
20
1
69
129
31
1
1
0
133
1
73
128
143
1
0
0
137
1
0
0
8
1
8
0
6
0
2
0
37
64
0
0
1
0
0
0
38
64
0
0
1
0
0
0
36
64
31
0
0
0
0
64
5
1
73
0
15
1
2
0
0
64
0
0
0
1
0
0
1
64
0
0
0
0
0
0
2
64
0
0
0
0
0
0
3
64
0
0
0
0
0
0
11
1
0
0
12
1
0
0
10
1
0
0
5
64
0
0
64
0
0
0
4
64
0
0
64
0
0
0
6
64
0
0
64
0
0
0
9
1
0
0
20
1
69
129
31
1
2
0
133
1
73
128
143
1
1
0
137
1
0
0
8
1
0
0
6
0
0
0
36
64
0
0
1
0
0
0
5
1
73
128
15
1
2
0
9
1
0
0
20
1
69
1
16
64
0
0
192
0
0
0
133
1
9
192
39
64
0
0
4
0
0
0
137
1
0
0
128
1
8
0
6
0
0
0
37
64
192
3
1
0
0
0
38
64
192
3
1
0
0
0
5
1
73
0
15
1
2
0
0
64
0
0
0
1
0
0
1
64
0
0
0
0
0
0
2
64
0
0
0
0
0
0
3
64
0
0
0
0
0
0
11
1
0
0
12
1
0
0
10
1
0
0
5
64
0
0
64
0
0
0
4
64
0
0
64
0
0
0
6
64
0
0
64
0
0
0
9
1
0
0
20
1
69
1
133
1
73
0
143
1
2
0
128
64
0
0
192
0
0
0
129
64
0
0
0
0
0
0
130
64
0
0
0
0
0
0
131
64
0
0
0
0
0
0
139
1
0
0
140
1
0
0
138
1
0
0
133
64
0
0
64
0
0
0
132
64
0
0
64
0
0
0
134
64
0
0
64
0
0
0
137
1
0
0
128
1
0
0
6
0
1
0
37
64
0
0
1
0
0
0
38
64
0
0
1
0
0
0
36
64
30
0
0
0
0
64
5
1
73
0
15
1
2
0
0
64
0
0
0
0
0
0
1
64
0
0
0
0
0
0
2
64
0
0
0
0
0
0
3
64
0
0
0
0
0
0
11
1
0
0
12
1
0
0
10
1
0
0
4
1
9
0
5
64
0
0
64
0
0
0
4
64
0
0
64
0
0
0
6
64
0
0
64
0
0
0
9
1
0
0
20
1
69
129
31
1
0
0
19
1
9
0
133
1
73
0
143
1
2
0
128
64
0
0
192
0
0
0
129
64
0
0
0
0
0
0
130
64
0
0
0
0
0
0
131
64
0
0
0
0
0
0
139
1
0
0
140
1
0
0
138
1
0
0
133
64
0
0
64
0
0
0
132
64
0
0
64
0
0
0
134
64
0
0
64
0
0
0
137
1
0
0
128
1
4
0
6
0
0
0
36
64
0
32
1
0
0
0
5
1
73
128
15
1
0
0
9
1
0
0
20
1
1
1
31
1
1
0
16
64
0
0
0
0
0
0
21
64
0
0
10
0
0
0
20
64
0
0
10
0
0
0
22
64
0
0
1
0
0
0
24
1
128
255
37
1
0
0
38
1
128
255
39
1
127
0
133
1
73
0
143
1
2
0
128
64
0
0
64
0
0
0
129
64
0
0
0
0
0
0
130
64
0
0
0
0
0
0
131
64
0
0
0
0
0
0
139
1
0
0
140
1
0
0
138
1
0
0
133
64
0
0
64
0
0
0
132
64
0
0
64
0
0
0
134
64
0
0
64
0
0
0
137
1
0
0
6
0
8
0
0
0
255
255
