-1864
-2470
186
565
716
-835
1456
2143
-1762
-2168
-681
-1186
-1739
-2842
-1296
137
-2858
1235
-1704
2520
-890
-1626
43
1119
-2640
-1806
3127
-780
2563
-2357
-1639
2859
-1722
2799
-2731
-1857
-261
-1803
1051
827
1165
-2983
-638
-2906
2471
-2039
2219
-1865
-1582
-1645
2600
-1962
-2878
2815
-1047
2110
-1353
1754
1941
2385
2953
1492
789
538
1304
-2165
647
-55
2746
-322
1582
358
1708
991
-761
-1019
2264
-660
1390
1144
1562
-2812
1507
-2476
1022
-389
2308
-2220
-640
2589
-1065
1571
-1285
-1889
999
848
-2320
2526
401
-1433
920
1866
-532
1198
979
-2616
-2811
3107
-2213
-1073
-1873
2403
1837
-799
-1569
-1317
1994
-2364
3118
-1321
2381
-304
728
847
84
2441
-2628
-1827
-1063
-876
-567
-640
-1713
3113
2058
-2914
-606
623
1983
1296
11
-742
2445
2614
-2679
-385
2061
-363
541
-223
1250
2338
-2489
-2902
-959
3007
1996
-481
-1263
-2233
-1507
-399
-1731
-395
-625
1124
-1439
1502
-1025
857
129
-2550
524
-1940
-984
955
1883
-329
424
1963
-2006
3128
1244
640
1069
-1520
2000
-924
423
-3048
-1616
-619
-2835
368
-741
-2249
1938
-1240
1745
-3090
2120
1834
-2110
-2191
664
-2070
572
-1134
-893
3131
2735
-1419
692
-507
257
1177
3057
1285
2349
-150
2330
-1406
-2393
-488
629
-1180
-2650
3073
840
-1197
-143
-905
-2759
2269
-635
2143
3090
-447
345
-825
1662
-2343
-2610
-2482
2140
1296
1781
-1498
-817
-912
2939
-2359
-1510
-377
1423
12
-1850
1495
3112
1133
-2857
717
-2285
-948
-1523
-1074
2131
1599
-1815
2540
1664
1740
-447
1358
859
533
-2405
899
2174
110
648
1738
985
1696
-1603
1873
-1007
966
-1562
2250
2787
1377
486
-2379
1480
-2893
-2380
-1315
281
-1530
-1009
-2163
-2813
2214
-1429
1687
-478
1045
1584
1090
677
-1086
1197
-1022
66
2822
-890
2001
-623
-2624
-2082
2444
2710
2637
-2547
-1483
-1799
-2590
2014
1312
2520
1083
-1488
628
-2472
3061
2076
2402
259
-315
1179
781
2629
2410
-1492
-615
575
166
385
-297
-2004
1200
-2852
-2878
857
-168
730
-100
-145
-1123
1190
-2010
1432
-1142
-871
-719
-2653
1660
-1349
499
-565
-2667
2790
-2173
1993
-750
1983
861
-2288
406
-2611
1388
1103
923
3043
1080
1371
-1463
567
-2273
2544
-1522
1122
221
-2436
1209
-3018
-2233
-135
2444
-2948
-2845
-1499
2160
1127
2432
-3094
-1683
1592
297
982
-3128
3096
-2186
-1177
-954
1579
-1766
-1981
552
467
1145
-314
2671
-2166
-2223
-3094
-2266
130
-1281
1967
1257
2585
-2273
-1685
-94
1136
826
2495
-1676
-1854
-3125
2306
1880
2753
-1043
696
-2700
-1277
2138
-1774
-876
213
1143
2318
1346
2755
-2692
379
-939
-1941
1576
1236
-2568
-2111
-3057
1712
-30
-2465
-456
2484
-2383
-1809
583
-1304
2826
-2402
-179
966
2948
2224
2457
278
1987
-2663
-695
-1868
-1617
-2216
-361
-2342
-3081
1880
2522
153
3076
-1577
1667
1425
1636
657
2821
-1618
2066
880
706
2981
529
-2299
704
-705
-3057
520
1662
-870
794
-1372
-1893
1661
2044
-1222
-454
508
-685
1411
1015
2682
207
-2286
2021
-1521
621
1355
-323
-2714
657
-1671
-628
-40
-2625
710
224
843
-3066
-1664
-446
1687
-363
-1678
-1801
-2752
-2400
1065
963
-1795
-1516
1355
-2169
1195
824
365
1398
2271
913
-201
2692
-1849
765
792
-734
-2857
1639
1199
113
513
206
-2725
-2952
2995
1825
1150
552
12
2702
2336
182
1617
224
-1354
-2854
-2990
-700
2283
490
677
-154
689
-1963
732
2154
840
-1838
-1819
-886
-700
1262
388
2960
2355
285
2625
-2399
1429
840
-2786
-1871
2703
-1164
2204
-2984
2767
-2719
1362
1894
3132
-408
-118
2735
-1420
1030
2415
770
-2782
-2527
-2072
-657
-3047
-862
-2033
-2072
2512
1548
1627
-2321
-645
2701
-1362
1060
-1453
2070
-449
-938
-264
-822
-1995
-2018
-3133
-2026
-2154
-1837
2621
783
3082
1973
901
-1705
-812
-891
1853
1964
1216
1086
2206
1622
-813
662
-2499
-755
-2874
2060
1943
-1670
-2060
-400
-2563
-1224
2834
3087
-888
-2246
-504
-229
433
-3001
-2917
408
-3126
895
2604
535
876
2283
-3096
425
2030
1276
-2691
1493
-1349
-1266
-552
912
2836
1936
1444
-1843
-1556
3095
-2395
1547
330
2790
668
809
-1385
-1390
-2624
-732
-2191
1437
-594
-1423
-1045
-1578
-3130
378
-143
-2468
42
-3009
-2867
-2395
-1234
-1286
-1046
2590
2795
1106
2996
2955
-536
-2908
-2554
-695
-1856
-2358
-3087
-1095
1363
-2205
355
1657
1223
-2870
851
-1200
2684
2042
410
-172
-1536
1291
-1455
-1442
354
-2320
279
744
892
-1133
-361
2397
-817
-2871
2380
-1119
1857
1439
-2135
1605
1406
1425
-2638
825
-3116
-1226
-1225
2317
-2005
1738
-1605
-416
455
-1103
847
221
1750
-103
-2040
-501
2787
2783
232
-1055
-2105
2183
1275
-720
-1282
-1315
642
-2107
-1894
607
1654
-1594
1532
1331
2060
932
390
373
-2338
-1264
1096
-747
95
-2407
2473
-1183
3026
-2390
-2580
-1993
2252
-1606
742
876
-1008
-2970
930
1636
2040
-568
2484
1180
-1030
1247
85
314
-1811
-1639
-922
1014
442
2115
960
1150
-2638
649
-3557
-4824
250
8540
-1992
-648
-479
-150
-1054
-763
2466
2421
5908
3285
4900
10841
-3157
1060
2938
180
630
-1928
658
-5210
7260
4545
2558
3659
1017
-4937
-206
-5180
-287
-4341
1765
-2698
6514
-3870
-7256
182
3723
1602
-1519
8873
-2808
-3040
-1342
-3923
-8
4850
3196
-6161
2635
-1135
-812
6762
1357
7053
-6930
-4557
5710
1815
-3434
5215
4194
-1762
5969
-7069
456
695
954
2450
4308
504
-478
-8030
2600
-1936
-884
5374
-986
318
-473
4722
3801
6390
3635
8251
-6498
-6949
512
-827
-1823
-3380
-9084
-3316
-4142
1015
176
6178
-5166
-218
-4763
1990
-1650
-1809
-6537
-1965
-2910
-1490
-899
-5080
395
2370
-3216
-1635
2034
-7147
1116
1572
-6595
-3516
-673
-9107
75
-9335
-5749
-2131
1985
3765
-654
-4179
-4603
-2368
-1914
2634
9076
-1470
-534
-2289
5798
1871
2103
-2052
3109
-2264
-1224
2557
-7543
-3448
-1850
1560
7650
-1305
5933
-4457
1985
-5262
-1663
2218
-2852
-6252
6801
2624
3580
3768
-3164
-17
-1842
4183
4076
3174
50
3198
-610
8279
1999
2859
-278
3523
9076
1096
7069
-1816
7121
12948
3386
-8524
-7900
1755
-8747
5848
1151
70
-1444
-8095
-442
-3278
-294
1719
1029
9645
568
-3004
227
2909
6634
4869
-819
2506
-1746
367
4024
-6322
-1803
4956
-5904
-1667
8297
-3097
-835
-8354
1886
-6802
-170
-399
-1978
-4186
1823
-2060
-2744
-3079
610
1178
-6739
-614
3389
-5560
1825
1250
2646
-122
-2923
995
-2573
3574
-3793
1882
2141
2714
6725
-4260
2468
-2474
3513
2491
-6302
-3774
-1136
-540
56
5454
1127
3773
4506
-17359
-1397
-52
1092
-1213
-4161
-8302
-4944
5332
-1227
411
8539
-8741
-1765
1407
-701
3528
