3093
2380
2838
-2354
-1911
-2174
-1649
-1366
1541
1033
-3049
2269
1686
-2775
150
1710
1162
-869
-2904
1232
276
716
2314
-2809
-2793
1989
1521
1890
-1115
-3043
-480
2699
3041
-342
-2975
2348
-86
1199
-1862
1067
2241
-1186
-115
3194
-2437
-3098
-1929
-3107
1080
1811
-964
2956
-1007
2689
-2928
-1720
-77
1488
-3069
-3024
-414
2129
-2880
-1623
2602
3075
2392
-2879
-2012
-138
279
532
1978
-932
2930
-2170
3185
-1954
-582
-1388
-229
2950
-2408
-889
-249
-732
-694
-2861
254
-2787
2722
400
-896
2743
-141
2492
-2669
2249
2011
-1395
414
-1928
-2244
-2980
2735
-1928
-293
-2593
399
-1877
1238
1429
3032
-1803
1369
683
-2370
1384
477
2514
972
925
379
1652
1270
-2115
1405
1865
-2301
-1143
768
529
-1397
-242
-2725
2841
1854
2137
1431
1226
-583
2721
-674
1250
850
-424
-2130
2773
-3253
941
-3148
-1237
2088
-2661
-2234
-664
1974
-1878
-1713
-634
-1607
-2343
-2441
1162
2003
2660
230
-1722
1356
2018
-1830
2011
2667
675
1838
-2673
-2010
-1665
2758
3054
-1760
-1219
1533
-2912
527
-838
-1518
-1780
-3212
-2166
-1847
-1181
-883
3201
2491
3086
3087
-3071
744
-622
-727
-43
2216
-206
1672
496
3247
-2186
419
276
-431
1116
-3159
-580
-3224
-893
2129
2430
-1669
-2799
-2243
2823
-628
-2798
1999
1416
-3225
468
-98
-276
2576
1992
876
3208
1368
2247
2990
2340
800
-2427
2640
157
1870
2169
2201
-283
687
-72
2383
3238
-3192
-2368
-2655
1704
-696
-1680
-2597
-1333
633
-170
1462
-1727
1783
-1906
-2779
-2189
-2950
1532
-2043
-1458
-2764
-2877
-964
2029
626
-1063
-2685
-525
-1627
-2117
3039
-1570
3017
-2801
1042
-20
-2129
-3025
799
2051
1668
-506
-1876
-1019
-1569
-3033
3219
-287
-499
3164
-137
1231
384
2705
3020
-1601
-2601
-668
-1527
-966
2096
1431
-546
-2092
-1942
-3273
-1159
-1739
-2389
-2718
-601
2877
1673
-2863
961
1818
1945
-2558
3069
1114
-2711
178
-2368
1810
-195
-2520
-2492
47
1847
2174
2401
-2171
2588
-440
-2569
2383
586
1007
2379
-2388
-2530
2913
2323
1013
-2611
-1646
1715
-1636
2436
617
-3088
-89
1855
-2460
2754
174
-1098
-2357
1611
1136
-1657
-1370
3057
-2944
-90
2899
-1957
-2303
3054
2600
1081
575
-1922
-163
-2206
-295
-521
2256
-2306
-2615
-1208
2868
2904
2398
-2322
1243
-2365
-2790
347
-2790
-3021
-1965
2305
-3063
2915
-2797
540
1075
2416
-539
-524
-1960
308
-176
-452
-1598
-2743
-1753
-976
-725
1619
549
2889
-1598
-812
2185
2783
2408
2009
2540
-791
3222
-3045
-2388
2914
566
-755
1526
624
-2319
-3112
1372
-3212
-3050
-1026
725
1470
436
-1413
2033
1953
2316
967
1545
3021
2451
-1681
-143
1531
-1882
-1869
2119
-1280
-494
498
-1766
-978
-2190
-3260
3171
-215
-1317
-2775
3026
-1801
-702
1284
2192
-907
-1596
725
244
-2547
-2502
1136
-720
-1283
2101
-2534
-2346
-1497
-2300
-824
-456
-2969
-1566
-530
-2535
3024
-569
595
-232
-1693
1221
2066
-164
-425
-1043
3115
-2764
-1053
-2482
2266
887
-1296
-1117
-2806
3043
2696
-2064
1038
801
-2222
-2959
-1417
3097
3247
-2115
-77
-2036
2372
3103
-485
1847
-1553
-2598
-1219
3210
-251
2448
342
121
982
3108
-27
-1761
-197
-221
-1341
664
-1642
2704
757
3054
1232
1547
-3170
-2226
-2603
737
1180
-1521
2830
-1084
2831
-1379
-588
-1554
2530
722
-1892
-336
746
1345
1744
2156
-894
864
634
2628
-919
-309
602
-1617
-1941
-2755
-2319
-1765
-2020
-256
381
1529
-326
-1084
-1039
-369
100
-2418
2245
-865
-2370
2515
1777
1261
-2156
960
-3068
-1078
-2429
3062
-3184
542
979
2575
1229
-2609
-2270
-2389
1420
290
-859
117
1779
589
2675
1732
-1107
-1025
2227
-2361
1841
1991
-2657
674
-2240
2842
808
2957
1652
1648
-1944
1323
-2837
1581
-2310
-2343
-1939
-1314
-815
2783
1248
-2005
2272
2479
2301
-1658
-162
-2610
-1817
-1500
-1405
2960
-2828
-52
-3271
-3188
-2322
-412
3068
-271
2422
-1040
2806
1793
3009
-392
2157
-2243
-768
675
-1083
-1540
1513
-229
2574
2018
2272
-1792
3228
-251
1701
-2309
1876
-1050
-2702
-2296
2226
1042
-130
3041
398
608
336
2088
-1107
3256
-3142
-296
1281
1198
2104
164
2714
1187
-1729
1153
-36
3011
2821
3253
1766
-2225
2791
2532
-124
-2986
-123
818
26
1279
-221
-1681
-89
746
-2320
2072
679
-600
-283
2278
-817
-3081
-1929
2033
-2408
1175
-2523
2840
334
-202
330
-2316
-2821
-661
-362
-592
-1501
1005
1743
1532
-973
-24
730
488
-1265
3225
1694
43
-4314
-2669
1894
27
-831
5335
2214
-277
2320
899
1454
-470
1632
219
-9924
-4996
-1139
-7764
-1316
-2823
-9924
-150
755
-2182
1247
4612
2368
8894
-2448
-5246
1596
275
-2448
-1808
1057
2786
-1566
-980
800
2543
5363
-3591
-1680
2504
-1856
-107
2912
-2060
-55
-2907
-6108
567
-494
-2314
-4815
3114
-169
-3059
-576
6894
4466
5316
760
-38
3198
-3076
-1380
-5935
-3784
-2388
2195
-1987
-998
-694
-4650
-931
1174
-2060
-937
4599
-3424
2781
1
2153
7404
159
2936
-3768
-378
3368
2343
-5526
1705
4734
28
-6169
1669
-337
830
1805
2123
4651
1651
-274
-4817
1618
7049
2237
-618
350
2865
1132
832
-2989
3551
-282
-3542
253
-3822
4341
1696
-2047
-1541
-195
-4934
2226
-539
9924
638
-165
-2384
2535
-652
-9924
2044
1677
-117
1600
1753
-2705
-1603
753
1661
-4408
1152
3747
6338
-980
-5480
-634
965
-2077
-3434
4440
789
2297
885
-630
-1861
-3107
-1591
-717
1095
-9924
1093
-9924
-7829
2973
-9924
3331
-9924
-6404
-7841
-2260
-9924
-8957
-9924
9924
-1497
-9924
6545
-9256
9924
-9924
1232
-6110
509
7355
-4155
9924
-5595
-524
