-1303
1150
-1352
1578
2572
3248
-892
-990
-2862
-911
-170
675
-137
1251
-1413
1498
2598
1284
-484
-1560
1052
-1112
-376
1511
3130
490
-2444
-2762
843
1089
2935
-2676
145
-575
-780
-990
335
303
1919
1697
-2646
1405
-2290
-393
-93
2450
1635
1821
-1676
660
-1300
-2596
-1227
-332
481
1347
2556
-3240
-3220
-2302
2828
-770
-1030
2257
2043
-120
1194
-2678
2857
960
-3113
-2359
-2545
2715
95
2289
810
1992
2112
-2297
-1178
-62
1710
-1960
784
3120
-2442
1088
-3033
-2493
-1867
-1490
-2773
1981
-742
-2618
1679
-3127
2172
-941
2407
-3236
2922
533
-3101
2260
-1756
-754
-420
595
-2166
-1360
1834
-832
336
1967
1348
2406
2032
-2080
2709
11
551
739
-1815
-2940
-2629
209
-2647
104
-2816
-2376
1565
2397
2020
2709
-1875
-3153
202
-2253
1249
-1280
-2145
-1421
-1750
254
490
545
623
-2038
-2399
1701
1580
-2057
854
1511
-668
700
3081
1683
2431
-801
-27
1132
-3217
-3024
2655
523
1431
-150
-308
-503
-853
1754
-397
1178
1137
1158
-1802
1163
194
73
554
12
-243
1964
-1998
1606
3169
238
-258
-950
-2741
-1968
-2810
-1327
-2586
2188
2705
2378
2837
1522
1119
-2235
1084
-368
-2629
775
2703
2891
-2173
-1163
-1395
-609
1458
47
1653
339
309
80
1490
207
-124
-516
2227
832
-96
2495
341
2150
2198
2924
-162
-2474
985
610
1459
2377
2591
2477
-2292
-2220
-509
-1693
-1911
-2076
-2071
-1048
-854
948
681
-197
-110
-895
408
-1567
489
-840
-3038
-2414
1614
664
897
-1222
-2775
-141
-2112
1838
2062
746
-1423
-736
2412
2067
2735
118
-2533
-1579
-1611
-2763
-2210
1848
-2049
-1264
2393
2349
-1776
2824
2699
848
-1819
1269
3191
-607
-1429
-1964
-946
2005
-3073
3193
-1211
-3113
-1359
1006
-2578
-1198
-1316
1984
-1548
2986
1270
853
1599
-1563
-93
2308
3267
-1140
2135
1097
2734
2883
-193
-2117
1115
-345
985
-3197
274
-2021
-323
790
2528
1199
-375
1840
2001
1447
1033
-2531
1044
334
1345
-853
1520
117
1444
-2819
-808
2843
-2424
-1041
-1370
-2865
-3249
-1667
-1007
-961
588
657
2577
2433
737
-631
1643
-3120
2121
2162
-541
-98
2849
2003
-1644
2086
2231
-396
-1649
-2368
-2735
-2780
135
-874
759
1038
1677
1991
-565
2634
1115
1195
2034
1141
-2290
-979
-1689
-3019
-802
2676
2530
-2205
-1070
-1707
1927
-1288
2119
1215
-3074
-2371
-1579
-3036
-170
30
-1932
3210
-428
2506
2499
-454
1016
3034
-2962
-1396
248
1622
746
-365
1656
1556
2314
-3054
-1362
-1577
-1344
-2213
2776
-1437
-1890
507
193
-84
2503
1796
-2092
2329
2344
-429
-2632
-640
-1267
-2370
-1245
-217
3234
2607
423
3216
2179
-1375
2901
1338
-2194
2890
-1451
775
-388
1297
-755
-885
-1927
-2587
2649
-396
1707
13
-2464
-885
-2088
2024
1720
1740
-1297
-1214
-2057
1973
3102
-2606
-2578
1649
-1563
-375
2397
-2006
-1148
-1069
599
-2404
901
1465
1234
2576
53
1753
1220
-2724
-2676
-3233
503
1404
71
1416
861
161
1101
-1179
3004
-2459
-113
2887
-1062
-2973
-1491
2345
-1336
-835
-2515
-1117
-1163
-2821
-2164
-2316
90
1384
1155
3126
-7
-3003
-1782
-1792
1329
1451
-406
2927
2082
1180
1427
-320
-2371
364
99
559
-24
-2852
-2786
-2827
-1585
-13
-881
1683
-2092
575
-3082
-2629
-469
2835
-1004
448
115
-1975
-1900
1140
-2369
3148
1887
-2394
2035
-888
-2502
-844
-2154
3067
-1433
-1990
-64
-812
836
1547
2903
-3276
1947
-1878
2597
-530
160
-2488
2745
-2691
2168
-3253
-2410
-117
-2233
-2058
784
-1435
-3176
1124
414
179
380
71
1694
1157
980
-873
1134
2686
-2996
558
1787
3163
-399
3099
2693
2029
-524
-235
303
-2359
1745
1822
-2718
1769
-177
-350
-2886
1598
-2687
1058
-1355
1585
2612
1884
-317
-1794
-1162
-827
1161
586
-1307
564
-2955
-1819
2735
2043
-1336
-362
-792
-2954
719
-1542
-3235
-3074
-948
922
-2009
579
-1837
-1504
-1844
-654
-193
3059
2157
-3094
1771
1856
774
-2550
2375
348
1285
645
2920
-433
-3090
-2691
2595
-3012
-2628
441
-3098
-629
676
-1351
2367
1861
-188
-1461
-2134
93
1739
2151
1242
3143
224
-2558
890
1367
2263
330
-1639
-204
-1945
-2358
-2772
3079
-2786
-2037
-2117
-2479
2319
2725
3049
2823
-449
-1055
1465
785
1680
2859
908
-1570
2452
-606
2409
1429
-2417
1562
750
-2945
-2161
-946
2831
-1637
-1005
-542
-2972
-1395
-3021
-2196
1668
-358
3049
3115
2988
-1229
233
479
-255
2036
-3208
1912
-2442
293
-545
-2981
1149
-1460
-1675
-529
-566
-2157
-1986
-2714
2043
978
-2136
129
-1719
-100
2891
2228
-1625
834
-680
-1655
-1620
280
876
-341
1031
2472
-3126
456
-2139
272
2195
1670
-1181
-454
554
2883
-193
-1284
-3045
532
1996
1100
-902
955
-374
1874
-656
1061
-2195
-2031
3102
-2670
-755
-3120
-539
1682
1273
1909
1106
1880
-163
-1630
-1730
-1317
2088
-1686
-1988
1275
2074
-2924
-827
-3134
-1118
3117
1840
2937
295
121
2146
-2840
3148
-2417
2853
-2287
1186
-1140
2773
-902
-619
-2660
2065
-1625
21
-2634
1713
-2738
-187
-2305
-2730
-2891
-2300
2590
2884
1661
2866
-939
1553
-3169
-772
-1478
-3155
2073
-447
-420
1857
381
-676
-417
2877
2913
1629
-2955
1954
-1990
-3176
1218
1686
-3202
30
-1968
-2982
-1281
-1773
884
567
-801
1623
-1573
-213
-1728
-1842
455
-3039
-1765
99
-2218
1001
448
2712
1021
2438
-2907
-2898
2228
-2247
-1633
-1992
-14
-1505
-1530
-1581
-2059
2057
-445
-3200
330
-1998
-3080
321
-541
-530
-1145
-1251
3229
-2878
-2364
-287
-368
-2542
-2120
-486
2634
-340
1351
-1135
330
974
-2682
1793
3157
2778
-1412
2857
418
491
-2421
-924
-2
2636
-908
-751
-2599
3078
-1839
2651
341
664
-2477
-362
552
-3218
-535
2645
-264
1971
-1804
740
2370
3222
-437
-2396
550
1999
-935
-550
-1529
2032
-626
1433
2615
-2888
2059
-3226
1306
-2980
-2257
880
1832
1841
1227
1441
1584
-1947
2059
2519
2769
363
1532
2238
-2524
-2466
1432
1510
-21
-2789
-559
772
398
-3118
-45
2098
1709
2170
-2821
947
-716
207
1213
1571
347
-94
-2131
-2297
-1539
-148
535
-1070
-2990
685
-1412
4
-2390
-921
-2219
-530
344
725
938
-498
1109
1591
-2406
1874
-1420
2311
527
2271
1417
2563
-2737
-859
-3190
2617
65
1048
3
2611
-949
1311
-2729
1425
2187
2040
-2633
-1822
1005
2704
-2332
1032
-2365
-931
721
-2509
-645
-2520
-1225
2465
-1225
-79
-245
1264
-861
-1107
-1931
-1723
-2418
-1742
1727
2115
-1447
-645
2475
-1439
2246
1378
-651
1236
1243
-398
-1687
-2360
-463
1955
-1788
-2327
2921
-882
1213
-246
-1331
-545
2773
2074
-201
1646
-1153
1889
-282
-3157
-416
3000
-286
-455
1866
-1017
-1933
-927
3151
-2455
-2252
-2654
1679
-1761
-1194
-810
1925
-1441
742
-1129
313
2021
748
-2337
3
491
2545
-2859
743
-1366
-1517
-3011
1802
1732
427
2095
-873
2716
-1724
2397
-614
-1603
-2593
2837
-692
557
2445
2563
-2246
2376
-537
-856
801
3028
501
-1297
3270
2476
-422
-2312
1795
-1484
1919
-1918
-287
260
-1682
-1025
301
203
3050
2137
466
-1204
3063
309
678
1250
-1681
2647
2060
2914
2932
555
477
-2102
-198
-597
983
3042
-3148
2722
164
-1679
1453
2663
-1619
-2352
2127
567
-2240
-820
-1
-1620
-2980
-1348
-2213
2421
498
1169
1019
-2087
803
-377
-93
168
-2403
254
900
2300
33
2421
2075
1439
-409
-2330
930
1735
-3132
-2149
-3120
1943
-2735
-451
2634
-1452
2400
1492
-945
-1241
-2989
-1253
-1822
-446
2925
2560
2987
-544
410
-898
2636
469
2896
-858
-2949
-2196
-3038
-1263
10
1117
1697
1698
-156
-600
833
1280
-847
2340
1145
484
1184
1568
-2404
-1036
1530
-1025
398
-2365
-2303
1690
-2416
-1828
209
-2803
375
-1930
-1149
2492
956
-798
1189
-381
-1063
-3197
-783
100
1548
3010
533
2321
2815
-158
-2864
-34
1390
-466
2546
-500
827
-359
-1040
-1406
-690
-899
806
-416
333
-2188
-824
-1114
-2211
-2852
2891
58
-1841
514
-2777
-2046
2768
786
2419
497
2310
-1172
1959
-47
-2212
-1221
924
414
-867
1226
-2362
255
-1907
-2275
-2643
1302
1726
2385
1632
203
-394
30
-2849
1495
3045
-1396
534
-3064
-1034
233
-2601
494
-587
1562
-1900
2488
-2528
641
-1824
1894
840
1926
1359
3050
-108
196
2083
1299
1294
-1685
-3081
869
2505
-911
-822
-2513
-178
1314
-1390
1204
-2963
-1114
212
-2464
2751
1420
2463
-2361
-2560
2588
-2716
-1047
-1664
-1376
627
324
-3156
2217
-512
-1246
-496
434
2562
-1086
757
-2709
3161
467
3015
3247
-2120
-2146
-2789
749
-1009
-2324
2637
-808
-2523
-3214
-3141
-1559
-944
-1393
-2005
2507
516
1560
137
436
-2168
-2159
-720
-3090
-1492
-1418
-2389
1106
2412
1541
-910
-1103
-420
2263
2264
-1502
1
-1132
275
1440
-2910
905
2960
-1657
-2598
-536
-3234
-2878
-2092
-11
-2786
689
-970
266
-1758
-2938
3087
2805
2741
648
-2714
1441
2192
146
-1042
879
-361
1879
-2818
-964
847
-2091
-929
-1843
1244
3059
-1509
639
-2438
-1546
-1314
-1794
-226
-3019
-1951
3213
1014
-2787
-599
1855
-1495
-2691
-1177
2819
-133
1805
-931
-1085
-19
-1446
-237
2949
-110
-1264
1673
2892
1491
-2265
132
-1338
-1624
-1790
-396
-2818
-224
1732
-2461
-1315
515
1945
-2716
1437
375
3235
2646
-289
2053
720
704
-1377
38
2768
412
-3225
2792
2185
2098
-2161
-3007
-64
-3236
1623
2212
1368
2504
-319
1998
-2869
572
1881
71
796
2366
2846
-394
1409
-22
298
-2176
2302
2870
2909
-1312
791
-898
-481
1325
-369
-2061
-73
1931
1821
1490
-2125
-1857
-2824
-1996
-2270
-392
-2884
1920
651
-321
2790
2221
-1432
-3124
136
-1835
-1450
-2099
1427
1980
1898
1068
-3157
-3028
-770
-2406
555
1697
524
2478
-1352
57
-1044
-2418
716
1882
-482
2784
2968
-790
74
-2889
-535
1962
-2531
3193
3116
-704
1848
-659
1699
3253
2121
1347
-648
2957
-2990
2469
3215
-620
2101
-433
783
-89
-918
1161
-3125
134
-2410
3029
3219
-2169
-522
756
-1993
-249
-226
-325
2127
932
-730
2483
-150
-1919
1176
-2948
601
3267
1721
-2984
-578
-1909
3067
2625
-1489
949
-44
-2462
-701
2215
-2219
-1406
3201
2972
-2264
765
2840
-1041
-745
-3023
712
2963
2205
2014
936
-1013
-966
1183
2333
3154
2545
-1236
2220
-1354
-158
-1472
655
-345
2901
151
2379
3208
2369
1531
-2614
1812
2863
-55
-2465
-524
1229
1573
-3152
-2939
3176
-1756
-1685
-1910
-1483
-677
-326
-1103
-2589
-1662
-658
1378
2469
-2142
44
-1431
-451
2526
1040
1667
-3240
-2923
-1622
-1237
-357
-248
-2622
3180
347
661
-431
251
-2819
-2340
1706
2108
550
-720
3041
-247
-2015
3238
-3035
-1719
-984
-936
-734
-1645
-1917
-2902
1199
-3167
-165
-1174
2133
-925
-156
-1237
1360
-803
455
-735
3228
1971
1095
-2034
1313
2629
-2068
-884
-282
2262
2048
-2315
-2613
302
-1471
-2338
-1017
1592
-501
-2401
1819
1186
-951
-2662
-3233
-3102
722
-1431
-871
-1192
1837
-138
-782
-1053
-2171
-2760
-1154
-2719
-2500
-909
-2233
185
90
-2305
1294
-2375
-930
1011
-2269
-1093
-2388
-337
-47
957
2480
-1018
-2840
-1546
-2702
-239
2045
326
-382
-562
2278
-795
-41
2840
647
1843
-2467
834
-1101
-1485
1689
-1477
-1960
1683
3252
827
665
2549
2912
3177
-988
-3113
3199
1071
2651
-2290
488
-1971
1103
1561
705
-2953
2272
-325
-181
-1615
-1739
-973
-1313
1236
3040
155
508
2355
-3098
2743
1588
1424
2487
1995
-826
3053
-3140
2298
1164
-1633
-2325
-241
-2215
2744
1073
664
-1538
15
21
-2062
-2059
-815
-75
-1254
2922
2927
730
957
850
-124
927
-2842
2848
1488
1954
-3238
1619
-2363
-1086
-1805
-1491
-81
1104
2304
-2390
-1870
-717
1420
-3032
1771
-2907
-2141
-1131
2386
3229
-424
-2075
-1405
3217
3153
2428
580
-1619
1370
860
-854
-2279
-2840
784
1607
1119
1014
-2189
2709
1099
1827
-987
2844
-1414
-1110
-2265
-2148
-1041
-258
2511
281
2532
1307
-974
-1173
-2980
488
-381
-994
-2362
-84
-140
-866
-795
-3027
2232
-1134
-439
-1482
-2021
-1955
-337
-587
-655
-1056
2894
-483
2251
1357
1997
-721
-212
2963
2446
-213
-492
2433
-2922
-2649
3078
2119
-1373
743
2783
2989
1305
1521
-94
-2391
-437
-1678
-2866
2518
1796
1657
489
2836
412
445
2579
1597
2237
-7
317
534
-489
-1173
1886
-2220
-1309
-1760
-1504
-3236
-1997
-905
-1939
544
-142
3070
771
2837
2565
-493
1354
-1631
-1223
2283
-1688
202
-2898
-2505
-2098
1653
-2865
2057
2788
2599
-2863
594
2287
-2069
1780
-1072
-2758
-1159
1910
859
413
-422
-1164
-1484
-1987
315
-1938
-1553
-425
-3040
2315
-1809
1082
-2888
-500
1689
-531
4
-1139
-2354
-1790
-256
-2838
-3207
-2397
-2433
1321
1268
321
-2734
-1659
-3136
-1424
1012
-3071
-164
-3222
2096
175
890
-1756
-3208
3094
-2130
-1483
-1896
1168
-3172
1396
-1727
-893
157
3153
-2436
-1795
1684
-564
-2450
-475
949
-893
-288
-344
-1093
32
850
1477
-3151
-1342
-1274
-497
2597
-2047
-2108
-344
-2079
1573
-2362
1363
-462
-1319
1685
-1089
-1240
1955
2634
-1981
-1637
1314
322
-693
-2010
972
-2338
-1097
2249
2779
-689
-2627
-1955
2619
-517
1072
940
2969
-535
792
1951
-438
-1503
-1586
-1279
-3123
-1209
-3109
516
2022
3254
557
1113
1704
-1559
-745
-1179
-307
-1503
-646
-2688
269
3111
702
1840
183
-2407
1606
-1007
-1751
-2329
-1334
970
-1143
3010
-1003
2909
-337
3021
-764
2510
2016
-1071
1838
-1121
-2857
-2257
1699
2426
912
2150
1391
-1290
-1666
-1707
2072
-599
-2045
556
-1809
-451
-2019
585
2977
-1624
485
2532
-2106
2215
-341
2747
1293
2754
-2197
-2697
1027
3020
-422
-809
-1419
-1309
1554
2854
-1496
239
-708
-2285
-3041
2757
-704
-2974
-2148
-2157
986
-1568
1810
2597
-1557
1025
-1403
369
-2337
421
-2180
-2635
1435
1022
-2870
-2753
-3269
-102
-1640
-3039
-2230
2187
2281
-269
705
-1658
2668
1529
-2236
416
-1222
-108
822
-3237
-2762
-1752
215
2306
-2674
2966
-553
630
2199
-1853
3152
2858
-98
-2561
-2239
-1799
-938
-724
-1517
-5
506
-1437
1434
1116
-1080
-2206
-2709
2706
1089
-311
-926
3157
1899
-1419
-2366
-2427
2590
3003
1552
2126
2225
2759
1894
1360
2842
886
1404
701
108
-2398
1756
-2495
-680
-1269
-1160
-752
-790
405
-2477
2636
-1380
2728
-584
-2809
-3079
-2748
1210
-972
-162
1123
-285
-2523
-412
-2890
2199
-1328
494
-3184
-2325
238
1903
-1141
-1029
2015
1737
1537
786
2668
527
3137
-661
-1661
-1715
2247
-2737
-2512
-2994
1793
-1087
-1369
3265
-1108
-3274
1948
2565
1246
1773
1418
2255
562
-1072
1440
-1504
54
-1611
-378
-410
1572
1181
-2763
-1136
-1756
766
1352
-2319
2668
-2098
-2857
727
-2087
-2317
2786
-1024
2315
-2318
1678
-2422
672
-1592
-2295
-1105
-1815
3135
-1910
1943
-1567
-79
-1083
1980
-2203
-2652
1530
-2063
-3058
-1040
467
1223
2829
-2273
3048
2627
414
3031
975
2845
-91
1209
3263
-620
2989
1691
2756
777
2930
-2053
-1573
502
-1366
-1753
876
-1497
244
-1029
718
1938
-1910
82
2409
-3214
1496
-2250
1024
-531
-330
1410
1772
-2650
2371
-607
493
82
2443
1536
-155
1948
1282
-1653
-318
1601
-1634
860
-604
-2329
1367
2016
-980
569
-1321
1131
-2260
-715
343
500
-2416
-1764
-1335
1858
-1615
2951
-3095
-577
1055
-249
3018
-2280
-2341
1608
-1272
121
802
-2393
987
2437
-2592
-53
1835
1479
1663
-1472
31
-1450
1403
281
2905
1408
2712
-1584
2485
2915
-567
-274
-2236
-1390
2147
-232
-1587
2971
2465
-278
-3109
344
-566
3241
2659
1196
183
-2605
1532
-211
-2531
-3026
1240
-1486
2092
1660
-2834
-2099
2196
1535
522
2006
-1158
-838
1233
1453
-1139
759
1511
706
-1962
563
2289
3029
1031
2788
1811
1953
1994
1693
269
-363
-583
440
-1303
2463
394
2733
1865
200
2652
-918
3265
-299
-820
-548
1324
1013
-2778
655
1396
2606
-1328
-1209
2288
-1774
1302
2155
393
-804
1181
550
877
-1543
2682
1702
-428
1090
-1002
-1606
1487
2685
1906
-1358
2251
1615
2366
-1455
-389
-1276
-2375
3102
1983
1605
1136
-796
-1057
2993
-916
-1940
540
-410
-1819
1977
1288
-2774
-3188
1941
2314
-1406
2651
-1703
1195
3248
2142
2252
3143
2926
230
2975
2569
-2455
-1293
9
2030
269
-2176
447
-724
2096
2420
309
-1042
883
2683
2217
1673
1745
3199
1545
-875
944
2356
141
1028
703
2504
197
-152
-2035
-2532
-1592
471
-2102
526
2265
-2891
2107
2569
1575
-1944
2873
-2132
-3013
-1
1406
-196
229
-2557
2524
-1567
720
-592
-2788
-1333
3223
-1138
2882
980
3149
369
-1413
747
605
-1390
1737
-1476
2864
-1209
-831
2545
-2749
2695
1619
-649
1235
-1621
-371
-845
-921
532
-2128
-1239
-1120
-316
-1868
1890
1767
-2741
-243
2121
1556
710
2405
-732
-1801
656
-1313
644
1106
2281
3072
-2043
-1309
-1342
782
-165
-751
-1361
2373
1802
1579
-2183
700
2605
817
3023
3178
-1385
-118
2097
1633
1506
2566
1459
-1754
2675
-1283
-924
-1184
2871
78
-2911
-2157
-1868
2795
768
2025
1509
-2681
1397
-1525
1936
521
2747
-2782
-2439
-2338
46
82
380
-1742
-273
609
-1377
-872
-2021
-625
-545
2390
1369
1819
629
1019
3171
-1855
3256
47
1734
2042
143
316
630
2410
928
-3106
1834
1278
1986
-1266
-1457
462
2246
1510
3214
-3111
928
2678
-2296
165
-2572
1550
-482
2557
-1073
232
2989
-1334
-1380
2416
2486
607
156
67
-2905
-1535
-3075
-2028
595
1356
-2718
958
2577
1773
2672
1416
3017
2609
1059
2284
-2621
2529
425
2001
698
1342
131
1218
3027
-57
647
-3099
-3183
2416
179
-1091
-1549
-446
-1886
-2532
505
499
-2091
-480
-2615
2673
655
621
1205
-1733
568
3004
-1919
-947
1981
933
2967
2376
-1890
2290
-2206
238
2218
-1255
262
2369
-373
-2357
515
-2867
-2986
1391
2756
1734
2046
733
3257
3096
2548
-210
3196
2230
-524
2197
-2495
-26
2979
-3155
-2751
-1951
-2012
1213
779
-2271
-1497
-1293
-534
-355
-789
1337
861
-71
1472
-2999
1794
-1591
-1878
-1082
910
2996
1231
-1309
-1164
-3048
-89
-1896
-2331
-1971
-3255
2421
1229
992
1012
-804
585
-321
-1483
662
-1487
-2043
-2721
837
1463
-2087
-1962
-1171
1043
1426
-704
3166
-1950
3263
-2137
1873
-2897
3121
811
-1743
605
-1435
-2478
2586
-1883
1142
-3050
288
-1476
939
-1882
-1662
171
557
-1928
1775
2130
-2255
3132
1799
-2247
-226
-33
-1565
1319
678
-1966
2508
-1931
7
-104
-1765
1544
-141
-223
913
1861
2669
559
-750
-1072
1740
-2430
-1622
-292
1226
1134
-1358
3182
-2778
825
-2026
2443
1698
3138
-2330
575
2654
189
5784
1588
2671
5599
6076
-1001
4102
6814
14295
-1119
2054
437
7926
3372
-1033
2433
13280
5525
-3633
3401
7142
4809
7729
2486
2242
8406
2234
3117
-512
7016
5341
3020
3
-1287
1916
630
2426
1040
1603
3178
3381
-3877
6228
3677
3396
7161
-486
4996
1789
6712
-3088
-931
6889
1743
6722
8417
657
-104
9051
2553
4404
13059
14461
3822
121
-2443
4521
67
1546
481
2658
7882
7180
-4785
4062
1100
4254
1515
2968
6335
2735
7601
-5656
5648
5751
1809
-354
10515
839
470
11887
3066
3144
12409
11602
2558
-276
1661
2325
252
1928
627
1287
6657
3008
-6226
5146
171
4443
3455
-432
1494
1064
6381
-4843
-801
5633
1750
340
8859
916
846
10030
1528
3745
12805
11116
3391
-338
-2246
1978
-499
687
1616
780
5147
1759
-7452
7525
2520
6757
1104
628
6488
3241
8370
-4819
5892
4385
2225
3973
8714
557
425
11732
2378
3472
10548
13215
6139
3404
1097
1291
-1511
4181
869
1098
8258
6138
-8110
3408
1976
3463
5949
1149
3515
5061
6081
-5374
-870
7758
1236
3200
7375
651
3255
4506
3300
2721
12374
9038
5595
1481
-727
5208
1381
279
1486
3894
7822
7389
-7312
1530
3157
3342
1675
-709
4239
1049
7488
-5112
5537
6442
2404
872
4138
939
313
7600
3961
2042
13947
8550
6518
2095
-333
2318
1663
886
698
1716
13454
2793
-6455
955
1505
2363
2109
-1968
4198
1975
5530
-5621
-844
8025
2905
90
4707
6016
1234
7650
-223
1611
12820
15168
3603
2076
755
10094
937
1662
398
4093
4199
2234
-4826
2914
1921
1420
268
876
6406
1746
7161
-2275
5427
5901
1245
-82
7258
3202
582
8469
2792
2734
11212
14624
6399
4735
-1118
3266
632
6472
53
1778
5532
2594
-4397
2301
-166
6647
6889
-967
7662
3868
6608
-4000
-583
6265
3764
4863
4209
1476
4175
4829
2600
-347
11157
7989
8236
4550
-261
2738
-398
831
369
4101
4833
3668
-4066
4181
984
3402
1746
1706
5150
1839
7102
-4556
5128
5581
1768
444
-1762
728
1175
7371
3770
3453
10290
8528
2524
9157
-3739
1886
-787
1164
708
3864
3933
4050
-2725
5363
221
5029
10091
1120
10621
2108
7358
-5812
-805
8741
1753
458
1669
479
596
5006
4745
1057
12400
7132
8462
4122
-2307
3381
349
781
911
3875
1711
4247
-4918
7841
1256
5522
2303
4166
6711
492
7352
-5751
4414
4536
1327
-102
6753
920
460
7165
4223
3298
9715
9098
4148
6774
-3235
1923
1369
1997
306
20
5549
2236
-4230
7584
-313
5470
5800
-1305
647
335
7301
-5619
-837
5161
691
801
7997
3815
2526
5357
4143
3447
9151
7934
2604
8236
-1752
1623
2265
601
139
-16
1474
1208
-4854
5272
897
8953
4188
1418
10462
997
8176
-4813
4647
5182
3186
166
5012
458
252
6178
2422
168
6190
11475
5129
7429
-1331
1187
773
512
333
3204
3254
2487
-2179
5682
1180
5777
4975
-897
9319
1493
7522
-1467
404
5846
2133
-306
-1537
571
332
6084
5205
1744
9218
12015
2587
5495
-857
4740
-143
-269
47
1886
4113
9234
-3295
2832
1072
6440
2605
4405
11054
97
8749
-3528
6366
6052
4843
-571
-4587
947
494
6000
5143
-894
10602
6318
2056
2345
1557
6902
-54
694
1950
2341
1512
5356
-2166
3446
-55
3350
4114
3414
5756
333
5082
-804
-584
4500
1736
96
-4391
968
692
2270
3170
2821
9777
2806
3283
5589
-3281
8645
1948
815
-422
1808
2980
2718
-844
5819
1027
7459
2673
74
11971
1982
9282
-1231
6266
2653
2543
56
471
893
1156
8740
2926
412
10747
6121
4961
1955
-1304
1678
1441
2345
743
-828
866
3253
-1239
9693
546
6971
2831
-341
8693
645
6861
-1270
-624
1403
638
2342
5793
754
1050
10003
2336
2695
8387
7556
2438
-187
-1948
3763
6336
508
610
-3059
1093
2855
-1862
7771
1605
8686
20
-183
7027
318
6297
47
5139
319
2228
-196
6355
1095
742
9216
1175
1329
7906
7684
1335
4538
-2501
7486
1839
1502
266
-1265
-852
2291
-1910
8409
4430
1459
3925
-2623
14052
260
7744
-331
-82
2254
1302
-657
4061
13
949
9642
5323
2429
10156
9335
7797
6905
-1178
2184
7787
119
1696
-2022
2761
2370
-2652
6455
-255
10677
281
-114
10955
2832
7084
-1037
5187
2802
5421
751
-2967
819
1103
7956
1146
-2310
3947
2981
3131
5806
-593
1541
44
-291
-254
100
2085
2195
-928
10492
339
952
1499
-2595
10128
863
5534
214
-532
4714
1305
403
-4692
470
-22
5105
2043
2043
5034
6018
797
5339
-2404
7870
4153
-181
-143
102
2253
2669
-2298
6900
466
8939
602
-1275
16300
1393
8554
2766
4752
5355
6364
531
-4629
668
666
9080
58
-2411
5773
4891
4847
6114
352
1798
-426
304
706
-216
6050
2205
-3303
9838
2529
1863
3136
-1149
7500
721
4680
879
-703
3427
-223
502
-4271
795
932
8583
1703
1918
8629
7413
2481
12934
-3143
8095
3631
-386
2646
-337
1133
1890
-4184
10253
4270
5783
1295
-755
13331
369
10030
-2534
5746
2417
4134
-488
-4678
675
660
8332
3463
-31
5911
6925
4411
15282
978
5667
-229
532
753
-1090
-625
1757
-6291
11870
909
4781
8444
-580
12014
1028
7376
-4426
362
2610
1356
-47
-2982
973
1648
7577
6555
651
8812
9122
7451
8439
-1499
5823
227
1091
4976
-2371
-1056
1879
-3366
10860
-198
2848
2532
870
10869
1044
7693
-2212
6145
1399
45
819
2630
953
830
8498
4942
2528
6922
6796
6262
5313
-1337
2765
-139
947
423
-2018
3858
1544
-5224
11104
112
2294
5443
-873
8066
669
6537
-5203
-516
-471
999
227
4909
650
826
6713
3301
2922
7718
10495
1729
7530
805
3563
2183
257
1785
-2322
3568
1429
-4169
11754
2047
6580
1292
11
8384
2303
7939
-697
5436
-1418
261
-48
1504
897
1792
11950
773
2094
7002
11251
3253
3405
-167
4354
2857
863
1727
-3441
-597
2273
-2863
11315
3183
6290
3612
767
17069
1474
7955
-1406
-195
43
4286
-318
-2984
589
2264
7388
4293
-21
4966
4894
2454
6430
1531
3930
1198
5329
3001
-1629
116
2804
-1463
7852
-1209
3810
2464
-245
11158
3608
7114
6592
4647
3061
2090
1696
-3129
627
750
2961
3071
102
5963
5388
1462
