1200
-2124
-1
-305
94
-3081
1001
3224
2219
2726
-2069
-576
-1116
1820
2425
1244
501
1664
-1982
-2746
-428
811
-2122
-2611
465
3225
1220
3065
-385
1494
611
-2282
3000
-2241
-1327
620
-1660
1508
2051
2613
881
2120
2777
-1304
-2869
-849
-3258
1498
-2813
-990
-1852
1187
-1014
-3063
2471
1814
-2341
2678
-2854
-671
-2641
-777
2075
-1505
-2467
-307
-686
129
-187
447
-382
-675
-2315
-481
1123
1736
944
-1225
-322
-2422
699
1320
-1887
-1853
1220
-139
75
3109
1356
637
-3244
-362
2731
2174
1187
-3044
1051
728
3070
461
-1117
-462
3161
-2134
-212
3159
-3157
-510
275
-2676
-1931
-243
2755
-3070
-1497
1997
-2318
-2690
-722
1724
-101
-1245
-1108
3125
895
-1139
874
-816
566
-2048
-2321
-954
2450
3059
1710
-1054
239
706
3196
1207
916
1373
761
2381
-1578
1989
2422
3011
-113
-2516
-1768
812
-447
-3219
-1712
43
215
-3018
922
-340
359
2359
1806
-3000
-1356
97
131
142
1664
1475
2509
13
-2490
1276
3017
-2899
1685
-1530
-2159
-2668
3034
3175
-86
-3162
2812
3222
1536
1036
-1509
962
-3065
-1219
289
769
-1800
2494
-417
-1631
715
-1229
2336
1331
3124
-191
-1983
-2183
70
-2088
-1465
-1343
-612
-2847
-831
-609
159
347
1583
238
735
-1374
1292
1491
-1630
1087
-1283
653
-629
-1407
1703
2010
2850
-2025
3058
-3240
1683
2656
2862
-593
3063
2885
2677
3130
673
2566
-1642
1278
-1099
-2747
242
-2125
486
829
613
-2244
2499
759
370
-1832
