-2613
-3139
2099
2524
-2904
2576
970
-1415
226
684
286
-2208
1598
-2767
-1957
1372
-2317
621
731
2687
-2586
2467
2950
2088
3273
-307
-1890
2583
27
892
-2103
-1828
2049
-2514
-1492
1612
-863
1743
2363
2963
-2340
1100
-2092
1812
2302
-1838
-1375
367
2163
1308
2971
2600
-1573
239
-372
187
401
-995
2119
2861
-771
1661
-1031
708
-2129
-296
-3007
-1760
1115
30
-1936
886
2166
2321
3150
-2871
-1899
1780
510
170
-2884
-1466
759
-1474
-2937
1232
1076
-2285
-2264
-1927
-186
120
1389
2667
-1611
-1635
948
-2238
2207
-2332
-339
207
2140
-75
1086
485
3137
2272
281
2891
1895
-1425
1740
2923
-476
2761
-1910
-202
2718
1424
2257
3241
2197
-1001
1181
-1951
2430
-2690
-902
-1758
-1657
-739
2576
-2319
-1141
1980
1483
2190
-1386
-2752
-2626
-520
2906
-1706
-2689
1804
-52
-748
2470
-2294
-737
2344
423
2739
914
374
99
-583
-630
-2179
-1113
3195
3217
946
824
-2864
-1431
1734
978
2202
1746
1428
775
-1117
373
-1370
2440
2185
1309
1365
1797
-2832
217
-1565
2719
-566
-1115
-2970
-1580
1618
2924
-2127
733
-721
-380
1096
-2963
1770
1185
2796
983
-1465
-3257
1720
-2596
-426
-503
-1848
76
100
-1030
-407
2387
-18
795
1979
2507
-2350
536
1851
-34
-1299
1535
2392
594
-641
-1842
1809
-1283
1284
1189
-2408
-1459
-3252
2306
-1855
-3154
-667
-2025
-1774
2183
-3254
-92
-196
2509
2952
-1862
1401
-1005
2916
2821
1944
-124
1852
-2298
-1002
-2532
-3154
137
1603
952
1021
-261
1697
2660
-1794
-779
2860
716
372
-1983
672
-162
-1081
410
2421
-2056
1038
-1892
3047
-646
1924
-1278
-2252
1919
-115
2147
-1677
3046
276
-2196
402
-2936
2002
-2004
3181
-2982
-818
1199
-2214
-2087
1165
-373
-1886
3103
211
2242
-1282
686
-269
-3231
1708
3026
740
1183
-186
-1259
-961
-422
-414
2834
3172
-1106
-1708
-2604
201
-330
1855
-42
-2826
-346
-1029
-3219
2169
677
1187
-1956
3044
-1218
1974
-2700
-293
-2407
929
685
496
1945
-2768
-2519
-2075
-2111
-580
1610
-2412
593
3028
-634
2979
2809
-1140
-3024
-1484
1119
2809
-874
2092
-1479
1256
1020
349
1215
3103
-2921
-2477
-2099
-911
467
-1033
-366
-2718
10
-1486
663
-2102
-1771
1659
-1352
3045
3005
-3230
1542
-1677
1310
-86
2204
-2833
-1684
-2705
-1136
1545
-1264
-2898
941
-3
-1314
2869
3048
-2995
-950
1666
-423
1268
-588
-2434
2430
-1564
1206
-1097
-341
-2022
1296
-2669
1787
-957
-168
-2368
-2773
-2732
-1844
107
-1180
-406
-73
-2369
3021
1655
-1646
1366
-2145
3176
-2301
1966
38
-207
-571
-2757
2938
-2780
-37
-2531
-335
2894
1357
398
-1892
2354
138
-2779
-3258
-1496
-3021
2031
-166
1063
2028
-2345
2729
-738
-1291
-2911
688
-2863
-3085
-20
-2701
1884
1284
2672
398
-1248
-364
2584
-3049
827
-229
69
-3082
-2496
-1463
1498
-2248
-2126
2852
476
-191
1709
1433
1459
395
1681
-1442
726
-868
-2365
-435
2831
-2639
353
1991
1532
-2427
-2025
-619
1892
1488
1484
2468
-970
397
2654
545
-526
-2319
2158
-127
721
-1458
-2250
2454
2339
-1636
2975
-220
-2642
-328
-1554
-1884
1063
1720
405
3139
1210
-1636
-1466
2714
1987
1046
1790
974
-135
-2141
2745
1535
2904
-1908
-246
-3047
-2875
-1371
-2690
1695
2123
-3226
-659
4
1438
-863
1796
1612
629
-77
-1919
1237
-1580
1088
-3128
2815
2408
2337
-1207
-2935
-1405
689
3150
-1793
2907
2245
3155
1858
-2215
3092
2255
2187
-2493
-2848
2157
-2989
-2762
1500
2619
-39
652
927
3162
-1428
-1822
2692
-735
3044
228
-1516
1876
-223
-1082
506
2793
1310
-1478
322
885
-227
-577
221
-482
398
-610
-62
-518
-1687
2314
2358
917
-1094
-1441
2406
-1815
390
1968
-403
1251
-731
-728
-3199
2664
-2088
-776
426
1801
2178
564
-3058
1006
537
783
527
-1090
120
-1931
-3055
1920
-1658
2284
-2149
-1293
-1280
2492
-2393
2877
2566
612
3264
1431
2668
547
1471
65
-1765
-2931
-2919
942
877
-2327
-1210
527
-2137
-146
-681
567
-938
1109
-1629
54
1276
-70
-799
1365
-3186
957
339
-798
-815
-1257
-980
79
2968
2139
150
-1391
2406
-2348
1861
38
-1573
3255
1941
-961
-894
539
3033
2249
3255
-1672
3097
2302
-2016
838
-484
2338
-1098
-1707
-2982
2873
1202
-621
1223
116
370
665
-1681
-486
1199
2261
692
2786
-582
3219
221
28
3273
-2186
2967
3093
412
886
2569
-2213
1989
2360
1421
-2627
-440
-1388
1175
-1768
484
2526
-1661
825
2140
1806
-210
-693
2324
889
2830
1663
-1917
2648
2186
2276
1819
-2731
-725
-1811
2425
2876
640
-3129
2082
-2128
-2757
-1650
-1354
1776
379
1569
569
692
2218
-335
-2655
2197
-2717
1651
-517
-1841
279
3276
1812
1561
-722
-1726
2723
1346
-2975
2467
2505
39
-2427
-2202
-1780
-1029
-636
2150
788
-501
2205
2090
329
-339
154
-814
2747
3137
-77
1259
820
-2003
1681
-1620
-134
-2323
835
1281
-969
-157
-1155
1658
-973
287
2735
-3120
2892
-2380
-1537
-2733
-1271
-1119
1194
-1255
-3037
2461
1232
1784
1460
-1760
1231
28
2837
-1163
-88
-695
-1016
-1337
1160
68
-1976
1414
1997
-2960
715
3144
777
-18
-2423
-1909
2611
-367
2896
71
2780
-1494
-764
529
-1581
2750
-314
-3008
3115
-51
-469
1726
-1747
-1258
-2569
-673
-1072
-2930
-2157
-2187
1933
1045
-320
-2577
-3053
1719
-290
-1220
-776
-2828
2389
-84
-2033
-791
1593
2774
55
-2793
2396
1868
-443
-1327
2826
1363
2413
-2780
-961
-971
2614
-870
1524
-2413
1026
-2012
1647
2955
1514
395
1827
1012
1816
60
-2331
654
560
430
-808
439
2061
-124
-1877
1303
-119
-2561
441
2145
-480
1519
-3126
2153
-1579
1791
2942
-1059
123
-1163
1886
-30
1678
3154
1565
-290
967
1456
3032
-739
3166
2533
2622
937
-1153
2373
-219
-3154
3195
-1035
1975
2643
-1180
-2225
1194
3115
-2841
2048
1084
-1293
-1419
-753
-1208
-1701
-940
-2920
-1866
2021
-2705
-1016
-1021
-1529
-1415
-1243
-1592
-2576
3102
-3071
2906
-251
2787
-264
1988
1852
-124
-61
-3232
-3162
2197
1491
3246
-1865
-2164
3200
1959
1922
-527
-1830
-1194
-1599
413
1772
2444
3000
-1934
1535
1739
-3035
2180
1612
-2355
937
620
1382
2583
3222
-56
979
1972
-1175
-556
-1953
-2537
1046
1476
-49
1727
-1620
276
-1152
-2702
2274
-1776
-83
-411
922
3133
-710
483
2442
-775
1198
1501
-2566
2661
-2349
2531
-2246
1825
-1733
-3038
-3034
-2577
-878
-3054
-2654
-1665
712
112
-785
1862
1744
2466
1850
450
705
-779
346
2129
3104
-316
66
1024
1044
2937
-3188
-2936
1772
3194
-2337
245
2678
1726
1440
-2447
-826
2661
1455
295
-1936
-990
-3173
2705
-582
2344
-3127
-2986
1374
-2924
1282
374
1381
-2542
-2694
-1398
2012
-58
1557
-2288
3006
-139
1332
2920
-1404
-2609
-1267
2884
2787
2701
-2470
2779
2019
-3026
2697
221
-2676
2912
-935
1946
3132
-2453
3000
-3262
-1208
237
-1127
-185
1619
2401
190
-1888
-1370
2285
-1929
-1135
3233
-3218
2536
2290
-528
2736
423
44
-2728
1705
66
785
1924
-128
-1657
148
1544
-193
-506
-280
1010
-2719
-2729
2407
1995
-1772
3011
2777
-338
-281
-729
-2397
-1957
-871
-538
895
-2135
-1151
1695
77
1536
1220
172
-1817
2755
-89
-2881
207
-121
-2665
-1964
-1529
2944
2473
-1872
2384
1595
1902
1432
2155
-1892
-294
687
2157
3074
2801
2814
2051
-1486
-127
-897
-203
2364
2444
918
633
-2568
-2458
2732
-2432
-2943
-499
1835
-2031
1431
-253
3229
-3010
999
3154
3176
3034
-1529
-985
-2446
-2845
-3079
1374
409
-2203
2556
2864
3164
-3140
481
-2900
1249
-1462
1136
-1959
-1969
1781
2175
166
2096
3115
647
-3176
-2852
202
-2597
981
2529
2897
1386
2355
2735
8
1140
2315
-2562
226
505
-1894
-1435
371
-3022
-730
2423
596
-385
2508
3107
2065
543
801
309
2143
-926
897
298
2671
-1607
565
1024
1670
-2761
-2306
2702
1776
-771
-1928
2224
-109
-2574
303
-1522
-2666
3139
2322
-1745
3251
1041
-1225
-458
-7
2602
3226
-3082
1580
233
-3007
2995
2326
-371
1409
1189
-2767
-2635
861
-377
-854
990
2564
-1978
-3081
-1194
1407
-3263
2548
1929
679
-3062
-204
-2878
1879
-232
-937
1549
1762
-1132
1129
-2099
-1877
1338
1567
1066
-2103
-1185
-2446
1792
-2097
1784
186
-1418
-930
200
1318
-645
2138
-184
-3227
2705
-188
908
-784
222
1138
2357
2120
1263
1246
-3113
-1736
-1295
-1259
-2453
2070
-792
-2032
-2853
2982
-557
2788
2020
-2340
-964
-1728
2474
-280
-302
-2458
-2744
-2103
2814
-989
2064
-1946
-2430
868
1989
-2228
1074
-2919
933
-2332
-315
-1573
2571
-380
1693
-818
-324
-566
1429
492
196
-2979
1110
1024
-274
1293
1108
1835
-2273
-350
-2952
-2617
1212
-2262
2479
57
797
-344
-2605
-2442
2013
-1809
-610
-1540
-431
-2608
276
-3188
2305
1099
-936
-3267
-276
-1651
-1133
-872
246
-3036
345
916
-893
1168
2333
-1947
-2552
-1617
-3053
1777
-2275
2131
-435
-28
-265
453
1578
-2423
1883
1142
-1047
703
3222
1596
-416
-3022
-3258
-1418
1386
-1021
-2006
2781
-1599
2957
1628
-2611
-2848
-310
782
-3275
1801
599
-1862
2398
2538
-2109
2405
768
1713
-934
3089
-198
-625
10
-938
1600
500
-1590
-1816
-2242
1933
-2321
1172
1202
421
2302
-1254
1673
-1148
968
1017
1420
1562
-1240
1765
2690
-1472
185
-135
-71
2297
251
-2123
1568
-572
2588
713
-424
-2054
-1036
-2048
-2784
1777
2207
605
642
2958
-2209
1242
-416
-2609
204
-40
-1256
1025
476
-301
1796
1328
1847
-2837
-2235
-2292
-1790
1278
-2208
1985
1170
2415
-176
-579
358
1168
3125
80
-2364
1490
-2028
2120
-1639
1392
56
371
2837
258
1230
1572
3205
11
-1170
2551
499
1130
-944
658
-2250
2045
2581
741
-1093
-906
1343
2015
2530
-2719
-2840
-621
-294
-504
876
-2391
-1854
3271
-2880
395
-1532
823
662
-2711
-597
-396
2497
-1029
2340
-2838
-1358
-3228
879
2183
2413
-1556
1558
-2474
321
-2852
640
2753
2125
53
675
-2358
925
1718
-2121
-1607
-530
1103
1377
-2373
2700
2111
2300
-515
2546
-1418
-672
3252
-3262
-131
-2005
-850
1792
2749
-1092
-411
1433
-3211
1318
-397
94
-3020
1497
-2671
522
-681
1628
2282
-1772
1401
-1423
1809
-2152
-1553
-1062
10
1241
2828
1659
559
-120
-2214
-3196
-2033
-2434
217
1549
2012
2576
2757
-2939
-12
1718
-2832
1204
356
1420
421
2608
1075
2366
433
2953
1388
1545
-213
107
1199
-1359
2276
1375
-459
-156
-153
-179
2397
1909
-1013
-2005
3214
272
25
-697
1706
1058
675
-615
1646
583
1741
-406
1467
-2882
-2132
1057
-1888
673
-3137
1469
1672
-2335
-1574
1827
2216
2788
-2653
-2780
3210
-3027
-646
3134
136
1579
-661
-552
486
1142
-2978
2901
396
1814
1937
1258
2174
-1236
349
-2581
-896
-1822
3152
-2644
3251
-2592
-1462
-531
-1261
-3096
-1654
-3062
194
-2324
-201
-2859
-3252
-1835
-2570
1130
628
-2564
-1486
3061
408
589
2057
-1825
-2029
2449
-2554
3090
-324
1836
1737
-151
2317
2118
-1592
-1354
867
-633
-2459
111
-1685
-2505
-1902
403
1035
-919
-585
1263
1902
-430
-1665
-17
-2326
3275
-3212
-1130
-708
1805
2337
1481
-2019
667
-232
2544
271
3267
1788
-2423
1736
720
-2091
1811
-2505
-3058
-635
2232
-1600
346
2382
1059
2572
-2570
833
1040
2257
-427
3225
145
1942
-2961
-2193
-2591
-962
-2991
880
2464
381
3188
525
-2352
-1707
1862
1694
-347
1937
-548
-686
-844
-1756
1241
2792
-2542
932
1142
-608
2817
2140
-202
294
1154
1872
-241
2189
-425
1701
-730
-1751
-465
-2623
2503
-695
1218
-599
-3233
3149
2169
-754
-981
-3262
8
-3056
737
-2092
-2705
-2351
-601
-1786
2012
-624
-1228
2972
-278
-300
2075
-852
-1746
-2842
-1426
-584
2134
2950
2842
-2250
1239
-2618
2787
1017
-783
-1820
-2675
-787
-901
1161
2740
-2054
-392
1380
-2442
217
1867
527
2067
348
2398
2838
1572
188
-1205
2732
-238
-2892
-2910
1396
-3020
468
-2528
172
2797
764
-2188
-1385
-2552
-2972
2604
221
-357
190
781
-435
-2395
157
-411
7
1512
2479
1300
-2585
-2298
-518
3233
-231
1744
635
1785
-788
1945
83
-31
2449
-1549
3126
-2902
2224
2518
599
971
-880
-2029
3235
-3217
1378
-886
-1868
-1905
-2297
2312
-288
-2188
-644
790
-1517
-2818
-491
-2787
-1662
1784
-1362
-2695
-2382
1702
1435
402
-478
407
-1126
2130
3253
1334
-1459
2283
76
-2128
-1127
2172
-2324
2877
-2095
201
504
-1302
2636
615
-2525
-1918
2406
1261
-2903
-1091
-1378
-2829
-1111
-677
2537
-50
-307
-64
1777
1318
-2437
-509
-3158
2188
-575
1196
-1485
-703
-1736
-622
-2200
-2414
859
536
179
2595
1530
2627
-3257
-634
2821
-491
-500
1377
372
-634
-2181
387
-70
2358
347
-2174
2303
1428
-319
-3169
-1667
-2361
670
-1220
2901
-1111
-3060
-227
-2098
-212
2518
-1130
205
2656
-2285
-754
569
2438
804
-77
2012
-343
2004
431
-2945
-3241
-1939
2063
2281
-2417
-1320
3058
1214
-786
-1466
562
-854
3044
1977
1793
-1613
-2061
-868
-1164
1676
-1557
972
72
-1895
392
1672
2614
-1362
1532
2037
282
1009
-143
-2889
3166
-3118
-1272
2883
-240
2994
-363
292
-474
-650
-1097
-1024
2407
-3068
-1478
1942
-3168
956
2068
2553
-278
2601
2157
-2345
-2271
28
2914
-3089
-900
752
2522
1224
1174
816
3100
995
2497
-144
2592
2005
1766
-1333
-973
-376
-845
-3046
2941
2904
-922
141
-40
1669
-3038
-914
-2218
1758
2176
9
-1498
1815
1702
-2519
-1668
1556
-1151
-510
1111
-1777
1433
-1233
2554
-2818
-2432
1728
-1080
589
184
2491
-131
2348
-225
-2240
-2284
-684
-2302
-797
-1882
-520
3174
-2544
-528
-2059
-1562
-3215
-2315
726
2987
-962
288
1303
2345
-3188
-1254
-211
-1845
-353
2098
622
-1533
-1944
-770
3085
-2648
1706
-2433
1551
633
-2005
-2904
-2764
2490
-255
-986
-1675
-3044
1552
291
-1361
2127
-212
524
752
2292
-1993
3150
-2571
-1152
-2389
-2780
488
-3150
408
689
-3017
-473
-499
1080
1582
1896
-695
1955
-2716
-472
887
-352
3108
-361
520
-671
380
-2845
3112
-560
1171
-1176
-2167
3257
2191
-2116
940
304
-1932
408
1040
-2356
-2975
1171
514
-475
1298
-1992
-799
2948
-2662
-542
-287
2005
1264
575
3086
52
2403
3103
385
-1429
2635
-900
2131
2530
-2815
326
140
3031
-250
2054
1910
2908
1777
843
2691
-1949
285
-268
2754
-2414
2590
2655
1974
2205
-2186
1650
-1047
-1570
711
385
1539
668
1539
-1682
889
967
-1402
-1969
1534
342
-1438
-706
2035
-2717
-2117
-1321
2041
-295
2942
2564
2891
2480
-1573
286
-3152
-1309
-336
-384
-890
-1852
1928
759
-3260
2740
-342
-868
2483
2441
2552
3276
-2662
-2940
3218
-571
1132
-2935
-1660
-2894
-2814
-1883
-2181
-2412
-2394
2510
-410
-2311
1063
1006
-368
-1859
-2807
-1597
-217
1115
217
-184
-414
-1252
-2491
-162
-2540
-1776
2143
946
-732
2889
-605
-1441
-1120
-2830
-2850
-2130
1832
479
-3247
36
-2170
-2568
661
-270
-1913
-2877
1891
2442
975
2837
-2712
-3265
-2632
-1584
-1055
-13
-2880
1403
850
3074
383
2906
778
-657
1173
-2984
695
-574
3005
1950
-90
3157
3202
-2080
2301
-2101
2272
-1348
-1502
2204
978
2986
2369
1823
-1786
-3104
-130
-421
277
-2844
-1268
2827
2724
-2817
362
2472
-797
226
-1264
3194
-1677
-1397
-69
-1507
-1170
2246
-418
90
2050
1907
-394
-2132
3081
1935
-1033
3082
-2306
3196
-294
-1284
62
-1472
-272
-410
-3070
891
1924
-1409
-2569
1866
-1986
3034
1636
737
-1610
829
3015
548
2303
-3142
-1732
-2821
2470
2860
683
2506
-2546
-2184
1528
1912
2192
229
-2820
-3033
-1596
2346
-2329
-693
-1239
816
-1477
-2769
478
2158
2604
-2206
2444
-2511
2931
2252
-2691
2436
-458
2024
1761
-1986
2582
3106
-766
53
-1420
2464
333
-861
514
-2692
1426
-2460
62
-495
3164
-2119
-2101
-2069
-2544
-187
-1833
3155
2
-450
3173
1005
-1916
-1478
2736
2496
-499
-178
217
-639
421
-3021
2182
-1505
1117
626
-1823
-668
2480
462
-710
-2161
-1211
980
1474
-1809
-2560
-2217
-2732
815
-775
-2084
918
2908
-2855
-302
-2408
-163
-736
-2735
384
-2491
3194
-2417
250
1870
-807
-2818
1567
-1184
-602
3208
-3157
1791
-826
2645
-2517
788
-133
441
-1691
-921
-2351
656
294
1703
-2723
-2398
934
1872
2713
-2048
3265
1508
-2641
-2685
-2988
993
-3031
-469
701
2721
-130
-1282
437
-298
-1619
-2714
-69
-2897
-1173
-2621
-712
-1478
505
-165
2348
2869
-136
739
1924
-1187
-2490
-1112
1905
-2607
-3124
3223
-855
3019
1696
2989
2965
-1677
3
-1448
529
1131
3109
1578
-2389
2878
635
2075
-3109
1519
1561
1154
-2066
1674
-965
170
-519
-2289
2711
-2205
-2307
-1402
-292
1361
-1357
-2968
-1014
-589
2162
1649
1256
-2198
-714
2594
1655
246
-2274
3273
-2449
-160
-3175
-3137
1828
-1071
2467
900
830
1772
2462
1141
815
-893
-3036
-1691
1328
-2334
401
3260
-334
-2301
-713
1835
67
422
-2428
2845
1527
443
503
2191
1977
1644
-1531
2259
2310
-613
-895
2656
1809
2667
-359
-2649
-530
2366
1703
2700
2593
-1541
-2420
-792
-1705
-2192
1931
-2180
459
2767
333
-2350
1071
-2308
-3097
-1879
2052
-1402
2927
-1759
-2236
2327
-636
3253
-1999
-1319
-2193
1555
1226
-499
-792
-3105
2093
2557
-687
1880
-2654
1848
2997
339
1506
-1471
2337
-1460
867
611
252
-1829
2593
-2926
1373
1345
-3136
-956
2289
-355
3237
2889
-2738
2305
-664
552
-1680
1022
1422
-2265
-1316
446
1891
161
2150
2386
164
1349
-2677
-2858
-2647
-335
-1098
1159
1164
1899
2889
385
-2470
486
-1692
2038
1791
-2770
-286
-238
-2811
849
861
-1092
2546
-802
696
-3164
-1316
914
1418
2920
2362
1476
2676
-662
2101
276
-1800
-173
470
-2530
3124
-1081
131
743
1609
823
2169
3248
-2317
-2915
2877
2965
2146
-3219
3027
-1418
3042
1205
2457
-2921
-2812
476
-1330
1374
3226
670
-781
2251
1738
-2
1182
-214
-2551
1451
946
651
2093
2677
1203
-2664
3276
2910
1945
-2474
1507
130
-1033
3131
-3176
-2420
-1507
-2344
-1242
2008
2554
-1383
2494
131
107
309
-746
2927
-988
-211
-3212
-1019
2914
-1362
-3206
2441
746
-2392
-1330
-1693
2101
-996
675
-2331
893
1206
657
873
956
1020
-882
664
2328
-2882
3174
1978
-2029
1095
-2107
-2131
2597
-1825
295
2962
-1155
668
3271
-1005
1476
-2987
-223
-1622
470
502
2816
-3145
-3219
-1889
-720
-773
2100
-1374
-2605
-555
140
-1064
2240
-2803
-856
-2427
-901
1572
228
1180
2113
1010
-1444
-1754
939
3231
2719
1613
-750
-623
-1354
2579
1448
-2221
1208
-2559
-1040
943
622
2895
2956
2615
1476
1854
-1696
1701
688
-318
-1118
-3181
1602
312
-2887
690
-3126
2795
1881
2453
428
1585
-1936
-557
1928
-2603
-1990
-292
-2005
-809
-2065
-2562
-979
3070
1738
-54
598
-2005
-127
-646
2758
-1858
-2223
1115
-2459
-1367
-2703
-1589
997
-1804
2407
2899
-2731
659
-1752
2200
1175
-2200
-2693
-1840
-2374
1745
1845
-2175
-2806
-2156
2058
1528
1771
-2058
-2568
-2549
1195
1244
3161
-1835
-672
-2059
-242
999
-756
-2037
-2678
-1089
-54
522
-2018
2008
127
-2279
177
-2726
1634
347
1180
-1267
-359
846
1559
-2794
2946
-1555
2517
521
1156
-1439
1909
1263
162
-680
-1948
953
3164
1316
2441
1384
1329
795
-758
-1452
2691
216
-1936
899
-404
-2458
2259
696
513
2364
-2318
-3194
-3239
2074
-427
-1065
592
-1512
1847
-1314
1590
1002
-1481
-3097
219
2168
-34
-2904
1364
1412
-2453
-739
-1479
-2874
-60
995
497
1349
-792
2676
-2656
2647
-734
-1370
2389
2508
-1449
3059
106
1044
824
3097
2708
1751
1418
1881
2908
-2784
-2479
3144
-1597
500
-1225
-1627
-1918
1505
-1524
-765
-2960
-1318
2710
-2140
3039
2821
-2768
2344
218
-3197
-1376
1374
1384
3253
-1608
2239
1081
2262
724
-3033
2615
2025
-1065
3102
1398
1449
815
-2699
62
1535
964
1774
238
856
566
1816
2644
2668
931
884
-2515
-946
2037
2645
-3154
-3130
2018
-2456
-1834
65
3236
2693
-2828
-1902
1800
1103
-1060
2519
-3176
1554
-2616
-2072
-1887
-2110
2466
-3150
1862
-522
438
482
-3090
97
-2458
1810
-65
1416
-1111
-1726
1481
-2363
-2297
-1404
1913
2523
-1297
-1798
1953
1975
1062
2873
-1920
889
2422
-967
-1482
1828
1449
-329
2476
1324
-81
1166
-1244
-89
2486
-1113
-1828
1847
3161
2540
-1763
203
-62
-29
2704
-2481
1879
-533
-52
1920
665
3208
-2295
-297
2568
2861
-1803
2048
1398
-2307
690
-34
2964
-3174
2416
2220
-1913
1043
1840
-849
-1610
-3038
1052
-2169
-1086
48
-1340
-2666
-2641
-42
540
-1657
1439
1775
-1404
-262
-435
65
-656
367
382
907
2499
-95
-956
2404
-2040
2779
-1476
202
2581
-2252
1143
-2232
-266
1169
2148
2411
1597
-984
1636
-1215
3030
-1668
1193
804
-2760
624
-3127
-206
-3057
1230
1617
-2144
-2214
3254
-3066
1902
2428
1955
1375
-2729
-2671
-2069
2116
-2722
-1390
-532
1253
-2954
1258
-1239
512
-1359
1515
-315
-1823
2084
705
-3245
2782
-580
-226
393
-132
-206
828
1451
-2321
-2816
3090
-368
78
2721
-3144
2347
-209
-1160
-1944
-909
1566
-190
-1787
2798
561
-1853
-903
1728
1422
87
1266
577
2325
2927
652
-2295
-309
553
-2870
-1299
-347
2919
-1166
-3273
-2106
2302
2750
2897
-772
-790
-2707
2987
2011
-308
1
1713
-2741
1362
3170
2233
-3241
-322
1290
-2510
-906
1284
-2706
-603
1934
-1136
2230
-335
-1915
5
-2924
-840
278
-641
-956
1522
393
-2094
2101
-1402
-3209
-1498
-2021
1026
-886
34
2644
-2640
-1899
-693
2868
-636
-397
374
-1428
-74
2410
-65
304
-1318
-10
-1158
700
2343
-2080
3018
2474
1068
3190
-1195
2084
1529
2341
2620
2329
1807
1694
-1872
3210
-2884
-1041
2175
18
-726
-315
-489
-2625
512
-427
-1468
-2646
3138
850
-3082
381
988
-2458
-370
-416
-1488
-1121
1833
1262
3072
-3145
-774
707
-3101
-1631
99
-919
743
-948
-1836
2333
522
-1557
-2503
-2409
-1026
846
-3117
-369
-416
-778
-528
1986
-976
-89
1324
516
2058
-2813
-2820
-516
2600
-2563
751
1852
1975
-2846
2586
-1274
-1996
535
1145
609
-1131
-525
-2712
-2635
1710
297
-3184
1305
-1064
1355
2195
-2137
628
1234
-830
-2854
-1217
1673
-638
1685
-328
-136
-758
1589
820
-3233
-2132
1801
3131
3189
57
-1847
-228
1525
-3215
-3212
2901
-2800
2970
-2974
-839
557
1316
-81
739
87
461
-1463
1498
-479
-2374
2485
2058
-3208
3220
1455
131
485
82
-1
2636
982
-1256
1523
-1998
182
2650
-2922
-1024
-3212
-1180
-2947
2311
-829
1779
-601
-1234
-1286
-343
-2099
2810
457
2216
-2125
3174
-2427
-3195
-1676
-1057
-417
-2720
2771
2589
-1225
-1674
1653
2648
2879
1075
2632
601
150
-3027
-2077
-551
361
-725
2540
540
-1860
500
684
-2124
201
-1028
252
-2321
2558
-2696
-1754
260
-756
443
106
-2609
669
1146
-542
-1951
3165
-2003
1957
-2131
-1632
2954
-1978
-164
-1143
-2704
853
-1375
2926
-677
1111
2157
-2662
2693
-1434
-2543
3220
2621
1627
-1315
-2694
395
-502
-1466
1492
-314
-1705
2702
962
1526
-1024
2870
-747
-1871
-497
-1372
-2672
-25
2829
1231
233
-713
-2141
3034
-1145
-60
3027
426
-812
2646
72
3059
2006
1378
1793
320
-2231
-2897
-1113
730
-3151
-2270
-2485
-871
2500
1240
-540
-702
2436
1133
-2342
-259
-359
-2856
-1529
3136
-639
-1234
-2621
2347
-1003
2809
1190
-130
2265
870
869
2390
1949
2114
2129
2079
-3240
-1177
479
-346
1557
3160
-2824
1419
-2836
-676
-1855
696
1166
-1152
-81
-288
1073
-1999
151
2828
556
-547
-2532
-1636
2686
-1342
2364
-2452
1484
-1091
3080
-2903
1497
-3209
-2
-1072
-997
944
226
-1422
-2374
-1084
2113
48
1660
2731
-1030
-2209
276
-2143
-1746
757
2624
-604
-799
399
156
-2113
1617
2886
1363
1231
2065
2573
30
1164
-565
2215
981
-1289
-2317
669
355
-2294
2518
-611
-2869
-2576
1789
-547
955
-1420
24
2894
-1319
-190
-681
1379
-642
1462
-1628
91
1860
-384
-327
2357
1751
-1898
2400
948
1841
368
1999
1181
-1593
-348
1260
2405
-1034
1547
2219
724
886
648
-2821
-2376
574
-1869
2365
1113
-1481
3274
1657
797
-732
1585
980
-1146
-2093
-1062
-1341
614
1347
2261
-635
-3078
2720
-1586
-3007
581
1002
-2550
687
-318
-534
1842
-2393
-1355
-1626
-2363
-2304
-791
600
2420
2148
1569
1411
-957
678
-1592
-2036
1697
1992
2914
1609
-2930
2686
901
-1195
-34
-1003
-2547
-1718
1327
3016
-3197
2885
-830
211
-1076
-2445
-915
-487
-267
-1179
579
2163
96
-1124
1812
3193
2478
-511
-2242
-342
-272
-2315
2415
1380
-2469
-137
-306
13
-289
687
-1815
-1104
-1463
442
1367
1391
-1678
3229
3227
-827
-2784
-484
-3055
-2004
-3164
1221
-1833
-1188
-2425
-1020
1354
-1274
1451
-1928
-2162
3070
2650
-516
2141
-2215
1640
1302
-2746
2889
-287
421
323
-446
-2975
2322
-350
1158
2349
-1602
2471
68
-1145
-2740
2429
-2808
-1028
-1136
-3145
-628
2159
-824
-774
673
-716
188
-2975
-2791
1393
695
-460
588
-791
-12
-1045
-1514
-774
3274
-2043
-1863
2106
2754
-42
2755
1212
743
-845
-2003
-745
-1441
2857
2609
-732
-91
-1783
1432
513
-48
1549
1056
1719
-3044
1520
2402
-2092
-1310
1388
-961
-717
-1210
3050
849
-55
507
-568
-838
-665
-2561
-2206
890
1754
-2770
-3004
-2135
804
-2148
930
344
-971
-148
-1067
2272
-2110
2950
-3148
-2889
-3161
-2341
82
1913
-1546
2895
-3077
3114
409
-1890
-1036
3058
637
-2705
1614
2779
488
-158
-871
1475
-968
-1015
1532
-1284
-1502
-55
1067
-1282
-1144
-2998
56
469
567
-2477
-883
1411
-2731
-2917
-1764
-1035
-1387
2204
-840
-672
-565
2225
-1760
305
1635
-1161
-29
2751
-2240
-744
-1469
2420
3158
2704
1199
-2005
-2848
-454
176
819
-3126
-2105
1176
1809
-186
1306
-2596
-331
-2059
1639
-2267
-3091
1122
1773
-1892
1604
-2609
-2708
-1064
2577
3233
724
918
-3201
2480
1718
3024
-799
209
65
1199
-2666
-2875
-1316
2773
350
-3269
-1210
-2597
1090
1177
-1002
619
442
109
-1305
-573
914
-2464
-436
873
936
2042
-2859
514
2225
-1934
2119
1781
-207
-2455
-547
1274
2639
-1342
-1634
-2466
-3006
-3032
3
1725
-2186
-3029
2100
-979
-2707
-3238
2834
886
-2339
-2088
-2528
-3242
2968
-494
2494
1251
-1935
1303
-1528
3058
2631
-2105
119
-770
-451
-620
1616
-150
-350
-3003
-948
-2072
-1046
-1650
-484
3102
688
1516
1446
-3199
-1673
106
-24
-2348
-2947
-2490
-1970
1933
1052
-393
-3039
-1974
-2025
-1633
2347
-2771
1458
308
-852
-206
-1136
-1567
2005
-2863
-1854
2504
1436
-2501
-1611
2519
2428
-2450
-587
944
-2635
-1184
175
2718
-2815
-98
-2241
-338
2063
561
-2929
-3210
2355
1931
-3142
-946
-1563
-3162
3104
114
3067
76
-1079
2314
-1125
2004
-1583
795
-2501
-84
-553
-1645
-2730
2233
910
313
-66
-1131
7
-569
2034
-2368
-16
-128
-3051
-1931
-1591
1039
-2103
-1377
-941
-1779
3159
-2240
-927
3040
2953
-2357
-1948
-1110
2909
-2189
-1705
2730
-768
-530
-443
2
-1519
-2216
2904
-260
-2137
-1379
1613
-1028
-402
306
-1118
1917
697
-893
2508
273
2785
-2798
2852
661
-2591
-483
-1274
-2639
-2172
1219
2296
2801
3075
-2811
-1580
3080
-1373
-1773
1815
2159
-3101
1950
-1093
976
2105
-2808
2034
2933
-2196
-2430
538
-684
3184
2873
368
900
-845
2017
500
1147
345
-3039
394
-959
-2999
-1229
-1566
-275
1159
-3243
-1276
-1096
64
216
-2496
761
3100
-1313
-2517
958
980
1157
1145
2302
1117
-1920
-977
-203
-3007
489
2416
3272
2733
-441
-2952
-1778
-1190
-914
-77
-2315
-852
-164
-1647
2492
2452
-510
-1196
-2407
-1649
-1136
-3157
-137
-2029
-635
3078
457
1588
-2868
1329
1119
1753
-1761
-1820
2536
2049
1024
204
1629
-1487
-1760
-2805
270
2948
-2648
-1104
698
357
1
171
-112
3034
-351
-3239
-1141
1977
-2888
948
-174
1237
130
3200
-167
1838
-137
-670
-447
-3196
-2107
350
2425
133
-1665
542
-1261
2251
-2161
76
-785
-2132
-2615
-1160
265
891
-1106
-1377
2601
1148
-2722
-41
-905
-1989
-1802
-2354
687
2918
-2158
-2239
-2556
3089
-2150
2573
-2493
-2370
-1864
-426
-568
-2984
-1149
-3060
-324
-578
-1070
-1620
3181
-2043
1350
1011
462
-191
-270
-1178
-974
-1111
637
-2233
-3100
1511
1853
-1556
2689
-2864
390
250
-887
-2633
185
-3008
-303
1911
958
3148
2107
1330
386
-756
553
3166
1950
-1015
-439
-1172
1492
1250
2543
3001
-2422
896
1180
-296
554
-1256
-1113
2625
-2478
959
-108
-80
1246
-1716
1333
-416
1691
1441
841
884
2536
1717
-1879
-3044
-1027
-3
413
508
2788
-365
-1966
3219
-1093
-2458
-1903
1216
2688
926
-709
2474
3084
747
-855
-1075
-2773
1312
-3013
-1017
2113
933
2169
1028
-877
1844
-459
-5
-830
-1286
-367
240
55
1161
2976
-1625
2372
764
-2427
-2834
-1667
-1225
-1221
1097
1025
379
-800
2278
2428
2402
2592
3162
-1462
-3174
2150
-2158
-1762
-1408
-283
218
-328
2201
2737
-1655
2577
1828
-478
-320
-2372
1010
-3190
1557
2381
-763
-314
-295
2465
91
-3159
-232
2179
357
208
-2305
2354
-1968
-716
-1149
857
-502
-2223
-3086
-2999
-2393
1007
-2379
1251
1474
-995
-2706
-2890
-325
-960
946
2778
-265
291
-708
3185
60
-2984
-1413
2572
-1103
-271
1022
743
-2735
-1573
-456
-2708
2364
-1273
-177
-1303
827
2133
-771
-2428
515
-3025
-1431
-1230
1061
-1598
2224
1133
-961
972
765
2503
1138
-747
-3110
144
2280
-2558
-3155
-1421
711
-698
706
-3015
-2096
3238
1011
-894
42
1777
581
1992
-2067
3276
545
2230
-450
-2074
972
-1972
1699
1536
-1563
-2729
3104
2163
-860
-823
85
-1851
-2793
-681
3001
1393
1244
1485
-2534
110
-555
-1256
1992
-1183
483
3203
1048
-365
2171
-2012
-710
-1011
1472
1290
1474
-227
-2341
-945
-2692
3118
-776
880
-1625
-2308
-2109
-2938
1781
3257
-1917
3012
2584
-1328
-580
272
2298
1576
1990
3174
-434
-717
-2603
2141
-1054
-1750
1164
87
-2391
123
-1125
-816
-1475
1526
-2769
-1779
168
352
335
3165
-488
-89
-2745
-3267
1150
1611
1973
2958
-3125
-2341
-223
2680
2160
-2275
1840
1479
-1378
1375
2984
-250
-2967
-2893
2427
-2587
-2831
2934
-1652
2770
657
238
253
-546
2582
-2726
1231
-631
2282
-524
-1456
-875
2792
-1380
-247
1546
-2188
-1702
1342
1992
-2011
2744
792
807
-295
-1797
-911
-247
1315
-3106
683
-2110
-805
2559
-2862
1968
-1706
-2447
-1397
-225
273
583
104
584
-698
-1089
1626
-527
699
-1903
-653
-1342
3022
1928
2341
-120
3121
278
-1285
898
-758
2539
-2356
1453
542
1055
1849
1385
346
3041
2936
-2038
241
-992
1358
1358
2661
1163
2826
1306
-2934
-400
-1737
-1155
2000
-115
1412
-533
48
182
-1271
-438
1807
-1735
541
2699
986
1546
-414
-1191
-1161
310
-3113
-3257
1870
3051
-2784
982
-2896
1729
3097
2409
-183
-624
2584
1156
1202
-946
-2732
-2564
-2726
-2974
1461
1296
-3164
-1946
-371
-2219
-514
-2242
1797
1664
1904
-752
521
-2626
-1728
2839
-533
1908
-2181
2251
-1585
845
809
1259
-2075
2628
-3114
-3198
75
2895
1550
-729
740
-94
1147
1603
-467
-2022
-3114
-1259
-28
-2038
-77
-644
-133
2140
1173
-247
-557
263
494
-636
-2366
-99
-722
-1901
-1068
-1068
2682
1443
-1925
2191
-825
-1071
-1060
2677
-1272
-1632
-2964
3057
1943
-1542
316
1952
1129
3165
1076
1414
-859
-1064
3249
1331
-3190
1499
36
-73
-848
656
-1169
-792
-3062
-3252
171
-3115
2668
3073
-508
133
2508
-749
3063
2986
-2685
74
1627
2011
2591
-1714
-2873
-977
-3245
2519
2576
-226
69
-1987
95
2479
-2225
-1168
-2011
925
2386
-1332
2716
-1429
2168
3055
2558
55
-3252
2933
-79
1833
-3170
-2386
2879
-1152
-1982
-2983
1261
-1683
2737
-2489
-1097
-1760
-2278
2664
608
971
-318
-3192
-389
-1263
1660
1491
-628
-164
359
2606
1270
1596
-3229
3033
1763
2093
33
2936
-1818
3106
-1007
-1681
2758
-2072
-2367
-70
-3220
-819
-1074
62
-2192
-397
-1996
-1709
2921
-1478
1732
2166
-179
-1315
-724
-2788
-2554
-2033
-1351
-125
-2259
2205
-3062
-1337
-2626
1048
2465
-3204
-3014
-88
-956
-1462
-511
-1674
-566
-2240
2261
1616
-1371
470
1577
3210
495
910
145
941
667
2779
-1217
2853
1390
1815
-1089
-1711
-167
-3157
2630
1267
-692
-1205
1213
-1762
-2347
3147
-3043
-351
1144
1472
-652
-924
-907
-951
-1976
594
-2189
-2753
-2168
-2562
-2352
2031
-1923
-1548
2703
1105
-763
2207
2234
1940
2577
-572
3082
-2387
2972
2222
3172
-725
2905
-788
319
1067
-527
3234
378
-3105
-2506
-1686
639
1628
-2911
-2610
518
-805
158
-1844
-2584
-2473
-1745
-278
1366
2836
-120
-2466
588
680
-2504
645
756
-2664
-69
2377
-309
-1337
-495
930
100
2874
728
-1947
-156
148
-565
-2926
2221
-1457
-831
3147
-399
300
-1903
-2389
385
-1475
2173
376
-2668
-372
130
131
1022
1579
2202
-1450
-839
-60
1593
-2642
2665
-935
2766
1149
-503
2504
3015
921
2033
2348
-1611
-544
1503
659
1573
-1631
-231
-482
85
2052
1358
495
2111
749
53
-1598
-899
-1668
2112
-709
2032
-511
-2445
2112
-1923
-3225
-91
1925
1901
-2899
-1279
2153
-365
1560
-1060
-1729
-3157
76
-3165
-3231
2950
2864
-3260
450
2054
-2581
1533
-2087
2562
3099
558
2185
2267
373
-169
-2640
655
1474
-77
2971
2738
-87
1146
-330
2364
1460
-1321
-1063
-2806
-1146
-362
1210
-2473
-1434
-129
403
-2277
-1315
1990
1696
-3104
1035
-1703
670
1483
-2198
823
-1463
-2331
-2682
1582
2160
892
-2453
-34
-2337
905
-699
572
-1500
1364
-96
1410
2425
2181
-1064
-2883
1567
-663
725
1700
1081
-3010
-1530
-676
-1251
874
1745
-1104
2236
2515
-1817
-1345
2215
-705
-69
2389
924
453
3089
349
-2273
-64
2417
-3109
1303
-260
754
-952
2703
-3096
-2812
-2686
266
-2487
146
-3050
2003
-1505
-3186
1876
-2188
60
-1912
-801
-1041
1196
-1356
2512
-3077
-905
-130
624
-824
3223
1047
2184
-447
2315
-437
2967
1529
51
-1936
-2076
-505
1714
-1050
-1660
-2625
846
413
381
2908
-1440
1870
1201
-1507
2221
-1027
1763
-877
2981
415
-3055
946
-1078
-697
2989
243
-1727
-271
-2951
1719
-1561
-1789
-1043
2902
-955
-828
-2179
1920
-3060
2304
2125
1337
375
-2622
706
2214
3246
93
1303
1941
1385
-1508
41
-334
703
659
3209
-2868
-1829
1503
-910
1498
-3029
1674
-466
-261
845
-2484
-3025
748
-239
1182
3019
907
-76
-134
-2645
1025
-2267
3274
2949
-2480
1928
3232
-657
-2338
-2684
-1126
-1445
-840
2973
2950
-1219
3141
1673
2525
-1807
-1887
1460
-1051
-687
-3043
2764
1948
-603
-501
-671
-471
-2239
1615
-654
-1691
2243
3123
3205
3043
-281
-355
729
1504
410
1202
-675
1527
271
1354
-1607
2216
1921
-333
164
-2192
1714
-1107
1531
-765
-2831
2846
-2542
-1905
-2089
-851
116
-1411
-2088
-1152
-1236
-2445
-1083
-568
-697
649
-2130
779
646
465
1347
-602
1279
610
-2347
-454
-1480
3248
2613
-1673
-1428
-659
-692
-2619
-1666
-1655
2569
2250
-1020
-2502
2114
1156
1066
202
3275
1714
-1488
-2645
-1246
-1882
-2552
-1722
985
-1475
103
-641
-2734
-1053
-339
-3273
-484
1168
-1724
2132
-1563
88
568
1193
52
1740
1393
-256
-2951
-1904
82
-97
-2807
0
2797
427
2140
1115
-2153
-2798
1536
-2524
3008
2667
1114
2308
2973
-1818
-2778
-1205
2138
1400
-490
1406
770
-966
1401
-2613
2497
-2401
-1455
1469
2476
1869
485
-2074
-2858
-857
-420
-2144
1667
-2599
2053
-120
-2038
3207
1970
-1795
-2439
-698
276
3168
-1928
-1981
-527
2088
1245
2029
1625
109
-1587
-1757
-2333
2992
-478
-1366
-1707
-282
296
850
-1222
-1540
2664
1860
-566
-131
2347
1159
-761
-2438
1572
1215
-2297
-2093
-2741
-2684
-673
3044
2842
-3265
389
-1297
81
456
-483
-2003
814
2250
-1109
989
699
2539
-3107
724
-2592
533
-1833
3060
-1405
-1351
-3168
914
-3185
-197
1901
2419
807
2241
-3200
-2497
656
-2298
400
983
-3245
-2912
1940
2497
2038
-35
2761
-2524
1775
-362
-415
-2502
779
2493
-1142
984
-2666
1164
1116
-251
-634
-1525
2037
2665
-2837
815
-2380
2495
-44
2547
-485
-1813
-1165
750
-180
-633
-1683
2453
2803
1405
-2419
2555
2756
-2895
2506
-243
542
1934
2004
-243
-1367
2488
-2584
306
2747
-880
274
-1548
304
-461
-406
676
3246
-1322
1991
-430
2477
3236
2743
2333
93
1506
-559
2111
84
-2505
603
-433
1561
2447
2922
2406
84
2672
-1035
2422
3088
1649
1299
616
-170
-678
2214
2877
2080
-706
-1421
-3117
-3160
-18
-374
-2683
-2520
1796
-1908
-2218
-1721
683
3188
708
-475
3986
-871
1421
1446
-1507
2371
5675
4676
-1320
443
-1432
-414
593
3230
-1446
100
-1248
10703
-744
-264
-487
3686
-63
9171
-1059
-1280
-1113
-1988
-818
-3681
400
-501
3401
-1372
264
1767
-2485
2521
77
397
-1971
1116
-781
57
118
-1174
-2182
1492
-981
2393
521
-264
-707
3520
1173
2050
418
-1752
-566
-1913
-876
-3611
756
-887
3899
-1578
1182
2061
-2058
1661
464
1141
-1656
587
-1512
70
-159
-1176
-1918
64
-1126
1992
-256
-358
-711
3767
-646
864
-776
-1873
-1839
-1984
-1102
-3051
1572
-421
3983
-1619
1075
2129
-2604
2595
595
2285
-1588
944
276
59
23
-907
-2100
221
-1371
4666
-849
-468
-459
4192
1379
4106
-167
-1725
-1785
-1891
212
-3481
252
-825
3403
-2011
1507
1940
-1745
2082
999
2116
-1005
735
-1536
63
108
-890
-1988
-420
-1343
5394
-721
-516
-431
4054
-636
6763
-1251
-1919
-1567
-1480
-898
-3624
1593
-290
3579
-1425
903
1360
-2359
2796
1859
2657
-1405
872
-1012
4
172
-935
-2082
-285
-1099
6874
-801
-402
-589
3677
1480
6471
-677
-1765
-1626
-1878
506
-3529
320
-926
4255
-2096
2352
1653
-1891
2268
720
1948
-1109
746
-1558
195
-202
-916
-2094
-735
-1361
3473
-862
-562
-723
3728
-559
4835
-1403
-2043
-1655
-2068
-743
-3660
1309
-510
3650
-1337
1
1363
-2500
2690
405
829
-1911
2930
1805
103
289
-1028
-2037
1068
-1170
3496
-435
-350
-149
3581
1416
1832
784
-1600
-1735
508
-1036
-3579
28
-752
3959
-2352
2750
2561
-1882
912
1242
2396
-953
908
-1454
-52
-146
-1018
-2071
-383
-1335
3471
-917
-374
-106
4268
-528
9022
-1542
-1529
-1025
-255
-833
-3557
1277
-335
4177
-1855
2282
2938
-2289
2031
4708
4132
-1168
287
4724
-134
-68
-993
-2179
-970
-1094
8710
-675
-308
243
4596
1046
12730
-1620
-912
-1744
91
1853
-3532
211
-987
3977
-1930
1791
1407
-2121
2335
1851
2125
-1296
776
-1393
77
168
-939
-2095
-535
-1256
5943
-813
-504
-392
4022
-423
7946
-1449
-1602
-687
-1532
-868
-3566
1336
-400
4299
-1210
2376
1980
-2358
1979
5052
4070
-1036
426
3318
53
214
-833
-2021
-1053
-1308
8235
-792
-394
-214
3786
1142
9265
-1458
-1893
-1767
-1904
1007
-3472
259
-895
4007
-1914
3635
2465
-1698
1342
2635
3628
-713
869
-1472
133
-169
-841
-2288
-826
-1320
5482
-666
-586
-510
4548
-234
7887
-1469
-1816
-1041
-1836
-677
-3434
755
-449
3679
-1320
1866
3102
-1905
2565
170
3008
-1531
439
-67
-32
-1
-1107
-2347
-713
-1141
6276
-689
-527
-568
4883
1067
5053
-1462
-1928
-428
-1793
-153
-3252
519
-800
3412
-1551
1720
2159
-2076
2324
3857
2703
-1081
646
-1422
-123
83
-987
-2024
-938
-1043
7677
-800
-335
-720
4038
-394
7965
-1487
-1920
-505
-1905
-1004
-3751
229
-633
3519
-1328
971
1945
-2001
2618
674
2071
-1592
278
1934
-161
199
-994
-2169
509
-1302
5714
-758
-496
-705
3973
1235
6557
-523
-1816
257
-310
-736
-3341
-192
-799
4366
-1480
1111
1935
-1679
1472
196
1217
-1451
668
-1437
-215
-115
-1031
-2002
661
-1075
2953
457
-444
-767
3665
-742
1111
-1061
-1703
256
-1939
-1208
-3655
811
-261
4245
-1718
1757
3772
-2159
1366
207
2035
-1567
169
1845
-325
-3
-975
-2322
410
-1161
2748
-83
-377
-683
4690
1189
2309
-1164
-1416
-794
-1889
59
-3526
461
-740
4158
-2331
1480
3029
-1248
1634
-148
2392
-1258
653
-1455
-587
-86
-962
-2086
-149
-1095
5744
-746
-384
-480
4821
-930
5634
-1141
-443
-786
-1923
-1093
-3718
1220
-377
4158
-1527
-60
2099
-2442
1557
708
852
-2124
1731
-268
-450
209
-1062
-1886
2340
-1415
1735
1350
-418
-632
3675
1340
-41
371
813
-1308
-1946
-907
-3467
1769
-739
4259
-1238
-397
1017
-1539
1587
167
-2
-1725
499
-1493
-389
544
-764
-1556
3143
-1361
1384
2176
-537
-731
3257
-684
-2904
698
-495
-1745
-1866
-1206
-2007
1310
175
4932
-1691
1079
1965
-2078
871
232
1269
-1638
255
3327
-586
352
-947
-2058
1643
-1075
1113
1076
-404
-739
3478
1208
1546
-679
801
-1341
-1877
-779
-3524
1376
-619
4454
-1646
354
1444
-1407
1796
36
1393
-1619
612
-1363
-374
369
-933
-1842
1177
-1197
4825
-121
-400
-631
3473
-533
3813
108
541
-1876
1541
-1286
-2125
1003
-451
4362
-1206
493
2147
-2314
1218
268
834
-2100
981
3222
-459
223
-968
-1931
1882
-1220
1936
1579
-399
-662
3688
1103
1522
-136
256
-1080
-546
-1129
-3523
816
-729
3920
-1661
1154
1582
-1830
1689
986
2136
-1422
625
-1377
-343
199
-324
-1839
353
-1396
5913
-690
-410
-297
3892
-558
6577
-751
-689
-1775
1842
-1320
-3250
1030
-540
4368
-1532
1694
2162
-2242
2011
1037
2442
-1599
247
4544
-366
203
-963
-2336
-170
-1262
5869
-676
-410
-245
3987
1220
7204
-1434
-1256
-1136
-152
275
-3352
1622
-877
4107
-1816
3519
2294
-1988
1755
5792
4228
-759
799
-1344
-412
204
-388
-2167
-1328
-1158
8926
-655
-357
66
4848
-605
11989
-1684
-2002
-1620
-712
-825
-3618
2185
-434
4873
-1718
3991
3159
-2199
1649
6472
5245
-751
592
6876
-545
267
-898
-2556
-1275
-1215
9862
-667
-387
456
4907
1220
13588
-1616
-1753
-1665
-1811
2900
-3250
1505
-897
4649
-1495
3919
2583
-1963
1280
6735
5037
-900
974
-1280
-513
323
-997
-2197
-1564
-1124
10127
-740
-316
571
4416
-489
13109
-1927
-2057
-1590
-1905
-183
-3432
2561
-435
4489
-1223
2310
2057
-2514
1673
4833
3868
-1184
311
4221
-585
500
-865
-2231
-1041
-1174
8590
-680
-244
-45
3609
1482
9229
-1632
-1764
-1488
-1787
1018
-3400
782
-725
4207
-1112
617
1198
-1875
1523
-350
1605
-1701
564
-1388
-595
399
-1194
-1815
32
-1023
4831
-150
-361
-683
3441
-233
2299
-779
-1826
-1174
-1644
-1209
-3530
1211
415
4540
-1116
701
1928
-2043
824
146
1871
-1691
196
1077
-606
503
-963
-1978
530
-1151
3481
199
-364
-584
3527
1069
437
-1060
-1016
-1260
-1598
-984
-3620
650
-503
4757
-981
800
1388
-192
273
203
2086
-1657
538
-1353
-738
539
929
-1718
596
-1176
4162
-146
-308
-563
3297
-276
807
-1305
-512
-1106
-1905
-1389
-3648
-790
-369
492
1156
23
677
-310
-272
-88
-1405
-2015
218
-329
61
2377
1020
52
-1507
491
1275
1347
1298
-550
2837
1166
-2631
-1531
-2017
-1660
-980
-1235
-3343
-805
-440
424
737
77
323
1292
-393
70
-1428
-2385
882
-637
792
2848
-158
92
-1393
-1372
1109
1657
811
-547
2846
1312
-2776
-1540
-1934
-1444
-865
-1313
-3630
-797
-388
475
789
48
355
472
-402
227
-1366
-2279
396
-544
849
2855
922
0
-1693
2379
1303
615
1329
-691
2722
1319
-2695
-1421
-2058
-1575
-791
-1141
-2662
-810
-485
1000
75
178
387
1050
-421
142
-1434
-2125
1670
-764
-96
3603
1547
-511
-1363
-1231
1865
160
-339
-530
2498
1315
-2547
-1680
-2250
-1378
-1150
-1270
-3575
-812
-443
1247
1088
-33
618
485
-421
76
-1501
-1980
424
-332
196
2547
561
-15
-1876
2498
1548
760
1629
-631
2721
1274
-2485
-1711
-2181
-1448
-744
-1377
-2446
-810
-508
576
1321
-26
85
1316
-457
-237
-1483
-2452
779
-479
274
2368
-1113
135
-1361
-1194
885
1811
1231
-616
2719
1360
-2724
-1701
-1937
-1547
-852
-1612
-3548
-803
-314
392
2980
-103
563
491
-337
427
-1407
-2016
458
-85
115
1248
-869
1088
-1765
2620
202
2991
4154
-638
3003
1112
-2825
-1378
-1700
-1421
-585
-1278
-3808
-791
-374
1324
1565
-14
127
416
-355
207
-1396
-2180
415
-517
272
2003
-1020
313
-1255
-1133
1228
1780
1889
-633
2947
1418
-2425
-1539
-1936
-1595
-978
-1285
-3676
-804
-389
491
2263
-134
305
548
-417
115
-1481
-2263
373
-142
1502
1601
-964
669
-1946
2115
507
2291
3271
-719
3106
1242
-2836
-1605
-1983
-1536
-514
-1416
-3541
-829
-386
524
841
-67
41
960
-408
-29
-1522
-2210
370
-311
2034
2742
-618
-148
-1230
-1313
1413
1404
1014
-551
2654
1223
-2882
-1592
-2069
-1729
-774
-1563
-3527
-803
-353
505
1255
-59
568
638
-286
-171
-1369
-2190
374
-168
140
2410
27
186
-1643
1882
1282
1489
2153
-592
2823
1219
-2806
-1483
-2045
-1623
-932
-1268
-3383
-802
-415
971
-146
6
237
536
-455
-233
-1417
-1910
1193
-458
467
3969
2908
-789
-1240
-1152
2451
-261
-373
-549
2482
1308
-2806
-1621
-2161
-1539
-1455
-1264
-3650
-805
-445
563
-272
56
322
609
-248
-168
-1299
-2320
346
-344
380
4397
5217
-766
-1759
1840
2837
-906
-378
-573
2437
1353
-2582
-1691
-2373
-1487
-1424
-915
-2435
-800
-418
568
-285
81
117
777
-376
325
-1345
-1621
1245
-538
1143
4548
3062
-800
-1587
-1056
2912
-740
-276
-557
2559
1499
-2664
-1542
-2234
-1684
-1349
-973
-3717
-806
-508
637
118
3
116
1026
-274
-153
-1348
-2417
418
-265
1467
3732
2395
-305
-1724
2037
2550
314
597
-687
2740
1347
-2677
-1611
-2078
-1867
-1060
-1062
-2778
-809
-441
436
762
-11
261
1386
-346
-41
-1434
-2395
674
-320
1574
2953
-792
181
-1573
-1476
890
1802
1148
-499
2848
1281
-2825
-1596
-2115
-1611
-911
-1351
-3618
-800
-425
540
1284
-39
19
775
-350
386
-1391
-2178
473
-260
2701
2457
-284
263
-2031
1960
1149
1746
2314
-666
2833
1284
-2548
-1653
-1946
-1942
-646
-1066
-3598
-796
-479
433
226
93
-227
1429
-329
-73
-1335
-2350
800
-670
1968
3611
-516
-85
-1509
-1199
1058
1156
487
-647
2690
1378
-2612
-1530
-2143
-1605
-1029
-1167
-3639
-772
-300
414
134
151
291
722
-345
123
-1366
-2373
400
-578
533
4032
3447
-156
-2171
2644
2002
-23
769
-636
2735
1468
-2726
-1644
-2538
-1648
-913
-994
-2145
-850
-733
605
-78
241
-333
1173
-435
973
-1440
-1704
2191
-902
1262
4535
3573
-870
-1334
-1426
1986
-289
-429
-518
2336
1534
-2627
-1755
-2177
-1881
-967
-1138
-3506
-833
-497
1341
-203
85
518
385
-353
-493
-1475
-1410
305
-730
92
4231
5312
-875
-1408
1818
2393
-654
-540
-606
2455
1410
-2309
-1710
-2520
-1644
-1227
-1424
-1016
-804
-414
430
-485
190
-124
956
-354
669
-1434
-1472
1662
-1047
2076
5189
5608
-1154
-1260
-1378
2498
-682
-437
-690
2515
1525
-2956
-1467
-2417
-1911
-1131
-1025
-3725
-801
-420
483
-654
72
141
-26
-334
671
-1369
-2010
395
-676
327
5474
9882
-1255
-1530
1766
3985
-716
-427
-566
2357
1572
-2500
-1594
-2397
-1639
-1487
359
-484
-794
-424
499
-524
161
-56
1271
-394
698
-1418
-2352
1453
-826
2986
5554
7189
-1273
-1555
-1036
3087
-789
-299
-725
2354
1453
-2862
-1745
-2337
-1460
-1311
300
-3654
-830
-499
589
-638
85
0
395
-370
687
-1427
-2363
394
-570
2806
5635
11630
-1378
-1572
1656
4436
-712
-374
-571
2212
1438
-2726
-1636
-2370
-1269
-1283
1150
-110
-859
-755
579
-594
234
-190
1213
-526
1754
-1494
-2547
1782
-807
4158
6238
10220
-1303
-1580
-1360
3836
-633
-322
-517
2247
1501
-2708
-1911
-2412
-1004
-1334
958
-3553
-797
-381
526
-1094
56
382
568
-385
579
-1352
-2465
313
-467
1642
7023
14389
-1386
-1865
2161
5774
-654
-404
-592
2238
1458
-2876
-276
-2765
-1737
-1837
2561
-375
-776
-358
492
-1423
195
-370
823
-258
1810
-1211
-1975
2044
-826
1230
7666
12897
-1434
-1483
-1112
5205
-796
-305
-551
2076
1743
-2627
-551
-2600
-1540
-1943
2323
-3752
-797
-443
1093
-1139
76
209
-589
-416
756
-1355
-1553
256
-638
526
6638
13696
-1356
-1709
2173
5505
-680
-403
-654
2252
1620
-2564
-156
-2703
-1618
-1925
1364
78
-779
-501
698
-1484
280
-346
307
-212
1823
-1303
-1726
2620
-1131
1466
7600
13628
-1432
-1180
-1210
5179
-727
-545
-684
2014
1617
-2546
-288
-2737
-1789
-1888
2121
-3177
-782
-378
583
-1208
280
204
585
-159
497
-1239
-1817
584
-1021
185
6723
13875
-1409
-1603
1979
4981
-787
-466
-637
2171
1596
-2615
-641
-2781
-1309
-1716
2457
335
-782
-345
454
-1078
284
-125
634
-345
1825
-1364
-2093
2121
-1072
1426
6733
11485
-1201
-1474
-1444
4573
-686
-313
-588
2345
1637
-2799
-1672
-2757
-806
-1723
1540
-3276
