976
75
-2392
-864
-1209
451
2993
2746
-1440
242
-2723
1915
-170
-1832
2346
-2894
-511
-2223
-3067
-1403
1645
-2418
1672
-2210
2086
1023
-3079
1693
424
-2414
2926
-2379
217
1896
492
-283
2186
-183
1295
-2720
992
1965
-2175
3148
-1500
-623
154
-287
-1213
2199
-10
767
-484
-1736
2541
1726
1455
2757
439
2263
-2018
1622
2405
245
2086
2913
965
-2378
-2292
-1918
930
-2867
-1725
-2987
-1792
-649
1066
3202
-3224
347
1749
-96
511
-1172
924
1612
-1050
1391
641
2637
-155
1036
1220
2848
708
-664
-2202
393
3035
-401
-2527
-1378
-1574
2051
2268
2926
239
1265
-3212
3268
-597
-867
-1401
-67
-1692
1208
-231
-808
-2845
2704
1993
-2928
909
-2502
2573
2983
-3176
-543
-315
3241
1137
-1112
-3099
1181
-126
-2876
2121
-786
-2525
-2685
1850
-333
2810
2152
1459
-1833
-684
-284
2869
-2905
462
-1540
2154
-785
2687
-2770
1206
752
-566
-321
-441
287
-2601
-3276
2157
-1981
-1311
818
-1845
-2298
825
1106
2109
2650
-1375
694
3161
3108
462
-599
-2689
-240
243
874
1746
-759
-2549
1876
-1391
2190
-2626
-2881
1235
-2179
871
1467
-288
854
2573
-1296
-728
-1379
-1274
2297
2087
-1329
-2111
1688
974
1367
-2185
-3001
-2435
571
2928
871
-1205
2398
73
-2487
940
2582
1206
2006
-537
883
1444
-1950
2527
-3210
-564
536
303
-1992
982
-2013
-1783
2989
54
-3105
875
260
-2856
2332
-555
560
565
2533
-971
467
-852
-691
-1967
932
2380
2259
1121
1480
1095
1338
-2525
2481
-2994
-2127
-1382
2500
-1264
-2472
2361
2760
-1567
-309
192
1713
3228
-1929
2713
2421
2523
1575
-414
-1934
-1409
1068
-1219
832
-2088
3219
1562
-2003
1934
-360
-1737
1526
-2143
491
-1592
300
2435
1154
653
-2200
-1556
-2355
-149
-2740
153
-1757
1696
758
-1503
-51
-840
-2055
-64
2642
1346
895
2087
1211
1489
-1472
-925
2538
1594
-1714
-2006
-317
1888
911
-2907
-1603
222
-1772
1863
1245
-2733
-326
-2073
51
-199
228
-2006
-1782
-2249
-2137
-1407
-658
2088
977
-2192
1346
-2058
-1980
-2677
176
-121
-1431
-236
-1188
1693
3018
1206
2846
-936
-2615
-1038
1727
-2975
-463
-1357
-1362
2224
1281
-2155
-2480
-2200
1317
946
-535
-2319
64
-93
-1722
1865
296
-241
-1396
-2663
-2511
491
1971
-661
1225
-366
891
-102
-243
-775
-1961
-931
1139
-1113
-831
1024
-2099
47
-3036
-2955
1283
1614
1918
-1078
1001
1482
477
2024
2034
-1000
-978
-1512
-3151
-1270
1264
-430
-2971
1718
1637
678
-2492
2396
-2754
-580
3197
3018
-2197
2941
-2758
3123
-994
1326
520
-2133
294
470
-777
-807
-2003
-2309
1785
-689
800
-139
3213
1333
-247
336
-346
-2865
-2830
2636
95
1910
-2152
2106
-2988
1648
225
-2376
-1373
929
-3054
2449
2845
1829
-2886
1322
906
-2018
-409
2364
-2962
-2470
2333
-1573
-3115
186
2567
-2187
-1607
2333
-3173
-2316
-2737
1458
413
896
434
-2661
1409
1958
2938
1753
2980
-2248
2726
542
2563
-2457
272
-1619
-2859
-923
-3090
-3018
1062
-1411
2958
-1034
-1945
-2731
-2923
-294
1050
-2834
-2300
203
-475
-1198
-1805
-2910
56
423
-2200
2259
-1918
-891
2557
-1336
2553
2168
2087
1140
-14
3259
-1543
-1889
2632
-391
1115
2739
2790
-2603
2194
2537
-2292
3000
-1508
2265
-2279
74
1161
1348
-2196
2838
2149
587
-983
2355
-3029
-2809
1364
1499
161
686
-2525
936
2613
-96
411
-341
-971
9
-1208
534
-1140
187
1430
-1960
1715
922
932
-1236
2760
762
-3089
-2925
1640
812
123
1638
-591
-2162
-2382
-2519
1008
2228
-2076
-2837
-171
2411
2412
-1236
-1346
-668
-3017
1645
-2129
-154
-2860
-3119
-3233
-2402
-1595
-878
1345
1723
2028
1909
3126
-3230
2765
535
-562
-2335
2919
592
-346
2763
2154
611
698
-96
-2858
2303
-2462
-923
-846
2664
-29
927
-2401
2287
738
-404
-2000
975
-2799
-2448
-1489
663
-2386
2381
244
2740
1770
2263
-1078
2082
-2385
-1453
762
-1855
-2537
-3177
1636
1787
531
-2734
167
-1164
-2494
2604
-2158
-266
148
-2532
1581
28
-2434
87
1161
-8
1060
90
-2292
-1126
-735
2886
-1656
-1659
1381
2770
-785
842
-2005
1411
-2802
1006
-2409
-1564
-3254
2021
377
2355
-2302
2555
-504
2334
-1272
2812
1115
-949
1923
-1019
-2422
1096
1757
-2280
-1897
-2010
-512
-2293
1017
-439
-1317
-1977
-759
-940
2481
1236
-403
2229
1366
-1906
2705
394
-999
-2722
-1687
-2840
-293
1177
-3064
-321
-2153
1579
-809
2824
1500
-2261
-147
-250
-2149
278
-2217
1870
-2847
2604
-1536
-1285
2251
-2504
53
922
320
635
-2521
-1928
2315
-1370
3179
67
3184
1564
2086
1777
1522
189
1226
1920
3129
591
2139
-861
-1279
-1848
1130
-371
1460
-2496
-2796
-2372
2297
1910
2636
2098
1523
-1973
-274
-2180
-3207
3
-901
2356
925
-2068
1024
-278
-546
-108
-767
1190
1181
1967
-1053
1395
2106
-1312
-746
-286
423
2608
1556
-2697
-823
-750
457
-1544
-1820
-861
-2632
2089
-1328
791
-2029
2643
-2287
2925
-480
182
1127
-3190
1577
-1196
-696
-579
2792
-1186
-2673
1250
-3028
-2896
-2270
1457
-3045
949
1684
3041
-2971
-591
-3109
-1965
1442
1081
2601
2414
-507
-1030
3088
-327
-2536
1783
2108
2832
2668
-1323
-2288
-2862
-2496
3213
817
-3256
1281
623
2566
-1366
-628
-3106
-2851
-951
-2915
-2067
-902
-2286
-2518
-1814
-278
-2605
-887
-1596
1891
-1940
-259
-993
-1426
-1274
513
55
1135
-2755
-1610
2915
2890
1210
-2240
-2673
-1094
62
528
1701
2568
1582
1579
-2708
2171
-1643
2039
-1283
-2642
-158
-1538
-1510
-1330
1228
-119
1021
993
1297
2347
-815
-693
2382
-2954
-1087
458
2693
1022
1640
-268
2495
1159
-887
962
-1823
-697
-750
-3181
-458
1521
-2981
-2039
-16
1189
780
2473
40
3
1257
954
763
-1286
3042
1827
2374
-2292
2206
2355
2302
-1603
414
916
-1986
1956
445
-2248
1933
-2716
-3245
-270
-135
3050
-2597
-717
-216
458
-2137
-3096
121
-2995
1295
17
2409
2196
-675
907
-871
-282
2464
-1421
-1406
-2172
-1085
2616
1659
539
-3254
479
224
-255
2572
2948
-94
2718
-3049
2376
1296
-2899
-1201
-1662
-971
-2984
673
248
1801
1148
591
2076
1919
-460
-511
185
-1264
2168
1760
1454
348
2822
-84
1219
-2746
2671
2616
3140
2250
-3011
-2555
1857
-282
1008
-2653
2175
-1852
474
498
1593
1588
381
230
735
-1214
1163
683
2001
-2236
-2733
-2033
375
1855
351
742
2229
-2177
2766
179
3181
-450
-2264
1073
136
-277
399
881
2621
-857
-868
-2281
2688
2301
-1451
1643
-1312
-999
1107
1106
-21
-168
-1584
3196
-2897
-1946
-2599
1275
392
634
500
-2974
-676
153
1392
2125
-2276
-2552
2249
-1203
2286
309
1833
2769
-838
-157
-2369
-1504
1579
96
2296
-3021
2541
1988
2122
-1176
-1231
2310
-2887
-1249
-371
1023
-342
-1840
1517
-2300
2748
-3143
-448
-2666
-1281
-3152
2572
-1823
-2803
-80
-690
-2088
1461
-987
1277
-357
-2069
-2046
-334
-2051
2026
2845
276
1207
-980
-2718
-1505
2406
207
525
2146
-2269
1359
-1881
-723
2153
-944
-421
1284
-1091
1892
-2434
-1795
121
-570
-1016
1295
377
-737
1520
-2296
-331
-1194
-2095
-2834
2562
-2719
2683
-746
1654
-1433
3105
2332
923
-800
1732
3272
-3023
18
2005
1328
3168
1099
-2265
-2514
2431
-3193
-1496
-1560
2845
-2924
204
1493
-2873
-1950
-2257
-2931
1349
-1672
1296
-552
1333
-2141
1743
-1426
-2101
2890
-2305
-2349
178
1753
-628
1530
-1700
2723
2477
-1844
-1283
-1473
-1718
1041
-1699
-321
2658
-721
-559
-1457
174
900
1125
100
2122
1058
-1086
-216
2990
-2663
3157
-1696
2945
-1784
1876
-292
1673
-2783
90
1273
1601
-1296
-1565
1270
1927
-735
59
-1532
-1978
-2413
3107
-3044
3112
1508
623
-2146
3234
2534
1677
-2841
-2566
-2338
-3219
2025
-2521
2994
-159
-1548
-1645
1389
-3162
-1724
-500
1259
1959
727
-183
-1687
-669
-1681
1745
173
2323
2997
-496
-719
-1909
194
1136
-25
-2532
440
-1008
-2255
2403
-1977
1330
880
-2928
-1860
-3043
2684
-2037
2508
-2537
-1270
-557
-2427
671
-3220
-268
2815
-1860
1433
-526
-294
-2523
-1392
-2493
-3051
2632
-218
724
2926
-2091
-3118
-2015
2127
-773
1381
2432
-3222
-1998
171
1171
3214
868
-2669
1677
-2061
3044
1670
815
1651
2030
-1890
-771
3184
2501
2709
2092
-1881
2302
-1679
367
2869
960
2990
-1768
-2470
-519
2888
149
1844
-709
365
2805
-2527
-778
-532
1907
-1567
1327
3063
2823
-2524
2662
-2563
1337
-1269
2355
3014
-2156
-608
-2652
3239
-1662
-1783
-1466
1680
-2858
1695
1038
1629
3182
-1124
1048
941
-1096
-180
-1766
3023
-1619
1896
-1389
-662
187
-3103
2432
2297
-934
-3235
-744
-31
-707
-1387
3013
-2857
1810
2302
-1377
-2581
-1987
-547
-1631
1996
2146
264
152
2487
-2307
-2559
3066
2598
-1459
-1339
802
1970
5
-2361
-2922
-2415
-1963
-704
3030
2572
-2479
-2855
1088
-979
-3091
2492
1952
-2465
2833
1225
-1573
1231
174
3263
-1957
-2813
-2123
2003
2286
-3031
-2119
1849
1093
1118
2546
-1408
743
-1669
380
-929
1003
-1049
1742
2108
1009
-748
3247
-2214
-1099
3001
3203
2617
-306
-3062
699
-1193
1551
2652
-2375
2633
-2018
-1314
-3233
-91
2973
-2847
-1718
804
1792
-3139
-1580
-1222
963
-1515
2014
2376
2964
-1095
1007
2507
2065
569
-2545
-1986
-1729
2558
-1732
-225
-3148
-343
2017
1186
1202
-1397
-1650
-343
2851
795
-2803
-3148
-2264
-505
-1496
3234
-2443
-1353
-2516
3211
3203
1140
-383
2493
1733
1068
-2317
-3002
-336
-1989
402
2774
1832
2920
-2357
-3109
-964
-3013
-1001
928
116
-1065
3234
-482
-2564
-2134
2137
-959
-911
3263
2536
2713
263
157
2670
3204
3235
-72
-3165
2761
2867
-1082
2155
2974
-1797
-1708
-143
474
-1048
-2005
3117
3040
-2784
1151
579
-1763
-13
1561
-3200
-2721
-1086
-1311
592
860
1685
-2963
2003
-1191
-2304
-523
-2716
-287
2023
-608
2822
-191
927
259
-894
192
2550
-1825
2831
1010
973
-2894
1854
2496
-1901
3014
-376
-1876
966
237
3082
2018
-2793
1712
1106
1582
2897
-2771
-1845
3088
-26
1133
-1975
-588
2411
-2254
-2684
-736
-2697
-2910
-996
2559
1722
2608
1191
-2491
-2958
-2752
-2062
-434
2293
-1026
-267
-2421
3200
-331
3229
2178
238
75
-3121
1433
2354
-707
1736
88
2750
871
926
1582
-2482
2769
-1782
1581
90
-1430
-1281
-562
-1552
-1751
2771
-151
-128
1323
-598
2154
-1065
-1206
-845
1095
494
1371
1659
-1898
-2683
-1957
3163
-2318
106
829
-3243
-1649
-1121
3087
288
-2104
-969
1027
-1947
-2121
1732
703
2720
-141
2355
-2906
-808
697
-2505
2928
-3133
2451
494
510
-3121
-2632
1513
2913
-193
1604
2045
-2012
2753
-60
-2979
-2446
2204
3140
183
905
-399
-904
-2111
-1759
1514
1343
-1634
-2285
-3198
-1824
1619
-643
1596
-2762
-486
1625
-1514
-426
-218
2968
-3259
-1889
-2505
-382
-36
3047
2916
2418
-2511
3104
-781
995
3032
3129
-2857
-1102
3054
2127
-1020
-2527
122
-2189
-1330
1986
-1684
-1653
1533
3176
1729
2386
-1091
-1699
2208
693
3045
1327
-504
-182
2545
2537
548
-1841
-397
1721
278
-549
-965
1980
-2088
921
-1867
790
-1831
-2037
-3136
-1702
2655
-3018
-785
-697
1008
-2377
-3106
823
2153
2930
340
1828
2768
-1705
-2239
2810
3241
-931
-545
-2456
-1872
1795
1755
-1074
2500
1450
-2173
-2456
2456
291
870
972
29
-681
669
-270
1515
1004
2214
-359
993
-822
791
1177
-2374
-157
760
397
-873
349
1249
-1423
-1360
-3187
1045
1448
-11
-365
2206
2302
836
1624
2385
2161
-3248
1082
1917
-329
596
-2890
-2207
1171
-3251
-1241
-318
-1145
-43
-1727
1470
-3050
916
-3144
-827
737
-1861
2261
-2356
-1692
-2492
-3166
-1016
-89
3144
-1641
1265
594
2965
3167
-80
3235
3214
1599
1287
-350
-842
-1035
864
3097
-2905
-1887
36
1701
-1041
-1711
-1482
-1180
-461
-1924
-2590
578
-2987
-2456
-256
820
3232
2469
-2840
-1983
2423
-2664
1853
-349
-2835
-2079
-2441
1961
-1799
1322
-763
-2856
660
-2275
-1563
-288
2885
-2599
-223
-2524
1920
-1546
-379
1377
-2534
-646
-1239
-620
-540
-1151
-3043
-718
2591
-1358
1797
2428
-2419
-2658
2736
1328
2300
1436
2866
-1845
2892
1174
-1002
1941
-120
-15
-2544
2253
600
2218
-994
368
2075
1014
1237
1008
-915
871
-739
-2703
-1974
1835
-3057
136
-2630
-2059
878
-131
-1385
342
-2528
-1159
2219
2200
2237
3102
-2440
1013
862
2362
1650
-2250
125
1404
-2066
2013
-3213
533
1497
1664
-3260
504
1110
1737
-1537
-2813
-2491
2234
-339
1842
1241
2270
-3049
419
-2643
2834
-1938
-1575
1528
3118
291
1165
-377
-3038
-2773
229
-3018
-862
-197
-1166
2446
609
2192
798
-1682
1417
-1020
1162
-951
1769
1464
-1536
-359
-491
-3081
-421
-2911
-1501
-1413
-141
-1336
-920
2375
1069
-2351
281
-2800
-1473
-2734
-3202
767
3204
2255
2019
2830
-2065
855
545
-900
738
523
-103
-2682
2725
226
876
1798
939
-2317
-2800
-1299
-1686
-2649
-1899
1577
-2756
-1962
2277
3019
501
2518
-2690
3058
2346
3273
-3172
-1360
-1257
-2408
1926
-1203
-1191
1310
2942
-70
109
-726
856
2690
1760
2850
-1632
1757
1089
1835
2762
1944
-3123
1802
120
-2686
-303
-800
341
-485
2037
-1042
2729
2443
-983
-1374
184
43
2438
-442
-610
-1251
-750
2670
-2081
-2603
919
91
36
-213
371
-1123
-33
1133
-681
1905
-578
-536
-1920
-1514
959
-1351
614
-3275
-262
-1145
-2556
-1489
-48
1604
-1402
455
2998
-2592
78
1589
1683
-339
2041
1911
3158
-3179
-2120
150
3032
3096
892
1515
2504
1091
775
2427
2666
-1582
1866
906
705
-2366
301
-2771
1409
-1958
-1805
2310
-1018
1957
-2565
-225
-1068
2641
2060
2829
-2684
2943
-3131
-1027
3009
2553
2472
3221
290
2810
2854
3172
864
-393
1350
1668
2051
901
2574
499
977
-1682
-586
-506
384
-2647
-1744
1107
-91
-2423
-353
2350
-1075
-1479
-637
3136
3096
-1091
-7
-154
2002
1763
-2587
1295
1222
-2716
2223
-2665
2129
-1747
1094
125
2231
1698
3063
2726
1486
3047
-825
1853
3102
-993
589
-1645
1084
-807
195
-1373
268
1242
44
-2393
2591
1953
2858
-1590
496
3267
-2833
-137
-1159
542
-2060
-2801
-1377
1110
1914
10
-3252
2613
1333
1315
3123
-703
197
-689
-1461
1827
2279
-1595
2121
-1823
-2862
-3073
177
-1810
-914
-1581
-1871
-52
-924
-2891
-1579
2471
2822
-400
-1632
-1427
-758
736
1202
67
3250
1793
-1434
1365
2625
-1674
124
-1324
615
-2766
2876
-3090
-1651
2635
695
3222
808
2076
2355
2756
1090
-630
-1129
-565
1767
-2936
2571
515
422
-259
2835
3068
2490
2677
-1134
1727
-1529
1626
1506
-3214
-3132
515
-1581
2782
311
2903
275
-2194
-762
656
1771
803
-2774
-324
-2586
-2741
256
2902
-1523
3130
2799
1082
700
-77
-287
214
-2635
2769
3187
-682
370
-1219
1135
-455
-2310
-833
-1199
-2918
-2200
-1610
2737
-2322
-203
-2908
-2436
-1111
-2743
-2004
-1036
-641
-803
831
-961
-1296
-1346
-1768
2020
2308
-3250
890
-2230
965
-212
-159
-2155
2656
-2320
-1696
3224
154
2774
-1663
3107
-2647
134
2602
1504
1095
502
-2533
-260
-1803
2961
2271
-211
-3164
2046
-1138
-2651
1844
-2575
2412
1068
-3199
-2485
-1930
1250
-2425
-1000
2311
2724
-1915
469
-2895
-506
-1681
-3136
2908
1031
1690
2227
205
-597
3001
604
556
220
3103
-937
1412
2130
-3125
-2262
789
-1138
-1694
2046
-2512
1940
-2492
2407
-1319
-1858
-2561
-514
-1304
-347
-1355
2163
2778
2116
2586
-1998
-2701
-981
-100
2976
47
-3141
2173
697
-327
1605
3220
1722
-1099
-667
-1669
638
3158
-2980
-3185
1191
2617
-717
-1917
316
-637
-445
3250
-1117
-1483
-396
567
-2334
269
231
-2263
-461
575
-388
647
-2831
-2912
3062
-1309
2787
1644
241
-568
156
-511
719
2274
3183
397
1212
-892
-2665
-1621
-2822
3176
-1813
-977
-2975
-3085
-2323
21
-1248
-2931
-2181
-2956
77
-2571
-1041
-2288
-2473
-2978
170
-2283
596
-1081
3106
2429
-927
2526
-1056
2499
2625
667
-382
2227
2402
-3060
574
1379
367
-1414
2658
-399
1042
2500
-3064
-297
2498
-2086
848
-2974
-3028
-572
-1798
1138
1876
1994
-1409
2048
-1034
-2857
2855
-2658
1345
-1458
-2887
-2226
2577
-2300
-683
584
-2545
2317
-384
867
-964
-1944
-1606
1595
-2275
1349
51
-2789
-1094
-143
-531
-2752
2363
1131
-1900
831
-1815
-303
-610
-1394
-2847
827
-2447
567
1810
2303
-946
-450
2781
-481
479
1495
-2362
-1712
-1743
1887
221
947
727
-3052
-655
2594
593
2351
3169
-2230
-2719
1533
1452
927
-3034
2565
-469
1041
1588
-2240
3102
608
-1560
-2557
-569
1665
-2531
2920
-2460
724
2605
-2364
618
-1378
-521
-810
86
401
-928
-3257
1174
3095
2691
-1007
825
-2942
-1199
-1050
475
-1570
-148
2051
2161
1150
680
-2455
-1313
2136
-1862
992
-778
2900
834
-1149
819
-2751
2745
-2844
-2168
170
3047
-786
-2405
-2177
-1808
2318
-3098
2950
-572
-498
-1684
-1627
-960
-3062
1111
1168
-2633
2803
-1307
-2067
409
-594
2777
2427
1687
1908
-844
-643
3214
-66
-1532
2236
-1235
1117
-1049
2181
-2907
-3135
715
-2197
-494
-1447
-1262
2504
3173
-1413
-2593
-2405
-2510
1129
2733
3011
1645
-1123
-13
2809
-2824
-2182
89
2084
-824
-1911
-2790
-93
318
995
2052
57
-170
2635
-825
-744
-1013
-1061
-2081
84
294
3248
2358
-2208
64
-1362
1884
-3116
-2121
755
-1214
-922
1629
3035
2472
-975
1659
-873
3170
-129
-3272
-2726
82
2466
89
490
-2456
-154
3250
138
-2254
-1274
-1900
-2869
1480
2133
-2222
3105
2491
297
-1035
-3200
3207
-1258
-1594
-2389
553
1681
-2082
493
-2532
-2626
-2252
-2538
383
-1190
2003
-662
-2853
-2162
-580
2139
-2967
1571
-1752
-156
600
-3080
-1034
1277
3077
-2389
1867
2986
504
1041
422
-2481
1404
121
3147
-181
-1491
849
-2583
2924
1525
2072
-15
2915
-2097
2215
2824
3249
-2477
-1471
1768
926
-713
1468
-2423
1795
924
-1655
352
2946
907
-2011
3000
-13
2477
2698
-136
-148
-392
-94
1090
2352
-1782
1786
2579
-1020
-650
1345
2053
534
24
2906
-2021
1544
140
-303
-1744
-831
-2340
-501
1470
2790
2769
-2325
-3219
1551
-2032
3180
-1838
-1775
-801
-2311
2511
1923
902
-1268
1372
1885
2297
900
2389
787
-249
-1576
-3017
-2555
-1363
-252
1052
-659
459
1832
-20
-2956
113
-1116
2857
1172
117
1238
681
1450
2091
-247
-1869
-2872
791
-2754
-1206
-2939
-2636
-1768
-1084
-2439
316
3033
520
2499
652
2450
-410
-955
3115
-781
-775
-2491
1767
-1831
5
727
-669
1400
2178
2786
-2585
2464
-1941
2680
2702
-2344
772
-1474
-478
-1890
2058
-260
1093
-1011
-153
2671
-2536
-1782
2564
1181
3265
-1305
-924
2991
-2779
-2492
1405
3198
2201
2910
-192
2598
-1088
-2291
-991
-436
2694
-2415
758
-1344
-1532
-1247
2065
583
-29
-418
2181
-1613
1647
1873
-878
136
2185
-1504
-2676
977
1231
-539
-1534
1104
2063
-2095
508
2941
2285
61
-1391
-2906
110
-679
-2196
-2185
1968
-2361
2425
1263
433
-2380
-1606
1956
2961
-2405
-6
-1904
1907
392
-2669
700
-1732
-1245
-2430
-2155
-1940
2967
200
-704
1334
-2356
2418
2164
641
2819
-274
1472
284
-571
-2048
-1265
2974
278
791
2898
696
1813
-508
1229
-356
149
-3162
480
-2916
-2186
-1609
-77
1794
-658
1383
2027
-2637
2969
2483
467
923
276
197
467
-2874
-1440
-158
25
1586
1599
-3038
2325
-1414
-2244
598
1886
-1654
2297
2781
-1560
-2508
-2626
1109
2582
-1259
-1743
2329
-273
2875
-3091
2353
2181
-2951
2824
1798
-898
-657
2338
-1358
1254
-665
1658
-1051
906
206
-321
-2391
1982
-2310
-512
2222
-2588
-811
2205
2363
2428
572
2879
633
777
1886
-3196
2514
-163
-1220
-2611
3128
1688
1097
-1304
-1388
-2298
2648
2876
-154
-2134
1025
-1794
-996
606
1933
1177
-2702
-1104
949
-2778
-627
1370
-945
418
2209
1504
-1090
-474
-1725
1619
-2946
2877
1063
-2344
1031
2451
3148
535
178
202
744
-2205
2480
1932
-657
2946
-2020
1638
-2650
729
-2659
2850
-2148
3249
-926
3262
-732
18
913
2417
447
2503
-731
2620
1668
-2873
2424
-2559
2875
870
2833
3105
474
3256
-2371
-2937
1070
-1639
-510
-2445
-1103
-552
-2104
1997
-2452
1233
-287
-2095
-2226
1928
-1008
1606
1553
-2801
-2290
-2702
1370
-2603
-2652
-908
-1075
-2826
-658
2986
70
1811
-1468
-884
912
354
-2919
-1969
96
-2707
-2936
-1621
2246
1415
-1394
1375
-623
982
-2790
-3181
-2553
508
-3172
-822
-120
552
1624
-2847
-1063
-3198
3006
1278
-2905
-2410
-3155
1586
-17
1856
1684
-1133
789
-3091
2260
-222
471
-1999
-381
1598
-375
-629
3257
771
-3150
-1410
-482
-466
1621
-2189
2844
-772
1291
1087
2308
-1803
-1081
2301
1329
-2930
-2086
1152
38
1395
2161
-387
1056
-3247
2299
3230
2152
-2943
2702
-239
-1287
-196
1218
-585
2282
-1308
1304
-568
-681
-2821
1847
-1474
-2695
3230
3156
-111
943
187
-1642
-1894
-2369
-2624
35
-1295
1477
3001
-1638
-2946
-2210
-2911
2368
2161
-98
1034
-1212
-409
1220
-837
-766
1477
3189
562
2777
405
705
2236
178
2035
3113
2848
-1967
865
561
-2076
814
-943
1912
2988
-843
-1896
144
2122
-931
-2343
318
-1145
-2285
-2311
-1142
439
3192
739
1076
2282
-1497
2178
2031
-1758
2273
2168
-1838
3166
1797
364
-1966
1971
-3233
298
1252
670
3263
2057
-339
-595
-3200
368
-2937
2684
-1585
1908
115
342
-591
1325
-1759
-1037
-128
-2267
-1156
-2659
262
648
1636
-819
-3081
-2322
1741
-2757
-2682
-1118
2090
649
1078
908
-1396
2463
1510
-1440
-997
-77
-1389
-3180
-1867
1861
-856
-2117
2585
-793
-810
-1333
-2175
1925
-379
-1793
-3230
-427
1514
1179
-1141
-2469
3156
844
1584
-487
-2317
-3248
-2668
2031
-2769
-1845
3160
2466
-1795
-687
87
2271
-218
1405
2141
-2591
380
3234
-2341
1902
897
-301
-313
2763
2252
-966
-2068
385
-3041
-2080
-833
2663
1789
-727
3114
-1962
-1182
247
170
-149
-479
-412
155
-1325
1631
3095
-3194
-3272
1163
-1259
-2110
474
-674
-720
-1647
-3151
-123
-1911
-122
-495
2303
1840
-1758
2083
923
392
-2555
2987
922
-297
1794
1288
1471
546
-2792
-2683
2787
1959
704
-394
3102
-1945
-2458
707
-2710
273
-2394
321
-1472
2486
700
-3263
-2677
-237
-408
-979
-2525
-480
818
-3166
1059
2944
2512
-2934
2594
-1668
-2620
1516
796
-566
241
-1488
2864
-29
1924
-462
-3178
1654
-2746
-797
-3085
406
-2164
2532
-3247
462
-332
503
1839
371
2924
3048
319
625
124
-1513
2077
-2510
-1199
2903
2776
2766
1718
-1333
972
3049
3212
878
830
2496
2756
-2345
-477
1448
386
1444
702
2132
2024
-3225
-38
808
2215
1971
2066
2166
-2758
-134
-2357
-1119
-986
-598
-290
-1671
-1403
-2090
-2918
-2462
62
1553
-782
-2383
-219
-3220
3
-2803
2262
-3131
185
-1512
2779
-132
3191
479
-2980
-1528
-294
341
138
-1560
-620
-1195
2404
-1356
-898
1571
-2759
-3106
2520
-1227
-3094
-1505
-438
-2369
490
2361
86
-2372
3046
-3170
1834
-2738
3036
726
-831
-456
2548
-3201
3163
-247
2043
2760
-411
-2209
-2667
-1922
-2688
451
-766
-1363
-178
-1156
1765
-1763
2739
-1695
-591
992
2428
-23
-1941
2820
706
1762
-2095
329
-1530
2888
449
2230
-1070
1236
2401
-962
-2396
-1890
-1253
-2475
-1959
-1708
1221
2339
476
-323
1211
-656
-147
892
-1027
3274
2174
-1319
1584
1259
-2539
-2114
3087
-1241
-3096
671
60
2780
-2807
2861
1429
979
1713
-1645
-291
225
596
-13
176
-2835
-3056
-830
3025
-1050
238
-3058
-1816
-916
1796
2768
-508
2680
2454
-1476
3068
1446
277
-1595
-911
-1525
447
2566
1584
3270
3207
-65
-755
-1626
1684
-2725
-2916
255
-2502
-2539
-540
-1387
2291
1764
2712
-3243
-106
-886
-3201
-731
-1521
-208
-1904
-851
783
-277
762
-333
2713
1827
3091
1318
1389
2848
-3145
-1355
1851
3238
2931
1949
-3164
1809
412
2331
-1936
-36
-857
-424
2999
1734
-2002
-245
2711
1566
-3052
1517
-1807
1801
2708
2609
3236
-3106
-182
2804
1338
883
-3214
-2285
-208
529
-794
1911
-1733
-1173
-91
398
3275
476
2174
2918
-1009
1802
1785
1529
2808
2336
3043
416
-1633
-262
209
2139
-136
1698
-3228
2970
-847
-1833
-644
-386
-2570
-2034
-343
1655
2336
365
1011
-2811
-879
1615
-243
1877
110
-2559
-185
1335
3035
2568
619
-770
-2585
-799
1781
-2325
-3152
-1376
2991
2591
1084
2995
1279
-1514
-225
3050
1185
255
645
1734
-2477
1403
2486
-2343
1212
-2502
-1767
942
1655
2392
942
-953
-2717
1653
-1887
463
-2976
-629
3190
-1477
-3170
1020
-2098
2837
-1510
2769
262
-324
2289
447
-2542
1445
287
-2184
-3078
1562
1834
3167
-156
-1984
2274
1928
-2422
-2117
-1505
2762
-394
1747
2667
-2596
-1025
1066
1371
3108
-2517
-1763
1828
-2548
398
677
-2172
2149
-2851
-2680
-1427
-2022
590
-2168
-1433
-2074
-492
-2411
-2213
-3255
2786
385
1564
2340
-860
2493
-2941
3074
-3259
-479
3270
159
831
-1397
-1481
324
121
642
-2122
-1859
-223
2328
-1223
3248
456
-216
-1123
141
-2402
1043
-785
-65
-1889
-1392
-44
2424
-6
-950
391
-2868
-2792
2012
444
-2012
-1156
41
-2140
718
-3267
900
-25
-1656
1745
728
3059
2864
-253
-1006
-3146
-30
2180
2178
1050
-2766
1211
1135
279
-3025
1642
486
-3239
91
1683
1068
-2304
-2022
1528
587
-2752
963
-2533
1837
2511
1494
-1730
-2762
759
-202
3004
-232
2305
207
1961
1907
71
-2926
-707
2463
-553
2009
-1963
-2685
-2584
2768
-1289
32
1750
35
2233
-2742
-2359
-1987
456
487
-2633
2460
-1842
-1445
1829
1400
-820
-2505
2382
-2631
1321
2138
-1418
2177
2557
2890
629
2566
1404
2848
-2527
-2613
-1022
872
-1036
1628
3267
321
-1431
2211
2002
-7
-419
115
-982
-596
3231
6
-1821
-1134
1251
-2425
377
1892
3224
707
2216
3195
-2380
3239
1568
787
-1395
1678
116
-2207
2278
2027
2338
-1613
3085
2352
-397
-1327
-1758
148
520
2388
-312
3017
-151
-2204
-2500
1796
566
3218
-877
-844
-1926
2917
1193
1574
-765
1911
-2618
-332
-54
2727
1095
2458
519
1341
935
3216
-3273
-533
2652
3011
-1380
-1534
157
376
-2003
-1898
16
596
930
1260
2673
-2000
2680
642
-2516
2216
-2104
-2512
2197
-949
2244
2450
-2557
-936
1717
-541
1407
-2570
-1505
3235
-1633
1265
-1572
1850
-3256
3018
1011
969
-2835
-2136
-854
2924
1937
-645
-2262
-3187
-2214
3163
-255
1513
-508
-2898
821
2669
-23
-1067
2552
-1429
2863
1804
-14
2258
440
2694
2686
-790
2566
-352
243
3
2661
2430
1579
2000
411
3247
3006
2599
-3110
-2480
2269
630
1671
1458
-914
-2402
544
1021
2067
-1891
-241
-342
1724
1852
1093
-1139
2909
-2003
915
3019
-1616
-1624
2246
-719
48
1265
-599
-1546
-219
-2156
-2549
-2881
1706
1714
2494
266
1902
2089
-2021
-2468
-3080
-1251
-2874
-23
-19
1384
544
-2190
3047
-2649
-1488
-673
-1548
-2659
2351
-84
-2062
2828
-2530
1085
2907
1539
1756
-1932
-2361
-192
1534
3104
1820
2746
1867
-2071
-6
1721
-1583
765
-1082
-2198
2662
-2231
-2346
1072
-44
2667
3259
-3240
-2286
-207
-1638
-1528
-1234
606
-3052
2012
997
288
-2957
-1520
34
-2491
1516
-2666
-95
3129
1556
789
-2802
561
1378
1856
-1498
-2077
1447
-1010
-2213
2914
40
826
-671
1110
1139
1284
-3259
-2631
1886
-1309
64
1704
2178
-1784
1416
2694
525
-937
2356
2746
-2494
2057
1701
155
2696
-3172
2614
-3003
2983
-435
1141
-2400
-2358
-2736
-294
-326
1348
-860
1607
-1587
-929
2031
-613
-2790
2423
2096
1763
1384
3067
-2802
1886
-697
2913
-2289
1303
1312
367
-3152
1860
-1579
-949
-2820
1891
2842
2992
910
1278
529
863
545
1483
-64
2837
416
989
-2059
1516
1684
2543
-3250
1255
1688
-1747
2198
-1288
-2201
-2610
-2748
-1275
-2187
-948
-347
-2910
1989
-996
2333
-1034
-1608
2548
-343
-813
855
182
2567
2024
-1370
754
-2161
-2560
-2923
1942
-2059
-1499
7
590
373
2047
288
-738
563
3089
1572
768
-2568
2768
-2054
285
-936
1225
-1858
-2112
589
-3128
-3109
2560
-1109
1467
-1782
-1344
2124
1199
-2954
-2570
2834
-2438
-1438
-495
2741
2583
-401
-1980
1382
1873
426
1606
1431
-519
-2132
-1064
-1414
-2764
1102
-1743
-494
482
-2113
-673
2509
-2179
2701
-2966
-3184
-638
-1586
-1307
401
-2388
-3204
-2917
-3168
-1083
-2071
3015
1970
-1285
2446
-556
2167
-942
-696
3192
2839
2649
1504
-1750
-3167
272
2947
436
-590
-3002
-1565
-3143
-629
-977
2114
-1015
288
-2425
-218
-1800
1062
1891
-3098
1784
1065
163
-1032
-2292
346
1900
2509
1308
1640
-1918
-2177
-3150
-1155
-814
2126
680
1747
513
309
-591
-2051
1532
-62
-2716
1496
-3203
2553
2151
2458
682
-3133
-2918
-1218
-2511
450
-2461
378
1689
2878
658
611
1680
-2366
-788
-2135
53
-3130
-890
-1269
-1975
2661
2059
2671
-128
-2506
301
-531
-717
-944
2096
2639
1406
-1214
-127
-2400
-358
3041
-1601
-2148
-275
-1474
-2278
333
1484
87
-2261
-1679
-132
-321
3098
2902
-2284
-2676
97
888
-1446
2019
-911
356
-2123
705
-2181
-232
-2109
-2680
-535
-1017
-1412
-1946
1732
-1417
-782
258
632
3243
221
377
-1543
2649
-1401
-1036
2427
-1974
-1042
-1590
-221
1846
2116
-2016
1129
-1290
-420
1474
1940
2933
-2527
211
-431
-1578
2243
1783
-2562
1453
-256
-1801
2954
785
214
-1314
2156
-1474
-2865
1047
-1126
-632
-1308
-629
-1671
-396
2866
1293
3139
-714
1646
-1630
1293
852
2292
1912
1561
2710
-2333
2157
-455
2755
-520
-502
2449
-455
-2090
-1662
967
3079
2191
-1930
-638
-1568
-103
221
-616
1428
2471
2424
-1080
2193
139
1349
1447
1197
-1495
1043
-2823
-2567
90
-1177
-355
2200
-2052
-3261
2194
-1540
-294
1947
-583
-2719
1436
497
356
-2024
488
2192
1532
-2200
-3047
2014
-2783
1601
-2320
1361
3074
819
-1214
-853
-200
2461
2053
30
2781
-2335
2951
-2302
-316
-801
1579
-1940
-265
-1452
198
1259
-1487
1852
-65
-875
2670
-2103
1672
-749
-97
2952
2292
-301
-2831
-1598
240
-2889
3243
-1555
2799
-1032
1346
1600
2488
1604
2921
-973
55
2491
-1767
-3217
1858
-1573
-1195
1700
345
-209
-3269
2016
-3125
-1192
-2617
-946
538
-1672
1808
-1779
-394
1201
1174
85
-828
-1211
-754
-869
1343
341
-343
-222
420
516
409
-2336
-1716
-78
-3222
-3270
-3008
1814
1579
1980
-1908
201
1383
2373
-24
1299
-745
817
-2431
-453
2650
491
298
-708
-1274
2553
-363
1686
3255
-123
665
1179
2075
-2832
1351
3195
-2241
1925
1500
-2383
993
-476
2373
-2976
-317
-2520
2133
-2045
-149
-1964
1530
-1944
-1576
-1675
1297
-1421
1596
1893
-684
-3127
-1513
-1897
1543
-640
1840
1875
1894
2663
-2197
-712
3066
307
1507
-2786
2235
-1805
1013
-1007
1554
-2556
-2109
-3215
218
-1593
-2411
-916
-2619
2993
2398
1193
-1623
2709
2130
-14
3260
-2330
1345
2497
3085
-326
-2181
-2952
-1194
2822
-3004
105
-1548
380
2428
992
2525
2150
-152
2862
1338
1113
293
2690
-2471
-1964
2016
398
-1897
1579
-545
-2936
-612
1878
1528
-3101
748
1356
-1565
913
918
1556
1101
-3197
415
-481
1580
-2971
599
919
3128
-1897
-39
-1908
3224
-1099
330
-647
2488
1119
1443
-346
1677
1442
3054
1218
-2958
-2568
-3050
-455
-1914
-2935
-360
-444
-2662
2736
1061
557
-2374
2336
-2971
1313
2082
659
-1053
250
-2622
-171
2107
2440
1882
420
-1070
544
434
-3204
-323
2377
1337
-1527
-729
-917
523
-1956
-1265
-2101
-2550
-3223
1972
-2555
-3099
-2018
2402
620
-803
-2261
2296
2355
-1999
611
-2599
-2856
-3214
-1325
1020
2273
-1307
699
-798
-1982
-2130
-2989
-2237
-2160
2669
-3234
3081
-3213
-538
2575
2175
-278
1466
-901
-457
2578
1618
1794
-1524
-1420
770
2223
188
-2178
-3184
1241
2482
-27
-3016
-3124
-401
1823
-2494
1183
-2292
-2290
-2074
-196
-1549
-3056
-1459
-212
2265
2766
2395
-1998
1446
1350
-2047
412
1873
-1407
-255
1848
36
-930
2754
940
-1043
-2470
2635
946
2597
-3131
-1512
530
2340
-2141
2324
109
-2076
1736
-994
583
-1052
2364
828
480
-2650
-1138
-2283
-2472
959
2790
-2923
2925
3122
2309
-2898
229
2418
-1671
-2225
-79
-2464
2226
2764
-225
1986
1492
-1197
543
2904
-1641
1268
-2101
1108
-1340
-20
2353
1577
2606
-3143
1565
-430
1302
584
2114
-3075
2358
-1001
2802
2013
-804
2067
1014
362
1214
-2075
2063
246
-3009
3110
885
1911
2623
152
-1278
-2482
1633
-3209
509
662
941
-2595
1452
950
511
212
-2450
1266
1018
530
-1975
-2590
-2665
620
2604
-2673
-52
-260
-961
2873
2369
-1272
-1778
1666
-2592
968
-679
-1369
-611
-995
-1721
256
2559
103
-2022
2017
-114
348
-1755
1220
379
2513
-1903
-2599
2646
-1513
2696
-380
-130
-1841
3191
-1321
-3089
393
-834
107
-701
1579
-694
-2555
-684
-1450
995
-1984
-517
2253
-3154
-3026
-2387
2210
2378
-2385
895
1791
-2351
-3061
-1996
-2529
-874
-2412
1522
174
649
-879
1005
-1760
-2818
-3112
-719
1471
-171
724
1172
-85
-1737
-866
585
2910
-2768
-1787
-1626
1763
2065
-1573
3106
1359
3147
920
-476
-3243
2891
-2684
-2250
2389
247
-530
810
-3001
-2868
189
635
-2859
-225
337
-2251
1290
2451
-792
395
798
-2065
660
-2564
-366
-420
1690
2961
-1124
2742
399
-2764
408
1420
-1949
2569
1288
-648
2857
2790
1031
-2553
262
-477
390
-3100
-3140
1556
-2532
-348
-2995
664
3258
-2831
1250
2878
958
193
-1743
3021
3255
-1790
2799
-973
2582
2969
-866
2882
-481
3225
-1163
456
-1051
1722
696
-838
2639
893
2038
327
-975
490
2127
-1160
1674
2819
126
-3243
-70
-2597
-2216
-2610
2460
1022
-386
-1515
3112
1334
1573
-1254
-1304
1694
594
1464
-539
-93
-3188
3188
-1713
2209
2659
872
1319
369
1288
-1452
2856
184
-569
-1842
-2739
-2387
-1647
929
1410
-3116
2670
-403
1915
607
-605
409
1095
1056
318
941
-2142
-206
637
1285
1093
1418
-1079
-2186
2291
2431
427
-951
135
2333
-798
-1903
-1440
-2845
-2190
-1999
2203
196
-1424
-3085
-3200
3151
3072
2998
1036
-114
-1976
3097
244
-985
1451
-1412
476
2430
-1457
2319
-1287
-599
1745
2446
2235
-136
2598
2251
3207
1968
696
-2109
-2529
1860
-2484
3153
-1997
-1451
-2136
-1597
-2707
1185
998
911
2939
2631
1160
909
634
2309
-941
2895
3039
-2797
-1146
-1152
3062
-3251
1544
1245
-448
2880
-1957
-3110
593
2066
479
-965
-1701
566
2989
-3088
1295
-2121
-708
-519
-2878
2521
1047
-2788
-1440
-1175
-3253
-212
-1216
297
1107
2540
-105
3074
-3117
-848
2371
-1481
1478
2555
1175
-985
1589
2112
3199
2204
3176
266
-2852
2791
-2814
2383
-272
-1792
-813
-1511
-184
-269
1074
2209
-1434
-286
1337
-1707
2201
-1286
-3076
-1427
2113
-2714
417
-2718
914
952
-100
-1209
2525
1985
-2247
2070
-2032
-718
-1418
1198
111
988
611
2420
2914
3172
-2278
52
-2647
1484
1484
-598
2550
1991
1845
-1078
-3103
-1016
724
-973
1459
-880
207
813
1162
2325
-2516
-416
2344
3176
-76
2008
781
3219
-1225
-1511
3127
1280
-261
-3248
1081
2389
-2958
-1360
-2540
-2647
-701
-1642
-2060
-2677
1092
-178
1144
-2412
2283
314
1593
327
-149
-283
-2691
941
-1145
3040
1663
386
-498
-3219
84
2117
-1574
-1725
2984
-1758
-2009
2588
1023
852
-1969
2971
663
3145
249
-3224
-46
-1921
2249
2940
-761
1837
31
-2202
-1130
-1803
859
-2294
-616
-951
236
-1017
-337
2835
3150
-476
-1018
2124
253
2238
1203
1796
2112
-2375
2887
-420
-2789
-2691
-933
-2258
-1698
2104
-675
75
-791
-1146
1500
-1297
-933
1746
-913
-2584
2270
-2188
-911
-1422
1495
1008
-457
1418
-258
-2283
-900
-167
2475
-2574
-377
-1220
-710
-665
2559
2945
-1440
770
-3096
2678
2367
2598
884
-214
-3113
25
-47
2124
-1776
-1603
-2515
2030
-1698
2148
3019
1752
-129
1160
1599
-186
-2585
1818
294
-2433
901
829
-1786
-11
531
-3082
-1399
-1438
2425
-1885
2576
861
2087
289
1265
3053
-1441
1393
-1296
2350
-1527
-2223
-1568
-1402
1432
658
-735
1482
1203
-655
1401
-258
-2391
1246
-3012
1239
-1027
-954
-646
1723
729
-1639
-2429
489
965
-813
-3015
-2434
-1812
-3146
1755
560
1968
437
881
1248
-3212
1993
-1102
-1123
2528
2423
421
847
1693
2847
3107
-1108
-212
-32
-905
-1110
-1046
-2629
1413
2211
-1919
-943
567
443
183
1722
-2485
1813
1383
-1241
-828
-3041
2003
-2975
1851
149
-57
-996
-679
-2328
1512
-800
-2965
556
-1242
-1177
1503
1588
48
630
-854
-1914
-1633
211
-298
-904
-3151
-2725
2278
2361
2753
-1731
-759
-1316
3201
-1524
766
-1907
-3247
2426
3030
-1593
3085
1440
-1468
-1554
-3086
462
-3028
-679
-2336
979
539
-257
-2309
-35
1924
