-920
2612
1074
-1573
-316
1428
-671
886
-398
1680
-2326
-2046
-2307
244
1015
-1198
-2841
1109
-3188
-3121
1556
-2057
21
1268
-869
-2096
-1456
-2954
-2022
936
-478
-2169
2854
44
2090
-71
1488
-105
2829
2805
-1073
-1495
256
1895
1945
-2221
-1792
-2331
2244
-1254
2762
2802
-1722
648
-2164
362
1009
-3134
-1799
-1988
2449
-2524
1079
-1588
922
-2175
-445
-505
-643
-1138
-1909
-2164
-2940
953
-2770
2569
-2859
1576
-2733
1212
-2595
-1105
447
1687
1147
-894
1865
2898
2580
2276
-2035
66
-953
1378
966
2825
2939
68
746
2615
-636
-374
2659
270
355
-3072
1721
-3109
1412
484
660
-2109
-661
2651
2723
2830
-2842
1807
1717
1782
2917
1146
2974
-433
-2807
3203
438
-2289
-785
-792
566
665
-2209
2038
-1874
538
2859
-3082
1675
2664
-909
460
-385
-1600
-2969
775
-1530
-497
-2899
-370
-2884
2790
1377
-2462
-35
2692
-2056
2024
1457
1834
-1615
1515
-2554
-801
1731
1323
3117
-1692
-542
-715
55
-3145
412
-528
-1726
-687
2433
-3221
2869
-2644
2501
21
1568
1296
270
-2715
-1021
788
-1935
-1239
-1946
1541
1711
-1741
1307
-2247
-2862
3151
527
-3134
-34
1737
2733
-2853
2693
2878
1902
-2802
-2887
2335
-53
3089
953
3152
-2114
3068
990
134
2404
1179
-588
-855
-3127
-1325
-2150
1151
2723
-461
735
2467
2653
50
-663
-2652
-904
-1810
408
-2228
-607
-2234
1671
2300
-1510
-3197
-333
2719
3111
-1883
-218
-576
1927
2483
160
-2211
-2634
2581
-2096
-80
-305
-833
2548
2517
2346
-2756
-1613
-1747
-2268
475
-2979
1241
-1834
1499
2538
-3252
-13
-1174
1821
-2445
1863
-2344
3204
-447
977
1399
540
-1171
1348
3129
255
-376
42
-534
3234
-1841
-1445
-1604
-2761
-2055
903
-2438
151
1357
1320
2148
-1643
3086
847
-850
-2526
-1040
1911
185
2551
2844
-2993
2816
-880
3189
1964
361
-309
2541
-1926
-891
-1665
1824
-41
2785
-1785
1687
-3218
-1411
419
33
236
953
-255
428
713
1593
76
906
1426
-251
495
-507
-354
390
2795
-2065
237
-177
-2766
-3249
-1577
-2522
697
-433
-836
1152
2707
-868
-137
2139
-1591
-1152
1250
1454
-2821
-431
530
-1671
254
2139
1447
-1036
-1289
172
-2187
-2981
-835
-1206
1253
1559
1516
963
2564
-2709
-1963
-2199
114
1174
-2561
-1720
1014
-2761
2519
-1109
193
2981
-2386
112
2423
2404
-1855
1641
-1804
-2291
1070
-1327
1294
3058
137
1278
1388
-1563
3214
2942
378
-2412
694
-2808
1935
-8
-2814
-3202
2517
-436
-600
-694
-104
-769
-1662
-1676
898
1617
2277
-3265
1326
-2772
3222
2272
1465
1484
-623
2848
-3061
-2846
2782
2320
-2848
588
-2198
1444
-1739
-1323
219
2688
-656
-1572
-2000
2595
-3203
-764
-2261
-129
-2967
1509
2476
2349
-1103
-2509
-1198
810
-552
2379
-1598
-1798
3151
-2468
1152
274
-2421
-695
-2637
1055
-499
2749
-2671
-3084
-645
-2132
1806
726
1044
-1430
-3066
616
-1882
1204
-650
458
-2319
-760
15
-1460
-2602
-431
1742
532
-106
-1166
-2051
322
-2029
2790
-220
-2337
1785
-2005
1390
-2279
-2531
1627
1897
-653
-2742
2151
-375
417
-2186
-948
839
-1838
1474
199
3098
1050
-2576
-851
2181
-2767
2979
931
1432
-1763
-2399
93
-215
-2796
-3122
-147
-1091
-1894
682
238
-1607
754
2731
833
-2107
-1877
-1339
2629
2347
-1601
-2186
2626
-1441
-2111
-949
-566
1235
-553
-2935
-1351
2826
16
1510
-2798
-2598
3223
-3051
1836
-2440
-3201
-2287
1672
391
1458
-2263
2773
-3042
-2204
-911
1793
1601
-3187
389
-35
74
-1959
-626
2083
80
720
-1186
3216
3066
3051
2597
-20
204
308
-571
684
-3098
-596
2621
-2209
-816
-2793
-1651
313
-1445
2100
-1328
-2697
3208
1780
754
-2781
745
-1352
-651
-1580
1192
-3225
-1478
191
340
3176
517
2637
-1591
590
-2691
2883
1347
-2168
-2810
666
55
-2019
-3070
353
1111
-2544
2056
-452
1819
-1749
-2353
2778
-2999
2459
3193
1813
-165
-2459
196
2000
-1121
2225
1371
-1907
1341
782
-2129
-1757
486
-2105
1616
3154
3077
-1199
572
2317
-17
2566
3253
-2494
-1169
-2356
2489
2895
-2314
-718
3255
1661
-1727
-1403
2424
-518
3165
-3003
3042
-424
-1709
-1937
-3154
-2746
1608
3020
1819
-708
1548
222
-924
296
2929
3267
-1842
2178
-529
-118
2968
-1131
2114
1551
-138
-868
186
-1674
-1669
-1102
73
2394
-1450
1937
1250
-2790
1780
2756
-956
-628
-374
1118
2152
494
1785
-2603
-2834
-1730
-1044
-1115
2039
1385
1040
-2407
1337
442
1884
-3083
1873
-408
2510
-2774
1442
2314
1904
1989
-3080
210
-1541
-1849
371
3086
3104
724
-1407
-1168
-1222
-760
-2721
1592
-395
-1347
-2847
1764
341
-575
1852
-85
-621
-1354
1577
3225
2246
1581
-834
1511
-47
1040
-3065
3150
2862
2161
1029
2068
641
-994
-2632
1401
-1991
-3233
1359
-1003
-1945
-689
-1899
-2294
-3217
379
374
1827
345
-2570
3068
2084
222
2185
661
-2783
-1718
-38
346
1372
-3040
1469
-942
2213
-692
-1128
3048
1363
-2010
-2548
2999
-1897
-2223
-2694
-1890
1777
1674
-973
-2484
2259
-1778
894
-2836
1696
-218
2299
430
-2675
-2857
-2740
948
2141
-1577
-1724
2769
-2349
-2066
293
-1087
-2321
2379
-523
-1556
1323
62
1343
-1082
-1800
-556
2695
-2041
2530
-1607
2808
1786
770
1947
896
-1684
597
-2883
2005
229
1863
-2897
-691
2945
-1477
90
-413
-1113
-3260
1540
1653
2832
-3086
-2038
-430
-834
1027
-399
-266
509
-2086
2697
475
883
802
-2647
-2622
-2927
-1431
2901
-181
1914
1984
-2261
-2212
-2503
-2403
-3203
-1287
-3243
311
2093
-723
-1907
-2869
-2322
-1020
-947
2589
-1219
2268
1367
1001
211
-2442
-457
1922
-465
-3077
-1734
-2539
-603
-544
-1340
-452
1763
1811
870
-1481
-228
879
482
908
-1375
-507
1642
-722
674
1883
2846
2701
2168
815
-749
-28
-3119
7
-2006
-2211
3084
-1845
-3202
-228
-1651
902
1194
542
-1849
-2700
-1768
-2041
1089
-1771
874
-3054
-327
-2030
3239
-1056
2084
-3131
1059
2275
1665
-1053
-3206
-1373
-748
2195
-2703
2261
-2692
2518
-1429
1467
-935
-463
2862
1659
-1689
-2022
142
-553
2855
-2653
2298
832
1889
275
1735
-1478
-622
1382
-2362
-315
1143
1368
2560
-2814
2261
1534
-1223
811
1141
-3262
-3126
1549
-85
-1143
-1801
217
2460
-2891
2829
1208
-986
293
2500
-3044
55
-2669
-1738
-1177
-1583
557
-2800
1597
-2235
1254
-2500
2203
-3105
898
-550
-2213
405
-113
1511
-1898
-2749
3091
-1634
-3225
2184
180
-1780
559
1601
-2409
773
-2534
1533
-1752
-3150
-2179
-2654
2830
-2652
-878
3212
-2708
1950
-827
1083
1232
626
3270
113
1624
779
-1495
98
-1268
-712
-1089
3040
-2395
1282
-2861
1414
-2923
2980
2033
-1152
296
-1747
-296
-1655
-1868
1698
-1234
3038
-1727
-1167
580
-953
-656
2359
1688
6
-2059
1956
-2347
-3255
702
2842
2301
285
-1060
-594
1384
-577
54
-879
968
-335
-632
519
-698
1279
485
1196
-2222
213
1513
-2868
-1841
-3229
3041
-1844
-572
-2648
569
-2716
-2462
-3241
-1265
839
1354
1053
1729
1759
238
-747
-2540
-3118
1367
2843
-2026
-286
-1943
-2041
-3085
2481
1148
-716
-1196
706
-2036
-3232
-2785
-2863
-1678
682
2873
2846
3183
3042
-2721
470
-448
-943
-2189
3172
-129
-144
2677
-642
270
2735
-420
1389
-1087
-2174
3046
-148
-685
-2829
2523
-3270
203
1486
-3096
1239
-2221
-3049
-2366
1655
-2915
-896
-1619
-2443
1396
1300
273
3119
-229
-2503
-1258
-476
-2108
436
328
-2589
1769
-2223
-1872
33
1794
2840
1306
-492
58
2108
-2410
-1170
-568
-2348
-1993
1160
2106
-1612
-571
-1168
-1828
2776
-375
-116
2470
404
-3123
1637
-469
1712
-2523
2896
134
-1323
-1098
137
705
-2328
-1109
-701
-2039
1695
-2314
3203
849
215
1276
1646
1553
-1861
-1321
353
-2438
-3158
-949
-318
-2580
275
2999
310
-1616
692
-3110
1983
-2969
-24
-2541
2873
607
2835
1165
-3034
-501
2993
-794
-2978
-1110
-906
688
-2346
862
-461
145
-160
-1483
-757
-109
-3149
-3057
-1476
-814
-2881
-2742
2393
467
-1758
-2871
2076
1537
-213
-182
2690
905
2596
-1329
1064
139
3039
-2101
-37
631
-2794
-940
3270
-1546
2295
-1331
-1658
-1370
2400
-319
3197
1061
-415
-794
1896
808
2091
400
1330
-2571
838
1376
-2559
-14
1127
3024
1975
2740
1518
-3156
-718
-2240
-204
-2559
-2655
-2102
-531
168
1294
2855
1870
-2823
-2472
-65
970
-3033
2163
1824
-2871
-1526
-1838
-2098
-2010
-2390
1686
1165
-2189
2908
-214
-1006
1789
350
-2162
-216
2880
-86
1234
3087
1131
981
-3068
-1888
-1462
-875
-2653
-1727
-598
-1545
-1314
-1446
3243
-290
-512
907
618
2903
-2852
-439
666
-1693
-820
-2925
2334
-1769
2447
-1631
690
1724
-1177
-2178
-2948
1540
2957
-1394
2568
-2831
2715
2094
1545
697
-333
-2037
1070
-1455
3072
-2168
3109
887
-2190
3072
1392
1543
2613
-464
2733
-743
52
62
2996
2606
2433
-1533
1401
-1755
2229
-784
-2756
-1940
-2500
2625
2813
85
-624
-2433
-950
1249
404
-2373
-1213
2165
-782
583
433
391
2695
-2790
-837
2367
1002
-737
-2890
190
962
3068
2589
-1708
-1659
-17
-3105
-2385
-2367
2977
11
-1723
-2780
1115
1006
-233
-1521
-1525
355
1296
-3127
2064
925
-198
-3266
-429
1116
-2704
-3203
-884
2861
788
1487
1786
-896
-1604
2224
-648
-1953
937
-818
-2532
3153
1522
-1295
753
2454
1368
-2660
2396
116
1878
-2330
581
-2193
1945
2470
-2066
756
2989
1096
-2483
239
-2652
72
-1304
2054
-1720
-1761
-3132
-913
204
2123
42
720
1890
726
-258
1302
-2899
1837
271
940
-447
-1397
303
350
-3009
-3104
2222
-839
987
-1760
-1238
4227
6786
163
3840
3039
-1194
4876
8192
265
101
16064
2303
1549
1331
1601
224
3913
1415
-212
3257
1675
-2434
-1738
3001
-313
-1532
606
5345
1615
4353
1016
-650
720
-74
2741
3380
-4398
11649
-98
2101
-351
5412
-4351
243
-3000
-2146
7779
1587
2676
-2533
267
417
2445
9360
-3077
1873
-1174
4161
8738
258
4618
4383
3493
-69
6140
7091
2662
-2805
-1440
979
-2145
8271
2187
-8974
1816
8468
407
4116
5298
770
1532
5398
-2494
1901
3344
2249
-32
2854
8768
4736
5006
-2577
-440
3116
-4568
2088
1859
-5152
-1997
-1840
5948
793
-4530
4874
-1376
1244
11276
-4898
6144
953
180
1853
528
-4212
-2030
3258
6414
6725
16031
-1112
9253
295
3278
-140
-416
-292
4740
-2689
3025
7206
-1888
-592
-112
8266
-1191
12545
4235
-1149
5367
5404
-6703
-4491
5391
-1190
2361
-5252
4294
-147
3063
-4933
-6222
3265
10390
4849
-739
5423
3311
5677
9375
1907
280
672
-1365
-4207
-7896
1659
-2131
10572
-1815
-11976
287
456
689
4720
1224
5998
9051
-2131
-3719
1494
2620
7753
5213
366
-1566
2600
-1137
-6250
568
2333
-3523
5707
1643
6673
-2361
-1694
19518
13426
-3649
8820
1435
2960
6966
6511
-1216
-2848
7195
-1674
-3033
2756
-3062
-4269
1764
3064
38
-603
8186
2482
13924
2164
2621
3274
356
-3384
-1974
-1454
-756
-286
-10952
-3374
-2456
9353
2548
-2745
7595
-3091
564
-3045
746
7909
4239
-12568
5327
8467
2370
3217
2070
3787
2105
9691
4822
1920
1505
-112
3817
8382
6421
1867
-3835
1132
7128
7366
-3487
4956
505
2665
-1342
876
-2660
7942
2368
396
721
3207
-3022
-3686
587
5329
7
-2991
11740
10927
-2624
-848
-295
1206
4805
-1639
3787
-5257
4452
-2256
2347
-5276
663
15063
1940
-6996
8620
8331
-1951
-2785
1114
5097
6756
-190
3556
5902
3144
1079
4147
-87
1131
5591
11
4482
4100
5945
7706
6266
-293
3527
-1375
-3144
5508
11079
-6357
-520
-1440
7973
-5293
1131
-1685
2868
-794
-717
-2851
-4447
2945
-3204
1752
6221
-4150
-1502
4906
8099
4628
326
2621
25
652
1397
1698
-3314
3379
-3011
1350
5683
-1251
5413
888
-4122
10424
-2595
2492
738
3654
554
7698
-1911
-18
5335
3313
2351
1648
773
1297
7396
13261
-3024
-675
3082
-4269
2306
3563
6403
-839
-7231
10529
5810
-3513
4804
5949
11140
-372
32
88
2278
4106
-475
-6720
-3597
-753
-7517
6900
1319
2368
5020
12396
248
13975
7962
3558
-1615
4250
-4338
-512
1713
4314
-7027
-7856
-1002
379
2486
-729
-5942
-1664
594
-3764
3853
-1632
6693
9845
-3630
7684
13089
4818
4409
-3476
-1671
8081
15513
409
2638
2606
5834
22827
4350
4165
9038
-3694
335
12624
17110
539
3622
4190
7604
1877
-1148
-6143
7891
1316
2566
6662
-2065
870
-7849
2782
7982
-3329
1550
4621
10390
3355
6100
5903
-6322
-5763
1666
4353
-5232
2900
-7769
1202
1117
-1287
16505
1821
-3754
5085
1873
3273
-5499
-7539
6897
4373
-393
4881
6221
3425
6673
13479
3938
7769
11115
3907
3643
1756
2047
-222
1781
5610
-595
-9137
-5253
-359
5158
-3938
-219
777
6276
436
-66
-1979
7362
-3430
-96
-7712
-2270
4327
-2880
1975
6276
-8200
-3473
6511
5937
5022
-2900
1262
5765
9317
-1275
