-1949
-2582
194
591
749
-873
1522
2240
-1842
-2267
-712
-1240
-1818
-2971
-1355
143
-2988
1291
-1781
2635
-930
-1700
45
1170
-2760
-1888
3269
-815
2679
-2464
-1714
2989
-1800
2926
-2855
-1941
-273
-1885
1099
865
1218
-3119
-667
-3038
2583
-2132
2320
-1950
-1654
-1720
2718
-2051
-3009
2943
-1095
2206
-1415
1834
2029
2493
3087
1560
825
562
1363
-2263
676
-58
2871
-337
1654
374
1786
1036
-796
-1065
2367
-690
1453
1196
1633
-2940
1576
-2589
1068
-407
2413
-2321
-669
2707
-1113
1642
-1343
-1975
1044
887
-2425
2641
419
-1498
962
1951
-556
1252
1024
-2735
-2939
3248
-2314
-1122
-1958
2512
1920
-835
-1640
-1377
2085
-2471
3260
-1381
2489
-318
761
885
88
2552
-2747
-1910
-1111
-916
-593
-669
-1791
3255
2152
-3046
-634
651
2073
1355
12
-776
2556
2733
-2801
-402
2155
-380
566
-233
1307
2444
-2602
-3034
-1003
3144
2087
-503
-1320
-2334
-1575
-417
-1810
-413
-653
1175
-1504
1570
-1072
896
135
-2666
548
-2028
-1029
998
1969
-344
443
2052
-2097
3270
1301
669
1118
-1589
2091
-966
442
-3187
-1689
-647
-2964
385
-775
-2351
2026
-1296
1824
-3230
2216
1917
-2206
-2291
694
-2164
598
-1186
-934
3273
2859
-1483
723
-530
269
1231
3196
1343
2456
-157
2436
-1470
-2502
-510
658
-1234
-2770
3213
878
-1251
-150
-946
-2884
2372
-664
2240
3230
-467
361
-863
1738
-2449
-2729
-2595
2237
1355
1862
-1566
-854
-953
3073
-2466
-1579
-394
1488
13
-1934
1563
3253
1184
-2987
750
-2389
-991
-1592
-1123
2228
1672
-1897
2655
1740
1819
-467
1420
898
557
-2514
940
2273
115
677
1817
1030
1773
-1676
1958
-1053
1010
-1633
2352
2914
1440
508
-2487
1547
-3024
-2488
-1375
294
-1600
-1055
-2261
-2941
2315
-1494
1764
-500
1092
1656
1140
708
-1135
1251
-1068
69
2950
-930
2092
-651
-2743
-2177
2555
2833
2757
-2663
-1550
-1881
-2708
2106
1372
2635
1132
-1556
657
-2584
3200
2170
2511
271
-329
1233
817
2749
2520
-1560
-643
601
174
402
-311
-2095
1255
-2982
-3009
896
-176
763
-105
-152
-1174
1244
-2101
1497
-1194
-911
-752
-2774
1735
-1410
522
-591
-2788
2917
-2272
2084
-784
2073
900
-2392
424
-2730
1451
1153
965
3181
1129
1433
-1530
593
-2376
2660
-1591
1173
231
-2547
1264
-3155
-2334
-141
2555
-3082
-2974
-1567
2258
1178
2543
-3235
-1759
1664
310
1027
-3270
3237
-2285
-1231
-997
1651
-1846
-2071
577
488
1197
-328
2792
-2264
-2324
-3235
-2369
136
-1339
2056
1314
2702
-2376
-1762
-98
1188
864
2608
-1752
-1938
-3267
2411
1965
2878
-1090
728
-2823
-1335
2235
-1855
-916
223
1195
2423
1407
2880
-2814
396
-982
-2029
1648
1292
-2685
-2207
-3196
1790
-31
-2577
-477
2597
-2491
-1891
609
-1363
2954
-2511
-187
1010
3082
2325
2569
291
2077
-2784
-727
-1953
-1690
-2317
-377
-2448
-3221
1965
2637
160
3216
-1649
1743
1490
1710
687
2949
-1692
2160
920
738
3117
553
-2403
736
-737
-3196
544
1738
-910
830
-1434
-1979
1736
2137
-1278
-475
531
-716
1475
1061
2804
216
-2390
2113
-1590
649
1417
-338
-2837
687
-1747
-657
-42
-2744
742
234
881
-3205
-1740
-466
1764
-379
-1754
-1883
-2877
-2509
1113
1007
-1877
-1585
1417
-2268
1249
861
382
1462
2374
955
-210
2814
-1933
800
828
-767
-2987
1713
1253
118
536
215
-2849
-3086
3131
1908
1202
577
13
2825
2442
190
1690
234
-1416
-2984
-3126
-732
2387
512
708
-161
720
-2052
765
2252
878
-1922
-1902
-926
-732
1319
406
3095
2462
298
2744
-2508
1494
878
-2913
-1956
2826
-1217
2304
-3120
2893
-2843
1424
1980
3274
-427
-123
2859
-1485
1077
2525
805
-2908
-2642
-2166
-687
-3186
-901
-2125
-2166
2626
1618
1701
-2427
-674
2824
-1424
1108
-1519
2164
-469
-981
-276
-859
-2086
-2110
-3275
-2118
-2252
-1920
2740
819
3222
2063
942
-1783
-849
-932
1937
2053
1271
1135
2306
1696
-850
692
-2613
-789
-3005
2154
2031
-1746
-2154
-418
-2680
-1280
2963
3227
-928
-2348
-527
-239
453
-3137
-3050
427
-3268
936
2722
559
916
2387
-3237
444
2122
1334
-2813
1561
-1410
-1324
-577
953
2965
2024
1510
-1927
-1627
3236
-2504
1617
345
2917
698
846
-1448
-1453
-2743
-765
-2291
1502
-621
-1488
-1093
-1650
-3272
395
-150
-2580
44
-3146
-2997
-2504
-1290
-1344
-1094
2708
2922
1156
3132
3089
-560
-3040
-2670
-727
-1940
-2465
-3227
-1145
1425
-2305
371
1732
1279
-3000
890
-1255
2806
2135
429
-180
-1606
1350
-1521
-1508
370
-2425
292
778
933
-1185
-377
2506
-854
-3002
2488
-1170
1941
1504
-2232
1678
1470
1490
-2758
863
-3258
-1282
-1281
2422
-2096
1817
-1678
-435
476
-1153
886
231
1830
-108
-2133
-524
2914
2909
243
-1103
-2201
2282
1333
-753
-1340
-1375
671
-2203
-1980
635
1729
-1666
1602
1391
2154
974
408
390
-2444
-1321
1146
-781
99
-2516
2585
-1237
3164
-2499
-2697
-2084
2354
-1679
776
916
-1054
-3105
972
1710
2133
-594
2597
1234
-1077
1304
89
328
-1893
-1713
-964
1060
