-1999
1230
-1734
-479
-3048
-790
2302
1903
-1293
-2851
-3079
-155
-22
130
-443
-2307
76
1070
2225
1664
-3096
-244
1674
-2021
908
2988
-108
1341
2852
884
-182
1187
1470
-533
-3198
-1734
-1682
-21
3004
-401
-254
-2047
2445
2392
-927
1650
-1910
-1763
-16
-2267
2348
-1542
-2245
1768
-1792
-1308
1564
-2470
464
-1379
-3184
-1541
-1023
239
-3000
1150
-1301
1556
2355
349
-2029
2668
1128
62
-1764
-916
2474
857
3022
-1057
462
-1468
1264
-32
-560
1466
85
-1583
-3249
-1166
-89
-2531
1816
2250
1688
1952
-1820
914
-914
2402
-1302
-821
1187
1694
-906
-88
1672
-708
2162
1420
993
1119
-903
1312
-2490
2807
2185
-3018
2360
-390
-2709
2198
3057
-977
3049
-1713
2996
-2836
-206
2987
1634
-2623
-1891
-184
600
-566
1726
958
725
-752
-767
975
-1654
-643
2918
-1008
-2317
-1681
-1538
-155
2166
-2555
-2531
-1335
-2074
1199
998
970
517
-928
-2860
-323
1486
2058
12
-872
436
-2169
1369
1521
2394
-459
-2119
3015
2087
595
2572
2539
-2412
-2285
-2480
-2471
-1705
-1125
205
630
1618
1707
3226
3109
-1193
-2992
-298
-1863
1583
-244
1088
3112
-3098
-1099
1472
-1687
2173
2076
-2496
512
873
-3118
-2035
-417
733
2501
-1740
410
1119
-1982
1997
601
1973
994
3149
-3108
336
2317
2263
-3036
1886
2852
-2865
1023
910
-1824
208
-1921
-1578
-203
793
2852
-1015
1423
1707
1395
2630
-1315
3
3235
2205
1506
1132
571
-2217
-1884
3040
3074
1503
-737
619
-769
2280
1731
506
1125
-1559
2303
2178
-2160
-1156
2791
-778
-2178
2843
-2203
2904
2193
-3110
-1241
1155
-342
-46
476
2242
-267
2987
-1289
254
2931
2090
557
-1121
-2537
-2426
-1716
-2488
858
2131
-1187
1120
-1610
2126
-1513
-714
-3081
-1208
-1013
-62
-1528
-1683
372
103
-1935
-1882
622
3117
-417
-594
-1641
2428
343
2168
1539
-1287
-2459
-2441
-660
-1026
2030
2711
-2284
-2672
489
-1096
1400
2139
-202
803
1642
517
2686
2644
-973
965
2208
-1677
-2344
1093
2675
1566
-119
1481
449
759
-174
-3093
-600
2981
-2962
-2662
1598
-1189
1917
-2292
1730
780
-3131
-2802
271
1667
349
1292
-1638
-1972
426
2513
749
-2015
-136
-176
1665
-338
409
329
523
-2413
-34
-1394
2042
-2545
436
2648
1599
-1933
-363
-350
185
544
2925
869
508
-3221
87
-564
912
-2894
2915
539
1141
479
1474
1754
-560
-1846
518
-3133
-243
229
-809
679
-1708
2515
658
2188
1037
2929
-863
-1076
2095
1908
325
1598
-3039
52
3041
-174
423
-582
1485
2403
522
2795
-2285
-1117
2943
-1187
3238
-337
-3079
2466
-655
1112
966
1181
-2501
798
-1806
1613
2829
-170
-753
-1484
87
1099
-2573
-2163
-3209
-1862
-2276
2420
672
3075
163
-41
-2973
-946
-2983
2092
1433
152
-871
-348
-937
491
1674
1670
-2409
1904
-2173
2745
978
-632
-2453
-201
-856
-800
2444
-730
260
3035
1832
-2608
2884
-1559
221
-1806
1583
-1807
1414
175
-996
-1309
-3027
-556
2482
2984
650
-363
2675
1690
661
2791
1306
-1741
-2169
2127
-506
760
-1213
2388
-922
-2526
1112
-397
-2287
32
-1554
1465
-1775
-2008
1249
-2834
-1496
-3008
2073
-664
2300
1793
1660
2927
2454
-1746
2595
-1673
-1009
-727
-1399
-590
-1557
2203
-893
-2981
-1749
1809
2728
-856
-553
197
1769
2976
-1598
1970
138
-3022
-3094
-2194
-1629
3048
2529
-2673
143
-1886
-1265
3001
1868
2521
-2186
-732
2156
2055
-2718
3225
-2291
-3182
-766
-2055
-2731
1705
1622
2159
-657
-148
-3170
965
855
-725
-2713
609
-1386
2428
1249
-679
-1596
-61
-2971
-2077
-510
1129
658
-2786
-1004
1486
1020
303
-893
1908
6
1858
-2564
3045
1275
-1096
2163
1104
-2074
214
3060
-2914
-10
2287
-2937
2842
-2378
738
1956
-2230
2957
-1995
-2524
2606
-2011
-2917
-241
-2979
-1619
3069
1648
1323
-838
1074
-1324
956
-1680
-2835
2957
1929
-1597
-1067
1174
2147
-3214
-2358
-3182
-1001
2333
-662
-3079
-1573
2034
-3086
435
-173
3129
-1650
1183
-46
1507
-710
1236
646
3071
-1650
-1978
2087
1279
-235
2556
1766
1803
1105
-587
2590
-2383
-2010
1233
-2870
886
2048
-1034
458
-1444
-1751
-788
-2422
1342
3060
2386
3116
1681
2339
1779
2733
702
3234
-1800
3233
1566
-1960
-1087
2802
2060
-802
674
1777
2160
-3088
-2123
-1930
3211
-750
-817
602
-421
-966
-2693
-3245
-2973
2599
2616
-716
1447
-2332
-2859
3190
281
-373
1757
2040
-1224
2345
570
2598
2160
2163
345
324
1760
-1721
2801
1885
730
-2716
2883
-1307
-2898
1450
-1679
2802
3021
26
883
1604
970
-1366
4
-87
2945
389
-2940
-699
-365
-1540
533
1263
-938
-92
-2542
-828
342
470
2298
-2231
-1332
-248
-910
1447
-835
-1142
-978
-744
-1814
-836
-1957
-2389
2920
-2152
-2485
425
-1696
1588
-3118
-2209
-3169
-2051
769
-2179
-1289
873
-974
-226
1040
-1946
2216
-1986
-190
-3203
-628
1646
2282
3174
-948
-474
1477
566
-1260
928
-3047
-2735
-2413
393
-1245
-87
-1541
-2191
8
-3102
-1643
1810
136
209
-677
2637
-112
2716
-3041
3163
1855
-674
1624
1111
-2822
2996
284
1558
-1674
-2424
333
2652
2663
3224
779
3145
-829
-326
-81
459
-1265
2314
-3013
-2220
1248
3145
777
-100
18
-2290
2319
-2704
-1749
-1488
715
2065
-1001
1379
-2889
738
-2139
557
379
2517
3191
-881
1398
-1190
1576
-2980
-2841
-1612
878
-972
2267
2992
-3181
-1811
-186
-1092
-3247
-1777
2321
1476
-2001
-2326
681
-2082
1127
-3128
1510
-829
-1722
2647
-507
-1178
-959
222
1891
2303
-2314
-487
-1727
2863
116
1832
2270
-145
-1357
10
-2886
1426
1616
2685
2354
2705
1432
-1162
-759
269
-868
-3029
801
2419
-2112
-792
-756
2449
2780
-392
-98
287
2032
2677
66
-272
3087
3184
-1885
-3080
-2973
1623
-1350
-140
-2464
-691
2496
243
1660
1770
2019
2247
1863
2864
1891
-1814
2
1527
3051
-1575
1681
1621
2993
2281
2604
-2653
-2481
1275
3064
-1457
-892
-1910
-2701
-2818
618
-446
130
1092
1845
1774
1707
-2477
-3076
-828
-1785
2347
-2207
-2600
-323
2902
2809
2244
2642
-2195
-1709
1992
627
-1974
-2433
1678
1428
-2354
-924
-3082
2061
2804
-693
1180
1254
2190
-2127
-475
2293
2140
85
755
-1935
2096
-281
1465
2537
-754
-1186
-1266
2380
1490
-2269
-84
1067
2934
-107
1607
-325
2884
-2135
-797
-3204
3051
-1785
3183
-883
765
-1527
1707
1534
-3247
-1868
1993
1104
-3209
1448
2801
2192
2254
-3072
1171
2018
2934
-59
1631
-2427
1820
-2207
-259
122
-2093
-395
2477
2926
-1391
-702
972
-925
-2053
-591
-380
-2978
-2486
-2213
-878
2063
-1612
2660
-1702
2225
-2497
-3176
1916
1087
1870
195
640
-2497
1630
625
2917
523
-3121
-225
146
127
257
2379
-2978
-2510
-799
-443
2554
-312
-2676
-332
-2706
-655
-478
-1262
-2393
-2473
-1243
140
-3054
2404
2262
-1299
1545
-447
2113
-910
2322
2372
-270
3075
-2540
2033
185
-1343
-1122
-675
3043
1786
-1378
1912
-427
-1861
-2592
-2732
-1151
940
3034
-2125
2935
2327
-1812
2729
-2687
1215
-1883
-1364
159
-27
-2767
-2523
-1991
836
-1569
2856
2764
-2811
1741
1161
565
211
-891
3206
3108
-2536
-1075
1561
-3009
1895
1316
2202
268
-2756
2500
-436
170
532
2614
2388
1579
-1467
-2488
-1406
-494
1862
-2678
2806
-1426
2739
1132
-385
1503
-352
-2834
211
-575
2376
3176
-3005
-3093
-226
1264
2358
1595
-170
-1074
-1268
-2818
2109
2720
-1725
1678
-2443
-869
-2382
1865
-1478
593
1387
-2313
1156
-478
-2561
-1988
-3164
-353
-2040
1940
1334
463
-712
-2421
3226
-286
-274
-1902
712
2302
2925
-758
-792
2227
-1674
895
-3191
466
2777
2709
1534
765
-65
395
-992
117
-3215
3218
-3106
-1180
4
-1157
-9
-3162
1833
551
1005
-1730
-258
1089
-1498
2414
-2549
-2718
1222
-1024
1035
-2123
2495
557
-306
-1660
-1444
-46
927
-1008
-1745
2044
2870
-779
-3033
3197
718
360
674
-2685
1028
-2919
-799
3236
3108
3245
2078
-1432
3049
535
1314
-2785
2515
-2345
-2140
-1888
-504
266
-1632
1786
-1666
211
-2011
1842
2971
-578
2852
2247
-2448
-1983
-2683
-74
-2470
-1470
1395
2979
-956
1395
475
-2899
-3060
1197
1233
-472
-813
-1309
1843
-790
-914
-1355
-726
2428
-1878
-1323
2570
1734
2216
-462
-75
-3033
-988
3159
2778
1755
-2470
-2794
80
-1239
2195
326
-2295
-1522
2271
266
-1986
1164
-2335
-2618
-2629
-1583
1556
-76
-2548
2113
1217
135
871
695
2047
922
1369
1800
1014
1979
-2429
2278
2356
-2409
-1694
-2484
-1338
1529
-1426
-863
1891
-1227
2579
-2020
304
-2210
1537
2516
-1981
1196
1048
245
-2368
373
-1714
-1793
-1129
1495
2843
350
1432
-1082
3239
-2865
-2420
2227
365
455
-888
-1839
2395
-1227
1464
-1949
-918
-721
-932
1313
-696
-732
-631
-677
-1314
-2951
1639
3009
-3100
3157
-2812
200
-2739
-3097
2021
-2227
2027
28
-2335
-2377
1181
-1074
-276
3063
-1644
523
-1181
-2317
-1119
-2819
2878
502
-186
3212
-487
1397
-501
3113
2802
-1749
-1085
-909
2508
-2554
-1110
2735
-581
-403
-3023
-465
2767
2225
2799
315
-1412
2211
892
-688
2948
-198
1853
2775
-2781
-1359
726
-166
905
2629
-400
-989
-687
-1832
1284
-2229
2337
-2493
-2094
-1838
-2336
812
-2993
-836
3210
1170
148
3066
100
-1241
-990
-1424
-702
2003
-1264
-1310
-117
-1539
-2835
175
-2689
1197
1368
52
590
697
-2689
213
1819
-1599
1895
-2082
408
-2638
538
1298
333
-1335
-811
2033
142
-1335
1204
-668
158
-1356
-194
-2837
1661
-1183
-575
484
3170
-1208
-2080
-3026
-2732
-2308
1379
643
-982
2759
1210
-2744
-2371
-427
341
-2358
1074
-23
741
1818
-2813
1271
-3192
-1005
-3049
-86
-1949
2587
-2310
-3067
-1110
-661
3081
3241
-1321
1524
510
-1581
2246
-350
-2605
1595
2240
233
407
-1632
298
1390
-1204
3059
54
500
-3053
-1346
-2182
299
-3036
-1758
-2129
-3144
-2095
-656
2546
2373
626
-1952
-3191
-2157
-1069
1897
-2033
2997
374
1936
-1514
2092
-2613
-1541
2102
658
2205
1701
-20
-1393
-2516
922
2234
-2130
3156
2509
-1227
-2733
-1860
2974
-1220
-1667
-1471
-292
-2662
57
-886
-617
639
1253
-3099
1568
2595
811
-1499
1388
-2555
3125
-1689
-1119
-301
1111
680
1748
2002
1276
1009
323
1825
-2457
-1974
1841
484
-1357
-625
-2841
-1415
2321
-2008
902
-190
2771
-2719
2543
1374
-551
2440
-54
-296
2991
158
2134
2854
616
-1769
2640
2376
-2905
76
-644
-1653
-2166
1883
1450
-592
-2721
-268
1526
220
-3049
184
2391
518
-1285
-2151
2075
-1926
2530
353
-3080
1374
-578
1061
-230
832
-2927
1051
-3016
1991
-196
1543
2525
1091
-1098
-1409
2011
2310
2621
1339
1227
-1797
328
-2245
-667
3061
106
-1947
2385
1519
2556
-1546
-264
148
-1694
-1464
-824
-2197
-2700
-507
1752
263
-2433
-2813
3042
1889
1210
3148
-588
-2388
-90
-2182
-197
1818
-2331
-208
3051
1667
99
-1513
1271
-1760
2820
-746
1751
-744
854
2930
1106
350
-3117
-3131
-2685
-951
-1580
-3213
2579
-985
840
-2481
37
2762
817
-2417
2392
405
2969
1130
405
526
2228
1113
586
-3147
-170
1246
-3009
-1396
-2752
725
-2404
2324
-1208
3011
-1614
2713
2291
-3198
2136
-2242
-1354
-2675
-2382
-2781
347
68
1434
-1858
2845
-1001
2880
-1387
166
3199
-2783
2192
2876
-1429
-1151
262
2843
-920
-2263
2972
-1636
-1847
-759
1809
1776
-1260
-2774
2380
613
-1858
-441
-838
-1601
2708
2853
-2150
-3085
1222
-2305
661
-2992
2427
369
-298
2694
2839
-1631
-2618
-45
2851
-2018
1922
1906
1224
153
-1051
-2934
-3151
597
3239
2632
-513
2142
-3200
-2287
1659
-1070
-2233
-2054
-1396
-48
2178
-2013
-1351
593
-1980
-692
-3103
-849
-792
2500
2209
-2910
1954
2862
1340
-2426
-2458
1677
-241
936
-1654
-2939
2983
3013
-2431
-260
1709
-2753
-86
2751
2728
3143
-2244
17
2987
-395
2081
-3222
2420
3025
-2378
-297
2105
-3097
-1871
-2645
-497
670
-306
-3231
-1054
794
3110
-1975
-1905
-537
-1919
-3055
-731
-2063
844
-3241
-744
1555
3005
-2985
-2717
-963
698
-3112
-2435
2047
2211
-2868
-941
-1502
1914
288
2524
726
-107
-185
-1334
1632
-3015
-1996
-993
208
2377
2962
-195
3107
-1173
-2568
-346
-747
-1945
-103
901
1774
-1339
345
2660
1174
2571
-485
-1912
-404
-2402
1848
1435
971
-162
-1354
-1357
-1727
-865
573
1419
1140
-488
-3225
1437
3166
1756
1511
-2093
-706
-273
2163
-2860
-2318
-1544
-3104
1412
-669
-982
87
-556
-400
-2028
2373
-1730
-62
1719
2742
-1921
-2390
-2481
293
-525
-1183
2226
-2350
-2843
-690
1021
1596
483
-458
-2302
-1919
3004
1222
1103
1589
-1253
2837
-2217
2965
-441
992
-1789
476
185
-1239
3009
-398
-1029
117
-1899
-2178
-1727
-301
-2085
1931
194
-1341
-3232
2036
-2103
482
-1894
1050
-1759
227
2675
-929
-2385
-938
1594
2621
-2923
-51
-914
1506
-42
560
3233
2030
-1338
-143
2396
2196
-2116
-1740
3119
-2283
-752
-2646
-290
-2995
-3010
2953
-1713
888
2951
2145
711
2181
1139
-2147
1922
-1391
2222
2961
-974
1057
-955
2135
-1505
-1071
-2696
-2224
-1472
-592
1301
-603
2238
1793
-1286
-2892
-2365
963
2086
1515
-706
-1454
-1388
1442
2124
2348
1103
-1967
158
-1306
-3146
1167
518
2385
-1835
390
-2996
-2432
-1722
2365
1094
-543
-247
-2827
-2790
-1798
-973
1557
3195
2575
1158
-2004
2078
1933
374
-2218
2719
-2705
2287
71
-1288
3185
-1057
-1460
-2848
1260
-23
162
1518
2626
1733
1945
2243
-345
-578
-3183
-2319
-954
-2421
-3160
-377
-3053
2490
1322
3154
1684
-575
-3220
1452
-2257
1719
1159
-2402
-1516
-2989
-471
-712
2787
713
-146
-2741
-380
3029
3183
-2130
2914
1343
-1733
3045
673
-1032
1092
-2726
-890
2436
-2722
2709
236
-2315
409
2551
-2529
-3162
-702
1321
-55
-2203
9
-104
-1828
-179
-583
-1159
-2443
-505
-2399
1651
2582
-3178
1395
101
-1171
1348
-3225
2713
-438
-1222
-3183
-2578
-2681
782
-374
-1216
878
-988
2978
-1244
988
-685
2198
-2954
-91
-2657
-2818
-1224
2529
732
413
2274
3058
1907
-2429
1835
-2809
599
739
8
-2982
-1189
-277
1879
1000
-2300
2529
-2133
3155
-932
-2577
-934
-554
-1805
-2255
-2382
-834
1223
1697
-1688
2508
1537
-2304
-1894
-2450
2532
-971
-1915
171
2802
500
-616
-2458
420
-1466
978
2446
2914
-2060
-1259
-1405
-1084
866
3002
1140
2403
-1168
2532
498
1308
-729
340
1889
-2535
-3226
-2991
2784
-2249
-173
-817
-1756
-2927
-1487
600
-276
420
-561
-2453
2202
-945
1357
625
-1957
-2418
1620
2509
1893
2312
-1979
2153
7
2138
1002
202
-87
-609
1506
3041
-1026
-1505
-1667
-734
502
-2778
1165
-3131
2776
140
-2981
1867
2508
-2730
-1292
280
-1352
2669
-1989
-2249
-507
-498
2749
-2188
1451
1135
913
-531
-1604
2489
2536
1009
-877
-3122
2206
1096
3045
1823
3021
2680
2176
-2195
-1307
1222
955
-244
-268
-1381
-37
-2532
2230
-612
-936
1204
-1223
1901
-933
-237
2033
1029
2040
2362
2359
-462
-2944
-42
1350
1318
-2229
2638
2742
-1484
2217
529
-1308
2789
-2595
-151
2422
2056
-1536
-2195
-1355
2718
-373
161
400
527
1375
-1903
-691
-317
-937
-2174
-1193
-929
1913
3064
2613
2392
-3133
-1146
-1798
-1842
-802
-1091
-27
2431
2564
-1387
59
2526
-1882
336
-2462
-3109
2565
-1791
3126
-2545
1184
52
-271
560
-1735
1354
-563
-2391
-2625
2982
802
2458
-1399
-389
-2247
2648
-840
-388
-1925
769
1602
-2857
-1135
806
-2489
-3055
2090
-70
2568
-3203
693
-1541
-2201
-650
1187
174
1980
-2446
1522
-2974
-2823
-2323
31
-1423
897
401
-452
-2689
-5
38
-2563
2047
1895
2911
2618
1321
2461
-457
969
2959
-2329
-1806
661
69
-1899
2305
-1382
-2162
-2823
-2104
-2237
-2752
773
-3123
-2840
-1826
667
2808
-440
2308
707
2465
1066
1410
1286
1852
739
2887
-3127
2168
1512
2785
-2654
2428
1673
1127
2293
-1471
2705
2202
1153
-55
-1563
-279
-2891
-2286
1839
-253
-1749
1799
-2569
-432
534
-25
3172
1711
-1984
-2494
2518
-890
-1425
-1825
274
2514
-517
3093
-2379
19
613
-454
3036
-2319
848
494
-2098
1622
-2533
-3121
2121
-2761
1724
-30
173
199
-3063
-226
595
3172
171
606
-532
2286
-1333
-776
244
75
-2269
-1059
1263
-1702
2680
-1370
-1379
1046
3231
1440
-2666
-2317
1374
-234
2251
-2063
3103
-573
-371
-221
-2778
1268
2428
2387
-2735
3200
348
2606
1517
-2848
1383
296
2730
-381
-2523
-1195
2425
-2502
2252
-514
2214
1011
142
-825
1473
-2249
-580
-761
-2
136
-2540
-2869
-955
-433
2999
814
1194
2450
1349
1046
2765
925
58
317
-1154
1805
-1363
-2302
3218
1181
2002
549
-283
-3097
2604
2213
2344
1899
-2581
1797
-2047
897
3114
-1832
2015
367
-1872
2375
-3247
-1956
2831
735
2067
1096
668
1164
-997
98
-2617
-1461
-1184
-2548
1694
1450
-49
1908
-1632
1494
3
-416
-2923
2293
2013
310
-269
-2105
-2897
1924
-2665
479
-114
-1598
2316
-1577
-655
2914
1251
2243
-3071
1955
-1590
1276
-857
-2430
-392
1203
2785
-2055
-2936
1965
996
-948
2997
-104
2953
1136
-755
-1683
1024
1119
-2823
268
-773
1037
-2658
-894
1178
-3097
-944
1334
-2318
186
-2585
-3155
1241
1822
-199
-1937
453
-355
1143
-1814
-2983
2498
-2055
2469
-2667
-2779
-2688
470
-1688
-193
2743
-1184
-696
3114
-2244
1148
1135
577
-2769
-931
-2612
937
1575
-790
1822
-1313
1644
-1688
-2076
-1939
-2906
-73
-1483
-2217
-1159
-1251
1065
-3029
1263
1769
-1235
947
1895
-3114
479
-1031
3210
-1813
-2103
1127
-2897
-2944
2592
-749
-355
2310
2161
-1159
-705
2452
1116
1984
-2750
-2079
54
-1841
-2686
-371
-3209
1684
434
-3115
-3115
2008
2360
3023
-355
1102
1835
-277
2860
1244
-1096
208
-1360
-1547
-2410
796
785
-2064
-1804
-1204
2871
-2982
2826
-1754
-1473
-1943
-1962
-2520
1824
-1863
-811
3103
678
3191
-2093
-2642
1287
194
2734
3225
-2214
392
-25
3003
603
-1401
1453
-1389
1130
657
2880
1103
-1852
-1136
2896
105
2892
-1039
-2422
-2167
2368
-2818
2156
497
1417
-3184
-3144
-3040
-257
-2406
3051
668
-147
763
-3107
2687
-3242
711
2791
-480
-2524
-1373
-313
-2322
-1247
1822
-2322
457
-1488
-529
-2298
-735
180
2233
560
-133
-405
-2367
297
-1218
-1727
-802
-884
-3024
-873
-1707
-1011
3145
-86
1006
-10
440
-2859
1404
2858
-2005
-956
1975
-2134
1353
1634
2272
-2305
715
555
-3158
-826
1349
2084
-2740
1134
-1781
-604
531
-245
569
1986
-2365
2076
2489
1727
1604
1837
-209
-2708
-1772
-786
1497
2988
2965
-438
-217
-1257
-1383
1883
-1518
-1218
-1523
530
-2934
-1504
-2176
744
318
-1014
-524
-1450
-697
-1694
-542
-2796
-2431
-390
223
-2719
507
428
-1272
-1077
1598
447
-1382
2557
-708
1699
968
2984
2086
311
-1406
1829
2576
-1360
-2585
-2376
-1874
1807
1811
-600
-1542
-2201
866
-2223
2954
2130
1508
-2029
2553
-141
-631
1839
-1308
-2534
-350
-3029
2085
-1386
-71
-1931
-2685
2282
-477
333
-1060
-695
1090
-2182
-1744
-287
-2982
3164
819
-2473
1647
3242
3209
-2205
2617
2925
-1058
1394
2149
1922
-887
-871
739
-35
-2206
685
-453
-729
-2599
-1505
1271
2686
410
2539
-2037
-998
2764
-2802
948
-3149
-1813
-637
1032
-1104
2485
-2914
1650
-595
1701
-3088
1585
-1359
-2489
-417
-1935
2252
770
-2749
-2759
2039
1630
1365
-113
679
2944
-2043
60
-1854
-2741
-3059
2231
-1310
-2114
2746
1212
-730
-1595
-3081
-3165
176
-1842
157
-407
388
-1622
110
2973
-1356
1133
-2334
-669
535
-182
1474
-2097
-2630
1693
-1955
-1059
1689
-1420
2254
1495
-2989
-2250
605
-663
1015
2686
-1125
-1994
2568
-1622
-2908
-1170
1756
-1785
1083
-2992
-38
1781
1732
-376
2705
-69
-3062
2429
2617
145
-801
-1465
-1364
-2379
-2537
983
-500
-2638
2521
952
741
1786
3155
-2636
-1148
3121
2085
-3134
-1476
2147
299
-1405
-966
185
1791
841
2886
1062
915
1901
-573
1708
-1575
407
1067
-1701
517
2555
-429
3171
588
2745
-1882
-723
2501
302
1382
1631
1977
3080
1013
326
-2975
3196
1741
3161
-2349
1825
107
3031
-527
-3068
884
-493
2912
-1257
1258
-1601
-2548
-641
1976
147
272
-2086
4
2970
-696
-2784
1950
-256
2007
-666
180
-3211
2567
32
-2309
323
2048
2882
-974
2559
127
-1665
213
2962
1404
2016
677
-816
245
-811
-1935
-2188
-388
-2966
-929
-1603
2840
-2708
-2682
130
1803
-3207
-2683
3000
2516
-2053
-1830
2975
-258
2217
2686
-554
1222
-1610
458
-2601
973
991
1199
2264
-1534
2678
-158
1893
-1671
608
3055
-260
-2026
682
2880
-1436
1977
-560
832
1307
625
1299
-1549
2427
-2051
-1492
-977
312
1101
-2406
1492
3198
661
83
2730
-63
2037
1526
-1626
2332
2854
-747
-2909
-1188
-1956
499
-1348
203
1613
1854
-1444
21
2818
553
707
2814
184
2734
154
1619
388
1151
3205
2698
2510
-256
2427
-2350
947
1090
-1558
-882
-2206
1022
-3218
-1461
1276
-257
-577
-3188
934
3084
-2779
3234
-1282
2602
164
-1085
57
2209
-1820
983
144
-1936
-2859
1206
2016
554
1378
2106
-1249
-1793
91
3034
602
3248
2611
1464
171
724
-1706
-545
2514
1553
-134
1261
-2321
-1011
2405
-2269
2591
2984
-576
1444
934
582
2868
199
-1811
-695
3234
-2897
-1263
-2446
60
-751
-1681
-2429
-2245
-654
1236
2173
1069
-263
-232
737
-1549
-1149
1119
2856
-1887
3185
1184
-1434
1475
1417
-2753
-1269
1833
9
-296
-3087
-1753
-1191
-72
2963
440
975
-154
1653
-679
-626
2170
-212
-1419
-246
651
-2774
2636
394
-2552
2076
-1250
-2752
2623
1356
-2588
-903
-2695
2772
2815
2535
-1094
1097
-1208
-146
1396
2681
2539
-2055
49
1536
-1745
-2433
1654
3176
-708
2816
1411
-1222
-2704
1187
-1960
-2621
2326
2969
-1187
453
-1766
1564
-518
-112
1988
1169
-476
3177
2572
-1340
385
-2917
-3066
-999
2511
3202
2796
595
2857
1876
1098
1057
-1376
-899
-2696
-2703
1432
1451
2278
-2869
524
-838
596
2751
-771
-2077
3231
1371
1650
2192
-1676
-2948
1680
-242
-1481
3065
-2815
-1387
2401
-2111
77
-1030
3162
1299
-669
-2675
1628
-1855
1567
-483
2270
-316
-851
1445
1259
-3070
1470
-2114
2666
-359
-3167
-2514
-299
3217
-2031
505
1353
1968
-2861
866
-178
145
-2890
-2780
-1854
1210
-1015
-3201
-1747
-1062
-580
2931
-90
89
536
1710
-1594
-1947
407
-72
16
-889
-1759
162
-420
-2510
474
-1616
-1597
-156
-184
357
-2118
2123
1476
-1400
-521
482
-2713
-807
-1382
2106
-1978
2623
-1540
-2701
1257
2240
-2142
-2174
-1466
1118
-2894
1011
1489
2163
-1267
1657
-2919
-2920
-2485
-2151
-2138
-1026
-1541
-2783
330
1765
-157
2576
-3184
738
3244
-1413
2404
498
66
3187
-644
383
-1930
-2147
3226
207
-1126
-763
-1424
1488
687
3125
1690
-2144
3222
651
-2000
2237
177
-779
-2032
-46
-104
2411
-1624
-2109
1571
-1646
2125
-980
-853
2880
-2466
-2687
1867
2487
2766
215
-2047
105
1051
-2362
-1598
2850
-1488
167
741
2551
107
-273
-120
-2817
-30
2274
-636
1880
-3190
680
-821
-592
3103
2321
-2864
-1882
-338
-261
1822
-2453
-454
-817
-427
-1778
-1553
2125
969
2460
2531
1170
1265
-147
-2563
-152
-1580
753
-3051
1007
-1140
-1818
280
1858
-2574
1208
-2962
2265
2402
2806
2584
2355
-2664
-2926
2748
-290
973
-320
-2435
-980
-2819
954
-1167
-2828
-2134
-127
-3057
-1475
2493
40
314
-51
2553
-2569
1162
484
-2588
-2906
1511
3054
1821
2368
1547
-373
-1242
-2179
-3033
1091
-756
-1437
-1020
731
464
-1481
-1101
2475
2123
1567
-3105
1004
2389
-1848
246
1432
-326
-392
-638
-2159
-2666
337
-2005
-2009
1577
683
-933
-562
-1411
2380
-963
1546
1870
-1565
1544
2093
-1117
-1426
2906
1688
-2842
3233
-458
-1420
1645
-579
2187
-2768
2051
2089
2940
-549
739
3201
1532
2844
-1052
-1335
-2152
2244
-1459
1455
-2851
207
-1723
-497
-2817
-550
-1168
455
634
-879
-1157
-2110
-729
-1498
2123
-132
1432
1951
-2420
-594
1447
3171
3086
-2035
1631
218
3174
-2294
2277
-2101
2893
2583
-1818
564
-1857
-1732
-1614
-1479
-848
591
-2967
-2954
1776
824
-1334
1068
-2924
2864
1389
3176
-2859
-1579
-309
670
2820
2022
1718
1558
96
1313
-2447
-2999
813
-3135
-2947
137
2535
2692
-2634
-2208
288
-2861
-1142
-1151
610
1190
-3197
282
-899
-507
-18
-466
-3162
948
-636
-2037
-3119
-1374
-2266
-2432
-3074
419
-962
393
1872
2932
-1936
2374
-1238
2890
1897
-273
840
1071
1455
-734
-267
1950
-860
521
-1672
-3121
736
-588
1749
805
40
2682
-1397
2460
-1882
1461
-919
-639
2951
879
-1154
-3155
-2947
1819
-1880
3082
-612
3020
2726
2133
-44
1594
2612
-951
-2524
515
-849
2143
2503
-2935
8
-899
269
1002
771
680
-1240
983
-2957
-1253
2427
1993
-19
-1559
-2103
-2229
584
85
-1051
460
-2323
810
2872
-2073
611
-1114
2006
560
-2780
1491
-2309
-2339
1989
-514
-929
1758
-2843
-2435
2299
-1035
-2304
-694
224
1531
-791
-3225
1257
699
-636
1905
-2415
1324
-722
-3034
-2201
-1413
-90
-2111
1275
1685
-3054
-3081
1552
-157
380
2145
2849
2388
2101
1001
2964
465
-730
-131
2309
2838
-2123
-3002
-1757
2547
3119
-693
-2956
-1784
-1806
-1142
-1701
40
-2146
-1571
2518
-1723
3023
2027
-1498
-1544
-2368
-1222
-142
56
-3163
2840
1647
2390
-258
-1871
887
1791
-2319
-2113
1961
3165
-1737
2051
212
-2415
2231
-1694
-1951
-260
2915
-3117
-351
1415
-2162
572
2773
-212
2684
-1910
802
-1446
-79
-1519
-2886
-1917
-205
885
652
-221
-3043
1299
-247
2025
-2113
-2319
1062
540
-256
1432
-526
-2822
2705
475
-891
-3079
-3176
-69
-1003
2764
676
-2231
1343
-997
1858
410
1605
1346
2650
-3004
1174
-2461
-1103
3175
-2951
-178
-3093
3014
-3242
621
2046
665
-2225
45
305
2928
2915
1542
-2344
193
-2626
3108
1103
-387
583
-1260
1022
-2544
2690
-1857
1330
-1543
1971
59
858
2579
-980
2755
-2506
-3018
-2294
505
-2379
1661
66
2429
-1829
-1906
-1860
2616
-2856
-2727
-267
2765
-1300
-3
-1475
-531
503
1006
-947
-233
-2669
3138
2652
2623
-2372
-2798
-3108
1404
-1499
-210
-1324
-459
2560
-2902
1130
-1946
-1808
2027
2479
2090
-1734
-2117
-3147
2842
-1440
1878
685
17
-824
-2491
-2593
-875
-3229
-1834
-1505
1861
-902
2833
1625
869
-2304
2591
266
1542
-2943
-2846
1247
-37
1687
1958
-717
1754
2800
-2791
2674
-1978
2615
506
2834
-1989
2857
814
-1902
2959
2354
447
-2304
2495
-1463
2471
-3030
-1686
-1403
2413
-1008
-1152
-2938
2703
-177
1407
1417
3120
-2887
-2463
2460
-1843
1132
-2953
-984
1144
433
-2914
1741
-177
-1444
-2043
-2383
-197
-1930
611
393
-1639
826
1006
-662
-2540
-2041
-2667
2207
-405
3140
3212
-2717
-1952
2031
-2688
-1107
394
-1863
-1772
-1785
-2706
3213
-2759
-2061
182
2332
-2372
-2032
-1139
-2559
27
-1200
-2070
-1737
1212
400
-2249
2606
2418
-2072
-390
-1748
-554
-2326
1595
-2038
-215
1802
1366
-2499
-2355
-1969
-900
-2486
-2128
2932
-457
233
-164
-219
2238
1891
1866
-767
-2164
-1695
-208
-2642
1227
-1752
-372
1610
-296
-1701
2086
-2727
-239
-687
525
865
-1576
-600
-2883
-606
-2813
954
2530
-1928
246
1610
161
-792
833
-1428
-735
2387
1617
1816
-691
-1662
-1923
-1069
-1770
-203
1741
-2226
-2938
-1720
-1219
1634
-2176
-3176
815
-895
-600
-1689
2706
2792
-531
-1039
-1821
-1220
625
-627
1216
284
2536
3203
1448
2210
-304
-2872
1677
2811
-468
418
2295
1475
-2166
841
-1441
747
263
673
-2928
-1999
2074
-1826
-2015
1170
817
646
1132
-1225
2944
-759
-317
1223
-1857
-1593
-522
-272
1948
-1430
-1153
-89
-2925
1825
1163
-1274
2951
-3026
-1854
1298
-398
-3004
450
1983
622
3092
-1270
-2051
-2095
-1830
-2532
3099
-2461
1101
-1499
-822
2934
-396
2138
-3077
-142
-3160
3069
3049
-2815
153
1265
-2836
-501
2051
-1744
2371
-1604
2701
1162
-1766
1894
-1927
2559
-3240
-163
1668
3031
-1560
-2875
-740
-3204
450
2579
3247
148
-1136
3123
-176
1063
-560
2864
-2508
1768
1234
-1636
-351
-1996
1165
1171
905
664
-2036
-3010
-3172
135
-1536
625
2883
1606
511
2989
-197
-1519
-2713
683
-1082
-624
3060
-1269
-535
2080
-2682
2321
-513
-2444
-727
1925
66
877
2141
1653
-2603
635
225
2885
-2991
-1408
458
2007
-913
1921
2762
347
1846
1530
2081
252
534
-504
1997
3030
-950
2698
-394
-3006
142
-1549
164
1517
-2331
-1881
-2664
1857
2404
1251
386
-2601
-2756
-1978
-1615
615
-2978
735
-3156
2842
1800
2092
1013
-1797
2619
2849
1745
30
-3087
2179
3077
-3157
2310
-1887
291
-2744
582
3091
-2928
-2205
31
-910
-1478
1079
-1026
305
-309
-2847
-392
-866
-750
1792
-2789
-32
2919
-2383
-502
398
-2313
-200
2887
1054
1316
-656
-326
3094
-735
2815
762
-2363
2402
1434
-2964
1486
-490
379
-1797
-3093
2502
-1281
-1870
2278
377
-378
653
-2504
-831
-2106
1163
537
-2269
-1742
-3067
2812
3056
-1591
-1339
-2490
1381
349
2032
717
36
1523
2792
-2285
1356
786
2362
1184
3228
-2218
96
893
91
1129
-2093
772
1403
-2461
-2825
334
1638
1482
-1570
2227
-290
2518
1770
1746
305
443
702
3172
2194
-1998
1583
-3213
-2367
-866
-1527
1119
-3132
-10
-3068
-1248
-2661
-1836
-1980
-633
97
1751
-910
2633
85
-2312
1277
-1189
-250
-138
-1589
996
-2257
-2357
-3192
1975
-214
-879
2705
-476
3088
-882
-2334
291
-265
-2950
1996
1688
-2064
-2703
2752
1855
-233
673
-2802
-2994
2901
3041
-2018
-1770
2570
-630
1132
-1672
2333
2648
-2367
-165
-1954
2945
-2981
1223
335
-1431
1223
1395
-460
2132
2966
-1895
2100
707
1163
-2680
1719
-299
3155
-2201
-2130
898
2251
693
-1977
-2389
-987
2878
2949
2568
-3080
-2291
2468
100
1939
2922
-1634
-2490
-1207
1097
-1402
-2024
-1161
960
-1445
687
1962
-535
-1152
-1170
3098
2787
2965
-664
-1443
1046
2968
-2259
-668
2547
-2924
-2430
-2011
2320
-121
2787
3146
-1844
2435
-93
-683
2159
790
-1065
2028
1819
-2156
-2942
672
2932
1078
-2590
-1806
62
3217
-1725
-2185
-1078
1824
-2484
-2030
1153
-2503
-2199
-2494
-2094
-574
2065
-1498
-7
-1454
-1251
45
1229
-2318
-1926
2103
-16
1216
-2375
-1806
-2467
637
158
2694
-2763
1705
1178
-801
1565
788
1042
1795
371
-188
1209
-311
2738
-309
-364
1100
3184
1224
-46
578
-1253
-2775
2456
1524
-2776
740
1326
1829
2777
-1478
1562
86
-1354
2578
1189
-1768
1211
2179
-65
-306
638
508
-1288
3039
1689
-2070
-3033
2216
1865
1266
-2255
-759
-876
423
561
-1937
1178
-2839
-1929
-1297
-1105
1
3153
2585
1914
1183
879
1503
-1468
1583
-560
-76
-1363
-673
-3159
-2886
502
-721
-1970
506
-102
-1135
-829
2092
2360
-1906
-1370
1838
2172
3
-1354
-54
2974
-292
2457
1335
2483
200
-2614
1908
-305
-2598
-2947
-1395
907
1253
-2322
1419
-2951
-862
-1494
-2603
407
2872
-1372
-2265
-869
-1874
-1963
-75
-645
2101
-2403
2373
2347
-289
-236
606
1014
-2121
-2651
-2498
457
-1591
-1625
1981
-1885
-1906
1572
1513
-1628
-2053
2345
-1680
3008
479
2837
-2950
111
-524
2558
-1171
-406
1732
3047
-376
1698
-534
-2274
-2264
-595
3225
-2287
-986
2910
1649
-2622
-2358
-780
-1521
-673
2226
2297
-2666
388
2363
-868
1517
-282
-262
1374
-1912
-626
-906
-2931
-917
-740
-1662
-1795
-2617
2119
3042
551
194
1277
-878
861
-735
-61
-1884
341
-1254
2953
2204
2773
2846
1827
3030
2484
-960
-497
-2097
-3065
-342
-2817
-1913
1136
-2752
2236
-819
-2390
-492
1070
-1627
-313
-3038
2140
-2127
332
831
3116
2963
-658
763
-588
-724
2009
-2026
-2443
2358
-1198
1403
2326
-408
2910
324
377
1717
1553
-224
-665
-2498
-1876
-1460
659
-2262
-2775
2929
-3090
743
234
3004
-2438
3158
1833
-2611
-1120
640
37
2368
-437
-2993
2642
1311
2402
3074
1489
450
-373
2899
1301
-2755
2124
2293
-1022
1981
2000
1087
-2979
70
-1022
-2721
-288
904
692
311
-2266
-1220
1867
-39
-2379
1934
336
59
72
1408
1042
-1593
-2667
-2863
482
1775
-1870
-2224
-2265
808
445
247
1177
-1168
-161
-699
2477
2938
912
-1764
-268
-1759
1806
2213
748
-3066
929
-681
-2903
-1771
98
-1207
-1542
2541
1249
-2378
1926
2332
-1794
-672
-2169
2453
-3083
-1766
-1196
-240
-2500
-2527
-2954
2202
998
59
-1876
1828
-591
2913
-500
1528
-2546
1750
-1322
1619
-28
-2691
-289
2185
466
-918
3236
760
-3132
-1823
-1565
1700
-2770
-2644
-1698
-1825
559
-427
810
-83
132
310
-2674
823
1252
-1681
-1552
653
-731
-1332
-401
-1796
85
-990
656
2117
-2732
2961
-1934
2016
-1065
2118
2872
1878
-623
1846
-1362
-543
2547
1360
-1645
-1723
-179
3073
-573
1886
-1288
1175
2889
-2245
3111
-2825
-1342
-2392
-596
-563
-1035
3159
1991
-481
1462
-747
2620
-1565
-2482
2895
1818
2444
460
-1607
1353
-1065
-762
770
-1020
-2297
2904
163
1905
-1857
2439
-1520
-2402
-2838
-1746
229
2167
-385
-143
-1502
-3154
2912
-987
1871
395
225
2287
2853
-206
1507
707
1231
-1273
349
-173
763
-929
1085
1292
-2737
1952
1815
668
1208
2194
-994
1723
-203
-1935
-2204
-1619
696
-2977
-2566
1921
891
-1413
2986
1613
-1287
-426
41
554
2860
-1155
1381
-1097
3143
149
1910
3226
-2109
-2322
262
-2918
-2178
-421
-1746
1724
-929
-22
-2274
-2900
-3055
-2515
2283
-2344
2817
-1507
660
-1141
2242
1774
1664
3032
2913
2660
-1726
2578
2039
1206
-1900
-2466
-2040
1138
-434
2037
754
2315
2400
-789
3113
829
-632
262
2240
204
292
-2518
-204
-1185
-3069
-2725
650
-3097
-116
-430
-355
-41
-1787
-2878
2783
1172
2608
804
2463
-1619
1359
-39
-612
551
-2787
1612
-2260
2496
-447
-2449
-1315
-2183
-171
-515
187
2177
2837
2336
1941
89
2658
-564
-1676
31
-1749
-3040
2936
1136
3071
-1669
-2699
-2040
854
-454
-2093
-2114
-2325
634
3087
-2477
-2976
147
-160
1739
-2181
-88
-2533
817
2212
-2513
1074
-1723
77
-1007
-1088
2251
3170
-3122
-944
-847
-1228
-521
-2930
-2839
1122
-785
325
1531
-1946
-2398
1488
3160
1296
344
-2928
-1258
-1731
834
2843
1768
-2353
-2433
-442
2037
-235
944
2867
-1707
353
-1594
2506
302
2833
2732
1429
-965
-3029
435
-2873
1067
2495
-3018
-2246
-3107
-2380
-1294
-1675
-1179
2002
129
-1915
-2331
2612
2326
3038
2463
-1717
1564
-2556
2604
-105
930
-1816
2629
2596
-1645
-1335
-1997
-2810
1582
-178
-223
-231
2627
-184
1956
2257
-1525
-481
-3213
-947
654
2534
-2400
268
1803
2589
793
666
-207
-1221
2863
2434
-2690
-86
-1173
-1017
-3004
2172
1315
-6
-183
-2176
-186
2976
-876
2553
990
-427
-684
1391
868
411
-2014
-531
-1902
-2273
-472
3127
-1867
-2381
3071
1287
623
1568
-579
-257
-1031
2941
1858
1085
-3084
-1624
1441
840
1759
514
-546
-43
530
778
-2574
1186
1043
3157
-2350
673
-1209
-1144
783
-878
-1622
675
-991
-1077
-2603
-3200
1377
-1252
-1344
533
-50
1663
669
2533
480
1929
1258
-2142
37
645
658
647
-643
2090
-1486
151
-1099
9
582
-2175
1105
-3095
2908
-1352
-1569
-971
-2336
-1903
2162
2908
2421
-1471
2967
106
-2384
1096
-1879
554
-2246
2224
2796
-3154
-998
473
-2109
-65
468
-2849
1259
185
3235
-1084
1587
-642
-997
-279
2104
1863
414
-2291
1419
-219
2799
175
-133
-2383
3239
-2040
-1377
-2342
-3170
2738
2046
-808
1743
1862
-1666
1715
-478
1660
139
783
-123
-544
-62
821
2955
649
-1801
1105
1704
1407
-98
2060
-3125
626
280
-3249
-984
-3163
933
-1792
-927
614
2729
2681
-1357
1448
1352
-2595
-1591
2959
-1056
1749
-2172
489
834
-2100
2515
-1346
-910
333
-918
-2145
2533
-876
-1199
694
-3108
-2961
2360
2429
2820
-2311
-391
1323
-1807
2592
464
-2947
1382
-1674
42
70
-952
3141
2656
-1623
3187
-2400
2851
374
2114
-606
-1141
-1467
3042
-3005
-961
2601
-2674
-1986
2080
-2327
-2462
-583
-1065
-2110
1716
-1545
-1002
-1749
-1001
949
-1515
2632
478
-2768
98
2945
3006
58
377
572
927
2707
-2056
-1755
2800
2761
2763
2968
-2068
-342
2508
1783
-553
-1660
-246
198
-3212
594
-2079
-1144
1717
754
-2048
-1394
-856
-777
308
-2519
-381
3028
-349
244
2519
2228
-841
17
1154
-1678
123
619
1583
-1579
-3111
496
-1896
-98
2188
-1996
-2356
2902
-1612
-1220
-2406
350
2355
-1764
1284
2464
689
1690
244
-1331
2146
-2823
1386
2346
-1550
-1777
-2457
2166
1237
924
1983
2922
-932
3139
19
-1135
806
2548
-2105
2961
-2111
-2680
2121
-2538
1371
2721
2774
3
1026
731
-1326
-915
-1591
3118
-1932
1940
1684
-189
2122
-2000
-2754
-477
-2173
-2663
-2879
2073
3018
-3010
1807
-1146
669
-597
1880
-1778
-904
1820
2845
2395
-1691
-1851
-3177
33
2664
-2227
-215
-2293
2911
-2433
2930
-2419
3041
-894
-1413
-2655
21
-366
-1096
-501
-630
1763
-70
-2484
-759
-1614
-223
-2938
2646
-770
-93
-2926
1744
451
1072
-1931
2588
2908
-298
1608
1790
-2732
980
2378
2845
-2176
1278
1091
-1385
-570
2015
-1386
794
1460
1299
237
-967
876
-1023
-3244
2544
1520
2914
-1209
624
3205
2287
780
1102
-2872
146
613
-1308
-597
-754
-1943
2773
-597
-2100
-307
2123
-699
-1995
1447
2213
1343
1102
466
1859
-777
-230
-418
3071
-2013
603
864
582
-1686
3163
-2838
-519
-1754
-192
-639
1264
-1079
-1650
-2225
-2999
2269
-2289
1260
2971
2408
1826
-2115
2178
1011
-1277
-3065
-1806
-3014
2641
739
-2105
-495
2042
-378
374
-2065
2551
-187
1038
3100
2088
-2006
875
820
2560
2900
2459
2301
31
-338
2263
732
1284
2592
-49
740
3092
-653
-1575
2354
-1207
-907
3050
-1214
-1127
-1468
-2378
-2731
1565
1825
-1924
-606
2165
203
-1482
1227
1109
1735
952
1954
-2613
-123
1311
862
1056
49
2963
-657
2334
-1069
2457
-2338
-2699
2873
1425
234
-190
1210
2453
222
1417
777
2227
-2997
-2183
-2484
2612
-659
293
888
2552
-1783
2498
-1310
60
3114
-2778
-1984
-2971
2682
778
-2266
-1653
-1454
-2822
-3229
-1711
-41
-2745
-2143
-3235
2531
-978
-111
1434
-3091
2848
-145
-1691
972
-1335
676
-635
-1424
2023
-1895
-525
-1888
2048
303
1204
-2578
-2659
-1485
964
-2718
-1252
351
2666
-166
1746
2535
-2797
2635
454
-908
-1565
1423
-3086
2439
-3129
-2963
-2592
820
708
2757
-2957
544
-73
-250
1639
-1578
-3236
2593
-20
-103
922
-63
2472
1566
-1262
27
1769
535
-2535
-153
-1422
3062
-2819
-2312
2164
-2304
2174
-845
1986
443
-2659
-2734
-483
-1013
-1335
3137
882
-1389
1508
-329
135
2073
107
2235
-2773
1730
349
3097
-1069
560
1424
-1656
901
764
337
565
-3038
3067
2411
1767
2127
-1243
-2487
505
748
-1453
2049
-1832
-1678
2989
2524
1714
1052
232
-1509
-423
1805
1566
1257
2382
2789
-1383
-1675
-56
-1746
-292
-2820
-2051
-1056
-2278
2670
-1819
2047
-717
764
148
-1903
1694
406
-3177
315
1437
2692
787
2879
2238
3205
712
-2069
349
1900
2742
-1894
-3187
-2625
571
-1513
-2849
1469
1980
793
-1543
-2499
-2220
350
1119
1472
-518
114
-1339
2999
-1847
-1378
-2647
902
-1186
212
670
-29
-1826
320
-602
55
1152
-2906
-2245
1965
1461
-1410
-2274
421
-2859
564
-1228
-127
1732
2311
628
1712
1855
2220
3083
-203
-528
-2069
1439
-2295
858
-2793
-1134
-2008
-775
-3211
2965
378
2053
2812
2659
-522
-1752
3143
381
-1598
-1039
1629
478
-2890
422
-228
581
-2454
874
2200
2519
373
-258
1446
2415
498
-2652
3069
-906
-503
1534
-480
-1672
2070
-373
-1916
1632
169
-1863
-2346
767
-102
2510
1647
1381
-774
-2924
-988
2124
1539
576
-1797
-1240
-742
-1822
337
-1466
859
-20
-1985
2804
-3047
1258
-2464
2297
848
-592
1126
2199
1888
1832
-917
-1180
3056
-1186
82
-127
-2286
-270
-2674
2416
-109
-1650
976
3163
-3063
-193
397
-810
-3008
1737
-809
-67
-17
-1044
-2583
564
-1209
3242
-3063
-3082
302
-1071
1458
3073
2201
-1170
2000
2924
-1828
-1451
975
714
95
2248
2946
-626
2595
850
2864
-2732
-2638
-142
42
-3210
2809
1810
1586
2625
-2638
-180
-734
-2830
2200
3162
620
3101
1593
3031
61
-728
-1762
-1254
-905
762
-1444
-2294
1852
-291
2924
-2329
2859
-2410
-2590
-2569
685
686
-80
2719
214
-1467
3105
-18
-3117
-1061
2556
360
755
-2481
-1329
-1346
2465
-934
-1530
3
2204
377
1510
2364
-1564
1233
385
-1902
1006
1273
-504
-1921
330
-209
-2972
1246
-1768
-1489
3026
2242
-312
-3213
976
-463
-2273
-2470
-1827
-1405
2173
2927
-2284
199
-2882
-2278
2772
3193
1829
1826
2956
2739
-1480
2971
-1405
-1194
1159
990
2125
380
-1756
-357
-705
601
-953
2711
3166
826
1438
-2900
-988
3038
-2360
1744
2673
-41
-333
-1971
-1500
723
-2028
-1585
1937
-906
-1376
1587
-35
-521
-2526
1058
-2821
1950
875
2751
-2064
-2029
-587
-2288
2250
501
-1264
2020
1729
2688
-2640
2258
354
1530
-1325
1285
-2381
-363
-1075
1052
1730
-141
2005
-1000
860
-1049
2583
1333
1181
1692
-3068
2770
-2873
-1298
3183
-637
2028
2119
1568
-2408
579
217
2823
-1138
1652
2621
1172
-1299
2146
-3047
-239
-950
1745
-2776
2228
370
1159
702
145
2974
-3074
2952
2355
2393
973
2457
3026
3055
1593
-31
-1492
-1589
185
1855
-2184
-2993
-1433
-2553
-2347
-612
3028
-1302
1230
-2401
2601
-1506
2336
-1179
1766
-567
-812
558
-1246
-773
-1490
-2491
1579
-1133
690
-1759
-1332
2629
2819
3144
-205
-1142
2739
577
-2651
2695
-2948
1339
2954
145
2183
-1446
-2762
-630
3022
2841
-178
2890
1287
-228
-1921
595
-1405
1405
-1931
2705
1260
1149
3151
2582
-800
-2668
2219
3206
-2031
-190
207
-331
2740
-564
2594
-2002
1271
-1448
2902
2146
2327
799
-225
1832
-3217
-3094
-2510
-877
-367
-1168
2778
-426
2991
-18
1366
2659
-2848
-2327
-1209
2471
24
-917
-2651
2769
-1261
-996
3157
-1947
-2397
-2303
-2879
2036
813
-759
-1163
-985
660
1502
-1570
2249
-1902
-1744
-1560
-901
-1329
127
-1119
-707
-2021
-3030
-2233
-530
1408
701
2404
2941
-2248
1756
-735
-730
1551
993
-1316
1744
-2975
580
3009
1243
-2631
2334
2381
2803
-351
2094
1361
-856
-1396
-2900
-502
320
-85
-2388
718
-187
1435
2625
-1424
2114
373
295
954
2350
1405
3132
-2435
-785
1024
-1997
-1722
-1100
-42
-2937
-1567
1947
-2149
2779
-1225
-1739
1858
-1317
-1033
1639
-2933
-2100
1393
-1277
12
2124
-2717
285
2530
-1502
1892
2070
-737
-720
-2788
2474
-614
-2280
2497
-899
-1969
-1691
86
1628
-831
2104
-794
759
2035
445
-2924
-499
1092
1105
2565
1427
-1284
790
-1873
-3091
2882
-1330
-1298
733
960
-1611
-2171
1756
-1407
-2082
-2991
2770
-131
-2108
2838
1445
642
723
-2149
-1678
617
182
-234
-710
-1036
-567
2039
-1931
980
-574
-2227
3092
-903
647
3247
2153
2446
-701
2495
-1287
-2059
-1292
1504
-1237
-1930
-398
2481
2640
839
-2477
638
1856
241
-105
-1879
-575
2900
1978
1948
-2851
-2724
2981
1371
3003
-3144
-1724
720
1546
-356
1614
2043
-1181
634
-2924
-884
1701
3185
87
2409
-646
1249
1869
-1679
2013
1402
-1504
-64
1052
-1584
-761
615
-247
-324
2138
950
2896
1088
171
1841
2122
-3089
-3082
1081
-1933
2428
-201
124
-652
749
768
1646
297
-1599
2544
1716
1692
-2669
-2385
28
-76
2381
-2624
1944
-376
-1550
302
2937
2026
-2671
-1732
3167
-1630
2733
2412
346
19
-3139
-1792
1512
-1932
1255
-353
-2332
1028
554
-1069
-1033
62
2186
-538
-1728
326
-2964
3086
477
545
-2078
-784
2011
462
-988
186
-3040
1520
-2584
1371
3208
-2239
-761
434
-657
3063
466
1367
-1151
-612
-2389
2268
-884
-1031
309
1227
-217
2492
1176
1465
-2382
-1417
1761
-2356
-574
-2736
-257
-2411
1320
2772
2943
1500
178
1789
1977
661
-2767
3004
272
-2762
-831
-1194
-1442
181
-1429
2804
1728
262
3229
2013
-738
1913
2356
-1478
569
2905
883
194
-842
-414
-781
-351
-163
-2134
-1837
-2974
2466
1244
2457
-304
1708
2970
1071
488
-1980
-823
-440
1399
2072
3137
1531
-467
549
-1601
-2343
-1438
121
-2199
1596
-1947
3212
2539
1914
-2163
-1264
-1809
-2975
-2982
-2003
-817
216
-2000
-1558
426
-1842
-2459
2426
644
1068
-535
-2540
472
1325
2392
2133
-2870
-3054
1258
-560
-2434
3150
-2345
-839
561
855
2021
3019
2808
1794
1450
-961
182
1291
-1092
-1035
2202
-769
2704
184
226
-1986
-337
-170
682
1209
-1253
3031
-1357
462
647
-3092
-427
545
-169
1331
-1567
-721
1886
-1753
2878
2304
138
-1750
-2855
3059
-2978
-1518
-2436
-833
-1388
2408
-517
777
1182
2324
3022
1159
1032
-2727
2431
207
-252
-621
-2425
2311
-2603
-3124
-126
2451
-2681
-2012
-1301
2283
281
1425
-1245
1275
-198
-733
-279
-2306
-2511
-1971
-32
-1623
-3207
-1291
2666
77
123
2813
2097
2936
-2331
-458
1485
1529
-1023
938
1636
-238
1232
987
-167
373
-219
957
-1449
-1171
899
1069
-1253
1517
-510
-3050
2798
-2809
426
-3164
1581
1547
-287
-2107
-43
-1147
2702
-2320
1202
-966
-1213
1529
1918
-1347
42
-2637
2437
-854
2508
1486
-1701
1897
-202
270
2952
2964
1159
1886
2549
-757
-982
-486
-2317
-1806
-1972
-1523
-2231
843
-2943
2593
-1306
-2015
1903
2904
-1692
-3166
460
-1927
-3165
-2744
-1632
-2833
-3227
478
-2380
1711
-3172
807
-2570
1719
-2752
1194
-2121
-1730
-2725
-44
-444
-408
-1000
-955
2624
3051
1022
218
69
-801
-1995
-3182
-307
2052
1406
2651
251
1132
3083
3119
-1867
859
2912
2410
-2069
-2315
1913
1648
-217
-2680
1575
-2311
-731
-1228
2101
-2934
1290
1443
-2783
1929
1890
1540
-827
1835
-781
-2693
-794
-2979
-850
1359
-1780
1049
-1247
237
951
-1428
119
885
1054
-1360
1845
2557
-1028
2038
3125
-383
488
-2265
2559
-968
-1566
1407
1995
1152
-1715
2157
-1832
-11
633
1033
1600
225
-1271
756
-1834
-260
-1114
-1230
1549
-1888
-3149
-2132
887
2700
-945
-1947
1448
-2559
1722
-140
-2902
-1357
-989
882
2186
-109
-2802
1189
776
-2270
2421
-3014
-2295
503
-838
-3218
1372
-1784
-1794
-3207
-1576
-1168
360
-872
-3208
-664
-584
-900
-2173
-36
-1925
3159
-561
-3199
-1272
1781
3038
3073
-1401
-257
-7
-2428
-597
1094
1313
3015
2170
-1183
-594
-629
-1597
657
-409
-2701
-348
-572
1949
-180
238
2740
-1474
991
-2487
-1273
741
-1277
-2672
497
3125
-2594
-2418
818
2060
-3015
3005
1872
828
-3091
-1458
2686
1552
-1523
1525
858
-1253
157
1912
-437
2281
-774
1566
-2234
524
-1840
359
708
1355
-1923
24
1194
-2702
-602
-177
2344
3051
-1274
-1366
-2247
2525
-2688
261
-1612
-1731
62
-2643
-990
1386
-56
1412
-530
-3108
-1613
-1620
-873
1682
-169
-1731
2101
-3033
2170
1495
125
24
-3099
-978
3175
-1307
-1235
-3206
-1149
2233
1088
1852
-1151
-521
1624
-2005
-2870
-2596
-486
922
-1657
-610
1240
246
1879
1508
1833
1628
-2005
1831
-2123
-2329
1715
-2629
3060
2135
-1030
247
2574
2119
2882
1305
1726
1922
400
3214
-2175
824
3021
2805
-2964
139
376
2850
705
142
1008
-1923
2077
-2269
2331
-731
-2510
-2336
423
-208
3096
-2104
-622
3114
732
-411
-1419
-234
2656
-713
-1081
969
-2989
1004
-1421
603
1016
-312
-1622
521
-2199
-2620
-2818
1770
-285
2597
-1820
3212
-2319
-900
-1732
-3155
741
2662
2351
2593
1690
-1182
-1285
723
-67
1207
-1350
539
318
-1571
3083
-627
-2456
-6
-1816
668
-955
2568
2275
1362
552
2417
3156
-922
3059
-1162
-1246
1149
-1438
-2461
-1739
-2992
1923
-2983
555
1945
99
-116
-2152
-2695
-1358
432
-2474
1685
2896
-2291
1318
-1969
3171
1174
952
-1597
-2238
2253
-553
1533
3194
-316
2461
293
1079
-2937
-1162
-2361
-1330
764
-1256
2898
-891
2331
-617
-1969
1185
630
-3236
2521
-2678
2031
605
1730
-2420
788
1084
2315
-3155
2113
-222
-3055
1155
-2686
222
-2649
766
1858
2968
1215
-2664
-1494
3075
2800
2341
-2241
-894
-1111
-1846
1378
1309
-2162
88
-204
2042
1563
2301
1231
1871
-1973
2140
2476
-1894
2905
-2928
-3069
2679
-1200
156
-1028
1351
-339
-126
-517
2120
-218
-1514
2744
-2457
431
802
256
1128
-929
-1965
882
1626
-664
-76
1833
2687
-1178
1997
3147
2385
-2896
1490
-1581
289
-191
-458
-1525
913
-588
-74
-2664
2298
-21
-1690
-1264
-1151
1896
893
-1633
-1394
3081
-1552
1803
1683
1847
-394
2035
631
2274
960
1362
1906
2087
1654
2635
2329
-1790
-1599
1400
1895
1065
-2904
-1513
-1831
2755
-1806
3024
832
-362
-2550
831
719
1906
-379
-2863
1995
-1311
3201
1392
124
-2053
-628
-1380
1985
-830
-2164
-978
-1401
1561
2315
2092
3041
-2108
-2785
1399
-2276
495
1067
-925
2489
-2449
445
116
-3211
3242
-356
2824
2625
672
-467
-2973
1089
-451
-122
-262
2924
2469
2666
2525
-2592
-909
-2251
-2751
1473
-289
1266
2272
-2470
2860
1222
3041
-3243
2859
-1371
-1307
-1733
-641
417
-3203
-1804
1606
-1010
-630
323
760
519
-2983
-2125
233
1413
-2718
-2558
-331
2368
415
2104
-629
-306
501
2007
-455
2833
-3017
2714
-2331
-3066
-1589
-2084
199
-842
-3122
-1563
557
-2311
-791
-3060
2741
1594
-2183
-688
3004
-3196
-676
3195
1501
-149
-3040
-884
995
1343
492
3076
-1331
-3063
-1591
-2215
-955
3237
250
-3143
-2646
1887
-405
-1660
-740
-2587
2968
-2275
-1292
2142
2055
-501
-1692
2100
-586
-852
526
275
2471
1986
2167
938
2812
-254
1485
2350
1422
-609
-1610
2084
374
-554
-1441
-2304
163
-2318
-836
-212
-2736
1204
-2112
681
-436
9
-1825
2848
1753
-180
2720
965
-1801
560
-1162
-1794
2717
-1380
-526
1000
-295
375
-862
-357
-237
-1606
-1432
-712
-2429
2981
-313
-2902
-2429
-3187
939
-2973
828
-1407
617
-2845
2216
-1716
-137
-530
-95
-3006
1334
-1346
-2134
-2053
-2179
2191
-1704
-513
-835
-1893
-234
1196
-600
-711
-2475
1094
-1128
-294
631
2892
505
2977
-2675
-1498
1055
2497
824
-3173
-1166
-2459
-1452
-2615
489
198
2028
1740
-999
1977
1322
71
-1788
-300
2302
91
1522
210
-144
-2594
410
-963
-639
-1889
1658
-898
-3079
-180
-898
2842
1223
-1562
-231
-621
-851
-821
1587
-1039
-915
1778
-1987
1812
1357
760
-894
2721
-481
-1108
-3179
-3210
2287
-288
2765
1806
2297
989
-1167
311
-2607
-2646
2784
-3249
-1037
644
-3140
1671
-732
2721
-1025
1170
-673
2111
1617
2730
-1152
2297
2613
1350
-1873
2964
-745
2344
-3187
2378
-1803
1540
-1096
1795
427
1011
1903
-1302
1255
2415
3054
-816
3106
-75
-934
1147
-2159
3185
-1392
-624
-1880
27
-225
1503
1084
2036
-26
76
-1392
-1948
-1165
1279
1597
494
-2696
-1076
3105
350
-308
2091
-2745
1223
1398
-1566
-1904
-816
19
1578
171
838
1268
-2420
-46
-1461
-2363
1771
-1366
-2055
-481
308
-419
-3046
-1010
-3037
-2671
3009
2524
-892
-1159
2580
-550
940
-2983
1368
-2898
993
662
3100
1321
1480
2146
1768
-2816
-3072
-611
1877
1198
1928
-3248
2311
-1464
-3224
857
1525
-2533
3068
858
-1644
1585
-27
-2271
-2050
3234
-2551
-725
-312
-1276
2242
-1304
1557
-1738
141
-68
2012
2664
-575
2466
-3164
-673
1960
-623
-473
379
-2557
1439
1384
-1383
2962
-3187
-1404
-161
-418
1802
-2707
-333
-2442
-1045
-1246
-735
801
942
-15
107
-3178
2772
-1096
-1230
-929
-1333
1763
2270
-2151
-1843
-2839
-1987
-222
1746
449
3034
-881
2946
203
2623
-2107
-2445
1873
-2739
-1901
1481
-1340
999
236
-2024
2077
5
472
-1786
-1176
-3208
-2942
1980
1103
2196
1596
-1866
-13
1076
1095
117
228
-2121
2953
1456
2318
1538
2956
1211
154
1462
2641
-435
-1150
211
2146
-973
2529
-2107
3077
3066
2914
-1821
2020
1366
-918
3017
-1507
-2940
2178
-2365
-2230
-678
-1994
-624
-139
-1122
-372
1545
3055
-715
-1943
1148
1487
-2125
-1999
-174
-1425
-1720
1676
2221
1214
212
-394
3116
-1488
-2955
2565
33
1578
2031
2927
-189
1255
-1324
-2055
3105
-224
-2308
-1644
-309
518
-229
-388
-2096
2457
-1342
-857
-2907
1804
-70
-1615
-1347
1722
-1220
1167
-1396
2828
2782
-1478
591
241
2776
-1633
-508
-24
-997
-965
2707
-1489
2442
2172
2203
1524
1465
-2244
2424
-1737
122
349
-3049
2583
-2294
-806
3005
-3178
3096
-1397
3149
2691
-1558
-724
3118
-258
1458
-2691
-1550
-313
2554
-780
-3208
690
2466
-2053
-2944
-205
-533
-1430
797
83
-1356
-700
-69
2452
868
711
-885
-888
-2497
585
1449
124
-1504
2323
-148
208
-1853
-2946
-1702
756
854
2330
-2915
-876
-3106
-2839
-1003
1025
2159
-1167
-199
65
-1137
1695
2043
-2321
-1780
2470
2986
-1094
-1286
2897
-112
-659
2730
-2398
3168
363
-2493
1945
612
2942
785
340
-1459
3123
-2191
-2274
-394
-1524
-1739
2427
321
2230
-563
2280
-150
2910
1533
2304
2589
-3094
2252
-392
-1746
-2365
2543
-1331
-3244
-2188
-1493
2656
-1056
1965
2193
-82
-2470
-85
1456
-3113
-1225
2423
1388
1331
225
-2200
-2505
1851
-2669
2453
-3068
-2329
1207
2405
3039
847
753
686
-1838
-2803
-3074
2106
1116
2122
-1644
535
-36
-701
-2201
2627
2288
1353
444
1679
-3237
1119
2464
1314
-2659
1168
-1130
2068
-2660
1684
1324
-1757
-3080
2259
325
-3092
-54
2907
2034
2375
956
-2457
-1495
2884
1117
1864
-436
1072
28
-1106
-1
2452
-340
1334
-390
739
1673
-2755
1242
786
3011
-2354
-1713
-2567
-1435
1142
-2003
-3161
-131
1508
1414
-1821
-2315
1508
-2111
-1173
-209
1598
-2428
797
-309
983
-2204
1041
-1952
750
-2223
-2106
-1845
2786
215
-1810
1925
1557
1646
-181
-2407
-2210
2159
-3250
545
-3207
1845
2756
1155
-1300
-1642
2216
-1793
3054
2306
217
2598
2475
-2780
-1654
3116
-1184
1206
-1708
770
-1830
-477
2674
3018
-985
2659
-3073
-778
2692
-1181
-781
-2890
-505
2021
-1053
2657
1769
-1932
-1216
-1137
1353
-554
-2899
1231
3027
415
-2197
2723
997
2125
-751
-1309
634
-629
1513
-3040
-1363
-2371
-693
-982
521
1826
-2391
-3228
-801
1300
722
-2828
-567
-380
1087
-1244
-560
-780
314
-3007
3143
2164
-2042
767
2710
-2945
2754
-350
-1783
1426
-3100
-2778
-2474
-2086
-2751
-2225
-1054
614
-1422
-536
1875
2782
2298
-1842
-1821
-1349
-1493
-56
1479
673
-956
2179
-203
-2323
-2410
851
432
-2446
857
3171
-414
255
-1898
-875
1591
-2236
-435
181
1296
1898
-3067
-1357
2232
512
-1567
1477
-2223
2189
1077
2459
2454
322
-2216
-2495
-2512
-1200
-3246
-913
1870
1079
1634
835
1064
-1682
-2543
2985
318
-2239
3125
-2150
-2121
-3006
-44
-1280
959
2674
-2809
-1557
433
-1121
190
-1554
1805
75
-1813
1480
1808
1680
-1745
-1224
1202
-187
-630
-2879
1425
-2837
-1551
-2712
1009
1112
-456
1044
1872
2541
-1119
-450
-343
583
-1958
-1030
-687
265
-1536
-1092
2529
-2878
3226
-1326
-2855
-2450
887
-2308
-2407
2250
-2992
1155
-1476
3017
-3059
-3006
3013
1998
-2539
-2768
-2548
1361
-189
537
-2132
-3161
-373
953
-297
2452
-1867
-1118
2479
-397
-24
3031
1401
1717
-3195
3149
780
-2147
1077
1053
1263
-176
-954
2442
2406
-2895
1516
-2123
-584
138
498
1681
-2252
-73
-1088
759
-2197
-1747
231
-2090
1600
1918
2148
-2071
-1835
2118
-447
195
2228
798
-3214
2281
104
-3175
-2935
-2411
1334
2074
-645
-438
-247
-1550
2584
-1800
-2003
-1756
-340
2098
-834
-2589
-3195
-1806
-2965
-2450
2466
1867
1051
-2303
-718
-1824
-1023
2747
-1502
-1085
2455
-2402
2544
-1555
-2514
1104
1930
-2443
2716
-259
1743
-1702
-1732
-1146
-371
-2516
1445
-2086
2481
-2792
1203
-640
-2483
-1134
3076
3009
-1575
2136
2853
1373
443
-3228
88
-1352
-1275
-2807
-324
224
-1819
2230
623
2365
2634
5
1311
908
2610
2820
571
3045
1869
-547
858
1938
1699
-2088
-994
2531
-1611
-516
1449
-1863
-2134
-2036
1367
-2641
-1990
-2863
1893
1254
2872
-2250
-2116
1949
596
-105
-2983
-1918
-386
2535
-2433
3103
1070
-1390
1705
-1683
-2140
-303
-827
2485
249
-2913
-2537
1610
2810
861
945
3105
1533
1817
2490
584
1726
62
-552
-2320
-1593
-265
2294
-1276
3208
385
-3090
220
-2412
-2687
2198
3079
2928
-889
-1787
1777
2964
717
934
662
1480
-1989
257
3207
-3005
-645
-2486
-2012
540
430
-856
-515
-848
1591
-2120
-2061
1073
3192
360
-1043
-141
806
825
2256
1593
655
-3101
-1660
-2554
1942
-3112
-768
2325
1725
-3150
2083
-2709
-1218
-381
-1787
-2529
-2207
-2247
1561
-1042
1645
1507
2460
2186
-817
-1684
25
-375
-1338
1996
2105
2945
1758
-2305
-898
2402
-2809
1435
-1044
-2959
-157
-1838
-2284
3018
1531
3065
2777
-2080
543
-1559
-1082
-1127
-2492
-2072
-1324
1287
106
-1238
-1203
-1142
2747
-2892
-94
2659
-1172
2908
259
726
337
821
1352
402
1437
-825
795
1607
2348
2177
1187
1011
3123
1062
846
-1162
2800
817
-1002
1915
-2690
-1839
684
2623
1883
1856
642
415
-1975
1340
512
-984
2755
2585
-101
-733
-1389
-1736
141
-673
-2941
2844
-1870
630
-304
1590
-985
-1843
-2630
540
-686
-2606
2618
-1951
-2336
1367
1432
2396
-623
-3180
399
-3167
-408
-3211
1318
-1172
-57
-2917
3216
-3141
1811
-1083
1973
947
-606
2087
378
-1855
-566
-2631
2220
842
2653
2035
539
-2300
882
-1217
-1505
-2096
-1801
2927
-19
-2992
571
2745
-1126
-468
-3122
-99
-2019
-2019
-432
-813
797
-1223
365
2339
-2304
977
-3103
59
2145
1521
2641
-1195
-1230
325
-296
2416
-66
176
-2687
506
2463
3143
2955
-3206
-2497
718
1211
-147
-2206
-2767
1217
-613
-1195
-1257
919
2921
-606
-864
244
158
2948
-1477
443
-381
2235
-2238
819
-1002
2218
1487
3016
643
1595
1749
1447
1495
-770
-1948
1682
-1341
1228
826
2935
2079
-418
-1549
1435
-1782
1739
-1937
1422
-2774
1208
2051
1950
2667
2239
1577
2661
-2041
2944
2656
-2796
-1738
-2573
-2832
-1219
1397
936
1968
183
-1521
2137
-1342
3028
221
133
3159
1813
2944
-786
2794
2962
-471
-2991
-1873
-1515
-515
705
-2460
-647
1337
1694
60
-135
1855
2679
-2003
-1382
3209
983
-3040
-2907
-1007
-3129
-49
-1355
1553
996
-216
-82
-2338
1447
2185
-991
1965
-451
1637
-2964
2652
2311
-3148
436
-906
-667
2355
1031
-1459
-2391
-2216
-2276
1372
-840
1972
2170
2464
-2342
-620
-437
2468
-1873
2455
-1220
-3156
335
613
1104
-1322
2197
-2053
-354
363
1314
2352
-504
-896
-1105
2047
-582
2582
-2505
951
-180
2832
1342
-1175
3067
-1451
2028
-328
-41
23
-1240
-497
2287
1985
2779
-523
-919
359
-506
1877
2346
-1641
-2135
-1741
2351
594
1038
2055
-1238
146
-2225
-2847
-1512
-1253
1822
-2339
-2914
195
1136
72
-1091
-895
1140
848
-1393
-2207
-166
-451
-249
281
1308
2222
-1318
-1028
-796
1434
1674
-2487
667
1004
-329
994
1443
-2445
2515
-584
-663
3238
-1322
-1561
-1486
926
-1229
-1534
1731
-2865
-620
-1437
-2038
-187
-2984
2000
-1492
159
-1860
308
1334
1895
-2388
150
-915
232
1334
648
-100
-3153
2957
2197
-367
3188
513
-1294
2898
-826
748
1755
1581
652
2344
-1290
-675
-2295
-654
-2739
-1927
1767
-3050
-3014
705
3199
3153
-2178
-2082
-1133
1845
133
1874
506
2691
294
1129
3209
-1658
-728
-1734
116
1622
-2189
1335
1239
-758
-1441
-29
1326
-663
-868
1037
-1159
-3179
-2747
-2486
-2906
-2361
788
1247
790
-707
2801
-48
1487
-432
-1498
-2707
-250
3048
785
2165
808
-2365
165
-1250
3148
-2679
2274
1834
-1844
3203
2391
2649
-2533
2871
765
-1005
-163
3074
1549
-228
512
-654
1608
-806
-602
-676
-422
2857
2519
-2367
-541
2521
1106
41
-803
885
2448
786
634
2400
-1768
914
784
-624
2760
-1600
-33
1677
-1384
2859
-1428
-412
-3181
-519
-3031
547
3109
2559
2944
1503
-2147
3196
2710
853
-236
-1169
-2606
2260
-2493
1036
-1328
-1026
-1999
633
-2430
-1716
-2997
-830
761
-2292
-784
-1060
-1022
-755
-2214
-376
-1172
-956
-1733
338
-1706
-3160
-1162
-1319
-1313
-1843
-2876
2770
-102
-1479
-373
-641
-2769
2209
-1269
1138
833
-177
-1986
290
-1655
-637
3172
-1935
3095
1600
-355
-927
2465
912
930
2074
-1073
-2185
2233
1388
-2786
580
1806
2870
2284
2502
-510
-710
-2770
394
1595
-612
-2636
-1198
2446
288
-3045
-164
-1564
3212
-862
859
171
1267
2328
-3154
-2001
3132
3160
2906
-681
2951
1742
401
-1601
-715
-1204
-1748
-1649
1528
524
-3249
2802
-94
-420
-986
-3106
2407
2525
-2927
2605
1941
-530
1233
-1766
388
-11
-889
1093
1543
-1000
-63
329
1592
-990
-3186
110
2137
-212
-665
764
631
-1841
-2470
-1263
-2406
2036
-2968
-2993
-729
1238
-2974
2872
2735
474
-876
-3055
2556
738
-158
-923
-2628
2851
-534
-950
1551
3046
1092
1024
2418
216
1238
-2812
346
2399
-1289
-2569
2389
-1092
1052
66
-1665
276
2875
2815
-1824
3223
-2138
828
-847
-1637
469
-1326
3097
-3189
-1735
1981
-971
386
-951
-923
-157
-1759
2296
-3005
2472
-547
-2265
-2769
-465
-2735
1814
-2406
-1442
-3247
-731
768
-210
-423
158
-1194
1372
2183
2184
-242
-1821
1008
-2980
2940
1686
718
-1727
1723
-732
-1794
1053
3246
1188
-1021
-722
-2758
2166
2817
1491
-2030
-3092
2663
2315
2752
-2043
677
2949
472
5221
-3753
3817
-5667
469
-1686
-4404
4412
5007
260
-3377
-1697
9261
-5310
4810
-429
2593
-114
2588
3651
5218
-4399
-3921
-3258
949
-2796
-1024
-619
2797
-923
-3253
1805
3248
1355
888
4504
-3025
3217
1464
-3948
-2119
-1160
2069
4392
-9265
1659
4017
4274
-1535
-12108
-4149
5664
172
791
-1516
-2156
-2487
3303
5663
1639
-877
1828
-520
-1657
1824
-1323
-421
2581
-2164
5287
-239
-128
-3123
130
1630
-3643
-6330
657
3715
4808
-2670
-9122
-4003
262
2205
-1040
-1093
-4441
-2061
3771
7000
2639
73
-3653
157
267
13083
-1806
5813
-2533
-3862
2811
1189
-1043
-1701
1381
455
5137
4356
-1636
5038
-2126
3970
-3105
-903
6152
5154
-1092
-2637
-3672
145
-8511
4482
-3553
-1254
8814
5356
-3281
-2186
-6455
-3333
-10152
-4679
1247
-6953
6906
5147
-2666
-3614
-1324
8124
-7859
1438
291
-5054
3074
-2054
5428
1851
-2522
-6288
792
596
-1991
-3775
3356
4758
-7602
2344
-339
1769
-22
3473
2914
-2403
4746
-1621
2074
649
3181
473
1132
-1798
-367
2802
345
2590
-4092
-333
2270
5449
928
1469
721
1607
216
6100
1434
681
-1744
2491
-1262
2927
-2714
2996
-4671
-1160
786
-2709
3180
2080
-1518
-1094
2086
5546
-4097
2339
-1405
-486
4519
886
3918
1190
3
-3590
1211
-1072
-6390
-1623
1207
8
1347
-4768
3405
6796
3654
4888
6151
2303
-1869
4432
-3485
-4131
1822
-16
2626
-288
4212
924
-2096
2597
-4843
1181
-893
-807
-419
3698
-2662
-4297
-5706
2656
-4554
-665
7932
337
1196
7616
-1635
1050
-4498
2075
-2320
-7385
1566
-413
-173
-2235
333
7306
-5655
1374
-1036
-4398
-1221
1969
7851
4346
-4697
2302
-150
-493
-6314
-1058
5032
1065
190
1625
-99
8107
-7502
9414
-7438
-4354
1444
-4621
1937
3463
1341
-324
-1251
8185
-6621
3893
-2675
1343
959
2393
2232
3107
-402
-6251
75
229
-8826
4162
-1104
-3500
4001
3340
-2510
-320
-4068
-2859
-3976
-1867
-2635
-4966
5852
4127
-2246
-1583
-901
1195
-4839
2057
1006
-1582
-958
419
1296
4031
-2696
-519
180
-448
590
-946
3034
2233
-2973
-2266
1295
8067
3493
827
2057
2332
-1857
2183
-1239
-508
-1392
-1497
1603
-1320
2937
3791
-737
1141
4355
723
-3113
-1087
1775
-1352
-7114
-3114
-3197
-1980
-2172
-1983
5351
-2421
-115
1395
2505
-3538
2744
-2057
2013
1451
-1620
-2734
-2544
-82
-1302
-4904
3800
2690
3764
-1539
-4808
-3234
864
2690
-1767
1259
-3129
-1697
2079
220
-954
488
-538
-2339
-103
-1210
-5325
-2763
-6362
-2857
-188
-5076
3206
3285
-5881
-516
-2899
3282
-2111
3293
4599
-2856
-3252
-4108
5226
4590
-5162
-5040
-5369
391
2744
-2238
2705
4205
-6933
3863
-792
1485
-3132
593
-3093
-1235
2792
-1522
5397
2404
3592
-3153
-182
2428
-4074
2067
-1204
-189
433
897
3352
3652
-1165
-2326
-41
198
-3006
1255
2258
1053
-4066
-8177
4974
-1793
-3705
2146
1028
2827
607
-3900
-4000
-443
-6775
-810
-1616
1766
4628
2302
3727
5390
-4114
733
1974
5803
-629
4213
-2386
3105
645
685
2442
1389
-2169
-3409
1227
2334
-5120
674
-617
570
-764
-3281
-942
1569
-3136
-1659
3179
-935
1484
3454
2436
1644
-6370
-2281
5043
4059
-1110
-1647
-10274
-696
4567
2237
3143
2422
-3432
2555
-2986
-975
-2192
-3925
-47
-4803
3843
-2554
2195
-714
-1965
-1122
-700
-4119
-282
1454
2215
-2995
-4717
-6142
3414
4116
-1813
-1013
-808
-84
3486
763
2493
669
-5958
-2249
-364
6730
-2328
2247
-4695
-1134
-4371
666
1968
2212
-1083
-405
-2439
1158
-3251
3521
2402
753
706
355
-2198
2908
-373
-3531
-8269
-644
-3892
-885
-4153
-3165
6289
3840
-1984
8912
1983
-909
290
783
-2360
1422
913
-4385
-777
-3255
-1903
1178
-462
3453
-1797
1205
-1359
-3050
-1847
3530
-4689
2163
-5459
-2416
-4800
-2581
-3429
-3053
5815
801
1659
5720
-7142
11220
-2826
-2572
779
-8205
-1312
2212
3721
-566
-2908
-2699
-5931
5855
-1484
2594
-15113
-3574
3849
4094
-2566
-5579
-6195
-148
3586
7746
6623
-5139
-694
799
-222
5944
-5345
10736
-7282
-6580
1541
-6118
-1957
1427
-2541
929
-2305
4596
-6525
6519
-78
1127
-7378
-2585
5302
3633
-2777
-7100
-301
403
-5711
437
350
-5725
7186
-2362
-733
10379
-1606
3308
-4228
-6907
4521
56
-2752
-2882
-4313
1559
-1834
1034
-772
7664
3097
910
-7086
-5973
2722
5254
-2979
-5807
-9472
222
-4253
334
-3214
-2756
8206
-2810
2767
15680
3543
3591
3322
-746
-860
5442
-2419
-3262
2794
-1372
3205
-579
3808
3554
-812
4708
-896
1058
-1812
1264
1345
1964
-4472
-3209
-8208
4129
-7271
-3077
10599
-1795
176
6597
-31
-5312
-1738
-6061
-2077
2434
-2843
-2634
-3965
-1893
4643
-6273
-651
3689
3629
-2174
-9382
-2723
6820
2240
-3692
-1206
-1209
-4049
-1737
-751
-3473
-4455
5693
-1158
-1400
-348
-2028
-1601
1326
-907
-1332
-774
465
794
-990
-268
-3414
76
2046
39
-336
-115
1840
-2267
-3205
4191
436
1236
-2979
851
2063
-80
-1676
1036
-2154
2772
-899
2240
-6003
-1646
-4785
-1563
489
-1955
6612
4649
891
-3018
-1226
1913
-3632
2908
490
1504
422
-455
1454
3174
-511
-4358
-1251
92
972
2079
2981
2071
-5472
-2527
-443
5212
2280
-4139
2610
-1807
2241
2640
-2361
-4343
-3140
-809
-647
-3305
4439
2533
1452
-1415
-1848
-3610
-368
1595
-499
758
-4134
-2559
-1421
-494
-2034
-928
2310
-2999
2072
5073
3181
265
2663
-2048
-3298
373
361
1718
-1301
-894
-2839
-9947
1913
3866
6643
1284
-9949
-2611
-1676
1151
-1609
-317
-2952
-3066
6548
1065
-387
-1736
-236
-3941
571
6088
3783
-13163
-819
-6776
-5763
204
-4771
-5640
-3960
-6011
487
-6588
194
47
2418
-9943
-9025
-5384
5410
-320
-6291
2493
-2883
-6693
-1544
-6990
-4563
-4490
3098
2845
-843
-980
-3338
1629
-2828
-3158
961
-3620
1988
3029
-8
-2585
-1559
2741
-3522
797
-1858
-1205
-90
-2129
1802
337
551
-3140
3578
92
-848
-1404
1090
354
-946
-49
-2237
610
-2005
-2706
1069
-119
276
-960
1710
331
156
-1090
-1117
-2672
55
1048
763
-1664
132
-1137
-490
2718
1004
-272
-4282
-429
1515
1060
395
-151
-2889
-1326
2058
-36
1797
5412
3806
248
2607
-1147
-2193
-977
-1788
-723
151
-1854
4900
2303
-967
1745
-1758
-4140
858
2427
1521
-264
-3569
18
-103
-388
526
-859
-237
-3478
96
-2984
-1911
-4352
-5807
-1246
2278
-5905
-2033
1422
-2348
-4132
-2945
4757
64
2287
3667
-5527
4776
-2204
4978
2236
-1728
-3879
-8333
1336
-290
-7360
-506
4680
-6652
-386
-1750
59
-1356
-5913
-2399
-3322
290
-961
1678
-354
-2969
-1156
-1747
-259
-1067
912
3438
-3329
-879
-2128
1897
1972
-3107
-327
516
-1410
918
-1655
-423
2135
-3597
780
517
2360
-3090
2349
1676
818
2787
2316
1332
-1692
744
2951
1171
-1124
-1482
1625
307
-2457
-4058
-175
-766
-1301
-761
1209
-562
-1837
-1124
10921
3392
886
2195
47
-207
-3860
-2453
-1848
-4999
-1054
-628
-5563
925
3371
-4705
-1686
-141
2004
-577
4756
5054
1873
-1460
-2130
3777
6559
-6166
-1256
-8071
3510
7725
-2990
2836
4802
-5245
4709
1537
14500
-3625
5095
-7531
2374
6476
-5597
8669
4255
11831
-8102
-5060
8450
-7681
8401
-1304
9940
-1361
7990
7800
9006
-4206
-3414
2962
695
-11693
1136
4259
1572
-4595
-4612
-981
8932
-2217
-4994
-2121
-1278
-1488
3154
1803
-2038
-4517
178
-3605
637
3457
2563
1944
-2707
6372
-2657
-5310
4017
855
-1150
-11942
-1534
-5388
316
-4426
-2373
3086
-233
822
13249
1809
3378
-2050
2167
-3340
253
231
-1714
-168
-2073
466
2916
-2532
4757
-44
1614
-1007
112
1223
-537
-2205
-1123
-4858
-4014
-7027
-1199
-1379
-1982
8243
-769
1337
842
-2581
-1076
-2997
641
-792
-3649
254
1548
-1682
-2606
-853
3896
-1903
342
-1274
-4185
3345
-347
430
-622
-25
-1128
-2400
-323
-3169
-2126
1658
1765
-2873
-1886
630
9076
-5416
5070
-3388
1685
-4827
-3299
925
434
-219
-1331
-1904
5939
-1396
2333
-3942
1789
305
-514
-288
5265
-2222
-1674
-9712
-575
-4791
1303
-1860
-2536
3689
-2385
3664
6334
4398
10130
5729
-161
372
-468
-3638
-1063
3554
1268
148
-4625
879
3463
660
4454
-10330
-177
70
2201
-135
1533
-1839
-671
9
4386
-2114
-2734
4903
-1767
-1157
1654
-7622
434
-9336
-6049
4038
-2526
1131
1657
-3877
-121
-3266
4720
-6284
1761
2366
-7673
3331
-1315
2548
-1701
395
-8613
324
-1100
-8497
-1234
1006
-2271
-1498
1114
-1320
2193
-9204
-1973
-8930
-5909
1717
-9361
3680
5897
-3706
-4854
-5020
2679
-5359
2412
2762
-5219
-1567
-4436
3536
1506
1625
-10304
-2012
-505
2031
-2150
4611
967
-9893
1622
-1351
719
-1139
-860
-140
-4308
3535
-6336
849
2725
724
-3718
-819
-1941
-2996
-63
360
-3067
-1076
-2925
3542
282
3979
-3465
5056
269
26
-3731
1556
889
-5239
2513
-2625
-1456
-4690
-1260
-3396
-6816
5637
-8220
1862
2124
-2668
-2639
-2735
-1539
-3220
2545
2827
-2758
-5833
-5543
6733
5323
-14
-4700
1710
1102
2243
-1098
4332
-669
-8771
1822
-537
754
-4716
316
-353
-1511
2189
-886
2814
1150
165
-900
-1674
2306
-1967
1117
-1621
-2342
-942
-2751
-319
1265
1602
-1908
-1053
580
-977
3437
1647
1333
-1682
-2126
1862
7640
2706
5281
899
-1552
-991
3456
-3039
-2049
-21
432
1127
154
595
3549
1296
1818
-3331
237
-262
-495
-987
370
-511
-2568
-5579
832
-4109
-2327
10186
-1033
-3760
5728
1642
-9941
-335
-4759
1777
5127
419
-4499
-3699
-1420
-1428
-3902
2199
3001
3503
-3034
-890
-3694
-994
2320
-2030
-820
-5458
-3618
-1295
-1617
-3722
-834
2511
-310
-2429
867
-5879
-6083
-3153
-7573
2658
-2711
89
394
-4669
-1000
-1955
-7742
-1462
3288
5205
-4691
-8694
-5952
4191
3875
-1063
-5696
-3293
-2130
4234
1833
992
-3781
-6588
1742
191
14510
-9908
2636
-9213
-343
3142
-4794
7457
4720
1453
-1809
-757
9087
-6422
6151
-594
481
6242
1888
1627
3043
3967
-8288
-6998
165
-8862
7789
4508
1130
-2233
2187
-1978
7024
-3930
-377
-6403
658
3665
-3144
3435
296
312
377
-705
2160
-6845
1729
2424
-4339
5902
2335
-597
-3327
1807
-1853
1632
-1572
-6129
4290
6270
1356
-798
-1159
3928
9360
-631
4763
916
1489
-2146
-437
2130
4225
10153
-2292
1128
-3474
-2511
5147
1140
6486
-8417
5225
2691
5138
-964
560
-1941
-123
2539
6867
2912
702
2044
-1912
-1291
-545
-6388
-6135
-5145
-8092
3448
-4021
-698
552
-5522
-2471
-3837
-3742
-2077
1191
3629
-8183
-4980
-7878
3686
236
-1384
-7842
-2061
-1751
2990
-2141
2363
-1369
-8620
5484
-3228
-2326
-4801
421
-5634
-5005
1688
-9136
5467
5953
-2854
-4418
-6010
4410
-4439
4169
624
-1037
-2192
-5750
3164
6115
-1644
-6401
-2326
2409
3528
-5182
3339
2851
-7198
751
-422
-503
-4963
-405
-3673
-6559
3998
-4380
-151
707
-4793
-2364
-1730
-4091
-2156
2855
1771
-5800
-5261
-7227
5015
421
-1239
-7353
-758
-1713
-896
-2498
1755
-4169
-5649
-2066
-1726
4717
-2564
-1680
-3558
502
777
2279
485
-1869
-1778
402
-1361
3167
-2364
3776
2487
-643
2013
3182
-556
2371
-2252
-861
-5389
-1171
-5985
817
-1301
-414
4850
-1880
-2387
1079
1562
-5185
5356
-1509
1954
764
-819
-4043
-54
-1290
-6826
-4850
4032
1288
1103
-2634
-4849
-3368
-3696
3407
-927
1427
-3626
-2987
2898
629
-1220
-242
-1557
-1258
90
2179
-3416
8002
-861
-163
2713
-4531
1002
2421
1450
931
-830
1953
-2985
3327
510
-527
-2610
-703
2985
2942
680
-3781
-6700
943
-2493
2272
2575
381
-3981
-3209
1021
6319
-1760
983
-526
3463
1842
-1806
-1353
-1613
-1850
-283
-1556
2247
685
2421
1167
1921
3325
2452
-753
759
1143
1534
-613
-678
-4346
1925
2411
82
834
-3961
1950
11466
2256
-1032
2619
-128
-341
4970
-4312
-6430
-2695
-836
-63
1091
4849
1843
-775
1226
-499
-2310
-2536
-262
25
2516
-1928
-3650
-6477
980
-4430
-2039
8578
-1840
675
-1393
-7264
-3147
-4453
-303
-1813
-5085
95
2004
-6171
-1988
1761
3130
-108
1713
1372
31
719
-451
3431
6799
230
269
-6074
3077
1919
433
2662
1761
-4116
-533
2610
14797
-280
9397
1191
4068
4429
1334
1404
722
10114
-2745
-1811
1943
264
6773
-1724
8250
-446
4923
-1405
5012
2746
-1694
-8606
430
-6889
7160
302
-891
3032
-628
-439
2960
-4101
4156
-4918
-3
1960
-4238
1795
2647
-2550
-319
-4457
5805
-2197
3941
353
-149
6399
1940
-3530
104
3074
-4501
-2851
-201
-5485
383
2355
-323
647
