2735
2995
2255
-2519
329
2804
-191
-2142
-277
2912
2613
-1907
75
-2131
-1761
159
1766
2818
1484
449
873
1716
-2414
1732
-2012
2723
-157
2059
270
2239
-520
-3001
-161
801
1419
-477
185
-2091
1693
1875
-57
-924
-27
3166
-314
-1107
1447
1777
897
1942
2411
-1983
-2562
1324
-1020
-2625
2795
106
2292
2260
-994
-2570
2896
1608
-1213
-1455
1662
-681
-2179
-2962
-3030
1894
-1925
-300
151
-1427
-2781
-2450
2226
2494
1611
2259
363
-2697
-2843
-1184
690
2755
-422
-3078
1424
1024
2645
900
380
-312
1904
-3072
-394
-1444
2582
3046
-3187
-2387
-2940
36
-2749
1222
606
2170
-794
456
635
-3140
1106
-1573
3175
-2992
1917
-2380
-695
-288
2748
425
945
-1243
-289
-113
2200
2278
-2230
-219
685
-2311
-2487
1262
2376
1865
714
919
-1647
1859
-848
-2769
2164
587
3123
898
3016
914
2901
-2883
1536
-11
-2639
2267
-972
-961
-1191
2755
-357
-3103
2419
91
-135
1693
-1172
413
3005
-501
-1149
-1831
352
2758
-94
-721
-676
-1065
445
-1919
553
1077
-1491
365
-2511
2937
-2481
-1722
126
2108
1101
-3047
1417
693
-2945
2896
732
-2482
1819
874
-3199
2195
-2599
-2107
677
405
-2450
-2655
-1697
-959
3165
-179
2306
2945
1257
-2657
-1746
-36
-2428
-1485
1351
1168
-987
-2281
-836
2084
2519
-941
930
549
-3126
2973
-335
-642
-2997
-1687
-3267
-1147
-1318
-1149
-828
-2044
-2625
-2392
1034
-1455
3268
-614
853
1647
2409
809
-1430
2522
-1060
2637
1399
-2757
2138
2955
-1159
3085
-2073
1257
3
-1782
-1946
-2750
1754
145
-77
1007
2044
2182
-1122
659
-3161
1812
1696
-501
2972
1232
209
-2636
-2647
2477
-2325
1044
-2404
-1988
-3260
-1880
2755
-3244
1467
-1869
2548
1281
172
-2574
-2550
2761
2779
3151
243
3118
-162
-2294
1666
565
1304
-1035
736
-2677
-3019
-1784
-739
858
-1410
566
-2551
780
-1730
1032
-2719
2243
1876
-2327
-1001
1021
-2956
-2658
-3036
-2239
-106
991
-1880
-1134
2731
-643
2213
2392
-1169
787
2543
189
2774
-2622
1907
-1082
-967
2886
-2935
-1874
-1148
-3270
2198
1957
1866
82
1933
1678
2516
-634
2746
3151
2787
1625
-2728
-721
2582
-395
2848
-834
-2483
-2617
-687
-3258
2536
-1634
2013
1572
1041
1738
2577
-396
-1998
-3128
2199
-1480
878
-1776
2657
-973
1577
2105
-2424
3131
-240
2738
2064
3028
-686
-771
1782
-1666
2956
-814
-2722
-2348
-1820
347
-1977
928
3237
46
-2857
-780
-465
1554
1128
-2425
1947
1390
759
-2733
-2984
-2751
-1992
273
986
-2247
1785
-1365
-1311
-850
1692
-3244
867
-1352
301
-155
-2526
313
-1181
1018
1625
-2234
2189
-548
-1116
2437
-3015
-748
-1395
3119
-1460
-873
-2827
958
457
290
1668
1320
-580
759
9
-3119
1331
1548
1365
-1294
-1345
-2216
-2337
1511
2736
1103
-3060
-818
-477
1901
917
-24
1043
-364
-716
-1660
1445
2829
2614
62
1014
-1526
1558
1916
1512
-80
-632
-3152
486
-2392
181
-1717
-60
2900
2999
-224
2236
2649
191
-37
-2077
2321
1982
-825
68
-901
-2597
2847
1009
2104
2613
55
2286
-2131
-1717
-2035
2375
-1039
2982
-3006
-1
327
680
-1995
2692
2430
-664
2507
-2229
-1325
-663
-2767
2154
-1242
-1947
2563
2708
-837
1743
2457
-1604
2612
-42
2936
-2619
2747
3148
3082
2412
-392
611
2172
-2970
-1628
-1504
-1422
-1004
-1227
-1699
-1465
-2044
-336
1733
3001
-449
-38
259
-2221
-406
-2249
810
2870
950
147
564
2381
2179
-1662
238
1443
-938
758
2311
1001
713
698
859
138
552
1788
1555
1565
-1096
-791
-259
66
-3085
1778
-2872
-3096
-1271
2721
-1450
-2992
3237
1436
-1361
-459
-2879
2878
980
3128
3146
2830
1887
-1197
-3116
-1326
176
757
347
-56
-1745
-166
-706
2536
-496
-3237
-1369
-2830
131
1213
-2183
2900
2162
2443
-891
1915
-3091
2674
-2336
1732
-2107
808
2175
-1267
232
-1723
-2210
-1803
1732
3153
1061
1921
2742
1856
2764
1444
-1098
-3081
-898
-1009
116
2222
-3200
-2337
911
-3271
-2098
2977
1507
1948
1810
-3021
2499
342
2549
-2155
-136
214
1291
-2807
1251
-2053
-3070
100
1021
1163
-2753
-1835
1716
-2431
-1851
538
3075
-1768
-825
-1808
2325
-850
264
-2160
-1469
2181
1543
327
-1018
1634
1827
-2773
2331
-3038
1765
-642
-802
725
2439
-1128
-375
3256
586
-1430
-3205
-2464
-2579
1786
210
-1318
2087
-3091
-2230
-2355
2302
-2461
2265
2617
-351
1791
-2601
349
-1680
2901
-3233
-1959
3038
-697
-2998
1680
1557
2161
-2817
2398
-1868
-2155
-2162
2961
140
695
-1398
-1041
-2646
-501
3233
-2871
-2563
-401
984
-262
2820
-1895
-3266
-1885
301
230
1951
-1789
431
2293
2829
-2414
-88
-79
566
-255
281
-2369
-3112
-1699
-2165
-2460
2832
-2948
1376
-890
2790
1692
-2112
1053
2337
-83
1645
-1340
2536
-3128
-912
-796
-2840
758
1227
1241
901
-2875
2808
1389
-950
-849
2089
1006
3241
-2279
-2728
2702
-3183
800
2110
3107
1144
2181
2477
-1724
-174
2340
-2599
-2840
3177
-494
2088
1579
252
-2265
-291
2402
-1907
-1256
2707
1511
2308
1185
2044
210
-1589
-23
-513
-1581
-2584
-2411
-2160
-1858
-1011
461
1110
783
-1737
-1460
-832
-3174
147
1665
1590
2452
-2155
3134
2490
958
-2335
-3156
-2714
3060
1739
-2816
3124
-906
1623
-3120
-558
-1479
371
-610
1980
3053
912
410
2649
-3137
68
-2589
-803
3159
3116
988
-1174
1763
2308
-2683
443
-1151
-1123
2817
-231
2000
-3131
-3232
-1477
-2415
1092
-197
643
-419
2693
-1878
-2147
3108
-2045
2112
-3000
-2728
2635
-1961
285
3047
3246
2682
1588
3082
-2592
-1309
2512
-1366
830
2492
-497
-2156
2483
2974
976
-215
-2735
3161
-390
3023
-703
-2216
3215
-274
961
-1195
1043
-3207
-780
2003
1323
-437
-3182
540
2719
-1440
-2447
-793
23
2095
2344
571
710
-368
2390
165
-1318
1587
467
-1513
-371
-1916
-389
-2819
1689
-723
20
-2708
3244
1047
-2630
-151
105
1305
-1511
-645
-2929
3052
-1786
2761
917
3013
-981
-1289
-752
1808
-2566
3146
3080
1767
-2417
-130
3148
187
571
2535
-1115
-1521
-2209
2481
-3215
3010
1248
-727
-1529
-804
1845
-2054
3168
-250
3055
-1266
1308
-1866
-2271
2586
1579
1216
219
-674
-2861
-492
-2789
-992
127
2285
-153
-2971
-574
1493
1882
-44
-331
678
2839
-1897
2721
3019
3040
2050
-1311
-723
-1116
-2256
2235
-2229
-18
-1770
1592
-1050
-3067
2050
427
-1713
1278
940
-2097
572
-1171
2357
2874
2874
1458
-2281
2869
-2592
1455
-2946
-370
-1050
543
588
2442
-2935
-974
947
786
3156
-1049
-2672
-2805
1256
-2119
407
1641
169
-1367
-2989
3179
2175
2792
3022
-99
-2719
118
-906
-2314
1548
1135
-2948
1532
-1795
2493
-740
-41
2053
-3085
3244
-975
2892
-2577
2609
-3270
-3093
-316
1936
-2364
-459
1286
1656
1204
-2331
-2350
1141
-2243
-1564
1189
2553
-2283
-1260
-1027
2051
400
-603
-2963
2724
-2672
339
886
1119
549
-2538
1133
-1225
114
2202
1837
-2471
498
-2537
-1079
1998
3224
2542
-1992
-2633
-2617
-1640
-846
-3229
-169
-2171
2159
-2428
-217
-1191
-2291
-654
-1977
1782
1528
-367
2483
-2284
1271
-1876
1277
-2009
-2868
3055
3074
3196
-3100
-2360
436
-419
1565
2616
-2711
3100
2252
-2860
-871
2769
-604
3136
-942
-1543
1878
-2472
322
832
2574
-2450
-1083
-848
-1571
-1532
1749
-2284
-2632
-920
-1379
-379
2623
-2497
-2982
-3066
-385
-1003
3135
-3089
1309
1727
-3220
2396
-2457
-1675
-1226
-2942
134
-863
2368
2829
-42
2950
2893
-2797
2863
1715
1716
-3028
-303
-603
-634
2427
2887
1025
1712
2887
2949
248
2568
1741
293
-217
-2354
-1863
2141
1810
2861
-75
2091
-1469
1749
1108
1393
-1435
-1712
961
266
997
-2225
95
820
-2093
-1439
3181
-3166
-852
-1370
-3014
654
-3186
2568
-1793
2958
-283
3106
-2325
-2181
-2322
-2573
-2925
712
2493
2457
2271
3267
984
-3154
699
-803
2223
-2839
620
-2760
-2051
2771
-58
302
307
-1095
-1297
-97
2062
-1149
75
-91
866
-2146
2934
-3025
-346
2226
860
-562
-3079
-1644
-63
-1979
-3214
1142
1941
-2425
-3144
3124
3244
-2173
-4
1884
754
760
-762
-898
-268
-2097
3137
-577
2770
1603
-2452
615
113
2958
892
2865
-1397
-161
-1856
-137
-2178
-643
2038
1230
-1378
431
13
262
2003
-2804
-2759
-382
3220
-632
2477
-1946
643
-128
421
-731
2590
650
2314
601
839
-1229
-1562
3017
-202
1646
1792
770
1714
2776
-608
2467
2720
2930
-3026
-678
-1376
-2048
-738
1986
42
1880
940
1468
2313
-774
2446
-800
774
-3257
-2492
1170
2628
459
3127
1543
490
-1035
2273
3155
1935
1907
2272
1748
-1516
-3038
-3235
-1566
1850
-2988
-496
-632
1741
1919
-782
2751
-2294
-3236
-1778
1132
244
-2591
1472
90
-1703
1598
2259
675
-1885
1744
2290
-1396
3139
1308
-1024
-2974
968
-367
-1247
-2366
326
767
1382
-2177
-2722
-2123
-2919
112
-2527
852
2251
2101
415
2390
-1712
-1443
-2892
-1413
2708
-2909
-530
-2116
-2476
-2537
-2339
844
1236
-826
3120
-699
-225
-2600
2957
2980
-1752
1013
-1360
2158
1693
2516
21
-1939
169
-270
491
-332
-1664
2411
-3090
-2105
1132
1648
2808
-313
-2928
-1116
-1954
-923
-3160
-781
-2636
-83
-1381
-608
-1704
2770
-557
7
1164
3113
195
-710
-523
940
1929
40
51
-1571
2909
-757
-776
2237
-359
2196
3105
-1226
223
3243
1839
114
1489
568
827
103
-1898
68
-2171
-3161
405
727
2641
-100
1595
-3248
1831
2775
-2604
1323
-885
-1677
2454
796
1997
2001
-685
561
3054
-3097
-993
-664
-3107
3106
1673
-2742
1577
-3196
2242
2165
-2947
-2420
2569
-2558
-2659
427
-2057
-1849
1054
960
-1988
2534
-1740
573
-2184
682
1194
1967
-2990
-2814
-24
-3030
2366
-2721
2836
1944
1535
-484
3248
-1797
-93
-739
-1126
-479
2572
2854
709
-970
1728
-323
589
3185
-1826
-493
1295
2185
-1573
-3101
2564
-949
3013
1952
-356
2973
-2752
-2857
-2584
2205
2758
1638
-875
-907
-2857
-988
-3230
2108
1287
15
-2358
-458
636
-2490
-2226
1610
2387
3110
845
-2826
2692
2095
-3196
626
941
2108
1174
-1735
-2554
2471
-2962
1862
-2829
-1432
965
316
1055
-1256
-2426
-1288
2486
2256
3249
1245
-1071
1630
1357
-1479
-1005
521
-2329
2483
-3015
348
-270
2943
2730
-425
-1742
-441
1866
-874
1403
-1796
-1087
-2141
-2820
531
-2349
2537
605
-2089
2022
-1940
-501
-236
-1825
-2570
-2625
634
1403
2104
339
1303
3194
2958
3142
1682
-471
-2999
-396
329
3114
-1720
-909
-2099
2266
1427
1766
-1572
-2014
376
-1454
848
1735
1448
-1711
1956
-1989
1981
2768
-1286
-979
-2692
1148
-1313
-117
2391
-1999
3239
-2291
-525
-1934
839
2005
-852
-1751
-324
2138
-762
898
-1806
1128
-3038
2523
1036
-1498
2444
-3225
2792
-3110
-2678
2021
-578
1852
1501
-1432
1557
-1371
-823
-95
2802
-1406
463
-2895
30
1122
-2368
1663
-2179
-2151
1119
3070
2238
2829
-1461
-2934
-1129
-1550
179
1971
-2708
774
806
-2471
3121
1049
-561
-1806
2302
797
-2323
-1456
246
2519
2074
-946
-695
-2613
568
1734
271
30
-1964
-2930
-1932
416
-406
-1902
-460
24
131
-1730
-142
682
2533
-2001
2941
-17
792
-1784
-915
-664
1017
188
-1245
201
3059
512
3022
-2315
-933
-2518
325
697
-41
1621
213
3159
2772
1603
1568
-2191
1250
3139
-180
-2055
3263
1263
1169
-143
-2638
-1329
-1310
-90
1220
-729
2793
-2089
2668
1871
-780
167
-1833
-2589
-3152
2596
-1302
2250
-2484
1907
-10
-3252
2295
-2449
1230
-780
2537
-190
-1459
319
667
-2034
-268
3249
-675
3029
2016
-2471
-1706
-1468
-584
277
-3066
1459
2525
-2095
324
-937
-2155
600
1313
814
-2154
2514
-2553
2766
-410
-443
2952
2957
-1558
633
1838
806
3220
2754
1437
1840
3088
-1292
-2792
-1340
-495
-1246
2126
-1393
631
2926
-76
-2251
-565
-2781
2736
1181
905
108
-159
2077
-2032
2427
-1912
1469
1523
-2059
-721
1537
-2620
-837
126
-1438
-1430
-2864
-1158
2777
67
2785
325
376
2430
2002
-1796
-1032
-1104
-1018
-1309
864
738
530
-722
3007
-3156
3044
2683
-2226
-2757
1011
-2013
1848
-648
2713
3186
-603
482
-2518
2826
1846
2408
-1535
-2828
1188
2985
-2415
-1024
-2791
2798
-131
918
-2316
-321
-2757
-3047
-2201
-578
-664
1778
1341
-620
501
3215
-2876
649
293
3034
-1907
-2114
-1784
993
961
1011
-2208
3146
1705
-2334
913
852
791
1508
1503
376
-1889
2980
396
692
3222
747
1655
-988
1671
182
-1860
2167
-1019
-237
-619
2238
-1027
-1761
-38
794
-1922
720
1771
-2918
-2125
-802
-624
2552
1573
2890
-3161
-2791
-2896
567
-341
196
2781
2896
-1833
-2663
355
-955
1351
1653
-2629
-803
-2162
-1514
3008
-2660
-2957
266
1650
2220
-2698
-2805
-170
-568
-1087
-2711
2378
-180
1031
-2979
-1861
648
1925
1262
485
-355
-2012
1350
-169
-143
-3087
-1847
2289
-3053
-1627
-453
-1708
2811
-696
-2497
1794
-541
-343
556
-1174
181
648
-2650
2655
2262
1824
-418
1875
-2816
-1766
-789
1731
-571
-2925
2705
2744
-718
814
-517
2802
-1411
410
-1143
-2872
-3106
-1089
-353
-2232
-1662
553
190
1981
-1431
499
2803
-652
150
1342
-2031
-2245
-2005
-1113
3014
-2165
-2992
1584
1275
-1679
3073
-2660
1481
-1918
-1363
2830
3009
1566
1747
2545
-1667
1776
2554
-2591
934
2910
-44
-521
1990
6
-3129
-1831
-121
-2884
-362
2820
2470
1989
-543
779
2555
-3200
-330
-57
2931
2546
-2047
88
-462
-2312
1587
-346
1862
617
1105
2090
-3102
1076
-711
-827
1697
-2102
-206
3106
2019
-529
-2095
3172
496
2938
171
-491
3009
-1240
3265
1152
2362
-330
-2385
-164
1809
1333
-337
2978
1164
-2757
2702
-2086
-1235
-2940
2905
1405
-1603
-152
-497
-36
3191
-2908
465
-1614
-1874
536
531
857
326
-2869
3271
637
-345
2709
-840
55
1625
1967
1136
-1015
-2099
-355
2345
-1293
3148
3188
2543
1077
-771
2424
-2714
1347
-2823
1730
1737
-1125
-2421
629
1291
2925
-1642
-2367
-3127
-1081
-1618
-642
-1688
2640
2094
-2028
-3094
2574
56
-1742
-638
1480
2334
-474
2878
1589
-600
-2775
1133
-2015
98
2895
-276
-1459
-2764
-2695
2372
887
-2329
-3184
-1265
1981
104
2034
1609
-1722
2950
828
-594
-193
-1607
-2933
-115
-129
-1338
1859
2854
1738
2971
823
2988
1350
1790
991
-1109
-724
3011
2791
284
1752
-1309
-891
3114
1379
2557
1210
2069
-42
-2387
1948
-2660
1477
3039
-883
1072
-2808
2336
730
2663
2587
2012
-1062
2152
1922
3013
-2188
3051
-2732
-1176
-2315
-408
2131
1601
-1608
-2132
326
1824
-701
1928
-3205
-2182
1000
2659
-2958
-2439
-1038
538
1613
2687
3256
-2030
2709
2968
-1102
1095
1215
-2739
1739
-159
1873
2460
-1198
669
1395
-2385
1311
1222
-1481
-842
-405
1587
2048
-1784
1303
-1723
-2078
1438
1818
2851
2713
1540
2203
-464
-535
-786
2162
-834
57
-2245
-756
652
611
-785
-882
-610
-2665
1961
2606
86
1784
2685
-702
-1043
821
-898
-2398
12
2176
-2198
242
1638
2316
2925
426
696
-2871
1460
944
-1242
2322
-2478
2795
-1824
-1503
-422
3064
-2873
-1844
-2023
-326
2880
-730
807
-1697
-1236
1833
875
-2138
-1905
2321
-2987
-1357
-1001
-1329
3205
414
-167
2596
-1736
190
1682
-1910
1653
-3112
1915
-2150
3180
219
-965
-3208
-585
-2491
-753
2093
1544
984
413
-2032
2213
-1854
426
2725
3173
2841
-2091
-2248
572
1967
133
201
3273
-107
624
2830
778
-740
-1201
-760
87
-734
157
-2321
288
1097
-2987
-1025
1155
-1027
1362
2382
1049
2780
2942
-425
-2563
2034
1216
-342
3007
-2810
1802
-816
665
-756
-3000
-1267
-916
-3179
1278
-2917
2123
-553
696
1965
-3179
675
1211
729
-2702
-1168
-2467
-1382
2756
-2652
-506
-2064
-2811
1687
1786
-2845
770
609
2169
-959
-2722
-2197
-3212
1256
-1521
2823
2374
-686
2377
-2260
231
-2818
1784
-925
-1645
-1320
-2073
-3176
-3134
1684
296
-490
3105
2944
-273
2876
-1515
2877
-2515
283
1552
-1697
-2710
1916
1584
1914
-2040
-2543
-1313
2439
498
157
-971
-2769
-826
2283
-1481
2609
-483
-2809
-2358
1766
639
116
-2931
2531
-3271
683
-863
-2703
3027
925
-707
1063
-2266
1106
-1751
2863
1538
1986
-376
3065
-288
-2518
-496
-1471
248
171
1255
-2766
-1818
819
81
1311
703
140
-801
870
-1389
2380
2984
1713
4
2312
1054
1298
2918
-2210
-2100
553
-2062
-2335
-169
-1903
-2253
-942
3110
1025
-3190
3071
2114
2335
937
-2752
2523
1093
-933
1495
-908
-2297
733
2515
1449
1128
1231
-811
-500
720
-2393
2703
2628
2957
516
635
-2316
2297
1873
565
-996
-3167
-1735
-514
-260
-56
-221
-3092
-1173
2348
805
-478
-2257
3180
2680
2060
-685
3264
-916
-1889
1431
1391
-263
2530
1041
-1659
804
931
-2446
-515
570
495
-2898
1365
99
532
-2376
529
2470
-2987
-2414
-727
-2968
2184
1685
-1785
-175
-2656
-210
-868
-3109
-525
-3105
-1544
-903
-1872
1180
3189
1834
-1009
-1071
-3275
-2544
-2627
591
-3196
2078
191
561
424
1476
-914
436
730
121
-408
-116
-1904
970
-3077
-2497
244
-2520
511
-2070
-2570
3024
94
353
-2346
-122
-1280
1799
-250
3018
-2464
116
639
-535
-1391
2843
1449
222
-1676
38
1389
3163
-1419
-1245
3149
331
605
-1287
-221
3000
1071
244
-1917
368
1474
-1748
290
-1264
-7
-1853
172
-2113
-2592
-973
2170
1019
2382
-1890
-2075
-221
104
3259
1929
2686
-1156
258
-3233
-1876
2156
-2254
2377
-2552
-2906
-2435
-1943
-2030
-205
-623
-1462
1570
-754
-1007
1979
921
173
2081
-919
78
-1555
-588
-1580
1301
-40
176
2596
-1602
-417
2141
-1603
-1231
-156
-2319
2344
2100
1643
2990
-714
-807
1092
-2021
614
-464
1282
-143
-353
3080
1748
435
2430
250
-2997
1416
745
-1743
-2301
-1699
956
613
-751
-3036
2651
-2389
-2345
-294
-490
2668
-43
-561
2636
-3238
-1344
2666
400
-1531
-1661
1950
2582
-2583
-2675
2532
2935
-2305
-2525
776
865
-1433
-2237
1772
2015
-634
-2174
-779
-877
1259
3084
-2338
-795
580
-684
-1938
-366
614
348
1819
-1833
2469
1076
-1192
-135
-2761
1126
-1283
-174
3143
2565
-2686
1410
388
-93
966
1858
2190
-843
621
-1384
-460
-2169
-1952
683
-2133
1560
-1067
-2378
1944
2881
1676
-315
1824
-647
20
-2242
-2173
1133
-2432
-1899
1480
-3040
2783
-3186
1117
322
1913
-1372
13
-2479
-1733
-3199
-1188
-1683
1260
-1516
844
1177
-1595
-33
-1953
891
1888
1002
-3013
-169
-1695
536
-3042
-1522
2577
55
-264
681
-1574
-2357
3251
3194
-1422
1994
-1539
2324
1787
-2412
-1937
-3252
2466
2157
-546
-232
-3178
-899
339
-532
-1415
1894
-2614
1863
-1179
3123
-1915
-2909
35
589
-751
-32
