962
74
-2358
-852
-1192
445
2950
2707
-1419
239
-2684
1888
-168
-1806
2312
-2853
-504
-2191
-3023
-1383
1621
-2383
1648
-2178
2056
1008
-3035
1669
418
-2379
2884
-2345
214
1869
485
-279
2155
-180
1276
-2681
978
1937
-2144
3103
-1479
-614
152
-283
-1196
2168
-10
756
-477
-1711
2505
1701
1434
2718
433
2231
-1989
1599
2371
241
2056
2871
951
-2344
-2259
-1891
917
-2826
-1700
-2944
-1766
-640
1051
3156
-3178
342
1724
-95
504
-1155
911
1589
-1035
1371
632
2599
-153
1021
1203
2807
698
-654
-2170
387
2992
-395
-2491
-1358
-1551
2022
2236
2884
236
1247
-3166
3221
-588
-855
-1381
-66
-1668
1191
-228
-796
-2804
2665
1964
-2886
896
-2466
2536
2940
-3131
-535
-310
3195
1121
-1096
-3055
1164
-124
-2835
2091
-775
-2489
-2647
1824
-328
2770
2121
1438
-1807
-674
-280
2828
-2863
455
-1518
2123
-774
2649
-2730
1189
741
-558
-316
-435
283
-2564
-3229
2126
-1953
-1292
806
-1819
-2265
813
1090
2079
2612
-1355
684
3116
3064
455
-590
-2651
-237
240
861
1721
-748
-2513
1849
-1371
2159
-2588
-2840
1217
-2148
859
1446
-284
842
2536
-1277
-718
-1359
-1256
2264
2057
-1310
-2081
1664
960
1347
-2154
-2958
-2400
563
2886
859
-1188
2364
72
-2451
927
2545
1189
1977
-529
870
1423
-1922
2491
-3164
-556
528
299
-1963
968
-1984
-1757
2946
53
-3061
862
256
-2815
2299
-547
552
557
2497
-957
460
-840
-681
-1939
919
2346
2227
1105
1459
1079
1319
-2489
2445
-2951
-2097
-1362
2464
-1246
-2437
2327
2720
-1545
-305
189
1688
3182
-1901
2674
2386
2487
1552
-408
-1906
-1389
1053
-1202
820
-2058
3173
1540
-1974
1906
-355
-1712
1504
-2112
484
-1569
296
2400
1137
644
-2169
-1534
-2321
-147
-2701
151
-1732
1672
747
-1481
-50
-828
-2026
-63
2604
1327
882
2057
1194
1468
-1451
-912
2502
1571
-1689
-1977
-312
1861
898
-2865
-1580
219
-1747
1836
1227
-2694
-321
-2043
50
-196
225
-1977
-1756
-2217
-2106
-1387
-649
2058
963
-2161
1327
-2029
-1952
-2639
173
-119
-1411
-233
-1171
1669
2975
1189
2805
-923
-2578
-1023
1702
-2932
-456
-1338
-1343
2192
1263
-2124
-2444
-2169
1298
932
-527
-2286
63
-92
-1697
1838
292
-238
-1376
-2625
-2475
484
1943
-652
1207
-361
878
-101
-240
-764
-1933
-918
1123
-1097
-819
1009
-2069
46
-2993
-2913
1265
1591
1891
-1063
987
1461
470
1995
2005
-986
-964
-1490
-3106
-1252
1246
-424
-2928
1693
1614
668
-2456
2362
-2715
-572
3151
2975
-2166
2899
-2719
3078
-980
1307
513
-2102
290
463
-766
-795
-1974
-2276
1759
-679
789
-137
3167
1314
-243
331
-341
-2824
-2789
2598
94
1883
-2121
2076
-2945
1624
222
-2342
-1353
916
-3010
2414
2804
1803
-2845
1303
893
-1989
-403
2330
-2920
-2435
2300
-1550
-3070
183
2530
-2156
-1584
2300
-3128
-2283
-2698
1437
407
883
428
-2623
1389
1930
2896
1728
2937
-2216
2687
534
2526
-2422
268
-1596
-2818
-910
-3046
-2975
1047
-1391
2916
-1019
-1917
-2692
-2881
-290
1035
-2793
-2267
200
-468
-1181
-1779
-2868
55
417
-2169
2227
-1891
-878
2520
-1317
2516
2137
2057
1124
-14
3212
-1521
-1862
2594
-385
1099
2700
2750
-2566
2163
2501
-2259
2957
-1486
2233
-2246
73
1144
1329
-2165
2797
2118
579
-969
2321
-2986
-2769
1344
1478
159
676
-2489
923
2576
-95
405
-336
-957
9
-1191
526
-1124
184
1410
-1932
1690
909
919
-1218
2720
751
-3045
-2883
1617
800
121
1615
-583
-2131
-2348
-2483
994
2196
-2046
-2796
-169
2376
2377
-1218
-1327
-658
-2974
1621
-2099
-152
-2819
-3074
-3187
-2368
-1572
-865
1326
1698
1999
1882
3081
-3184
2725
527
-554
-2302
2877
584
-341
2723
2123
602
688
-95
-2817
2270
-2427
-910
-834
2626
-29
914
-2367
2254
727
-398
-1971
961
-2759
-2413
-1468
654
-2352
2347
241
2701
1745
2231
-1063
2052
-2351
-1432
751
-1828
-2501
-3132
1613
1761
523
-2695
165
-1147
-2458
2567
-2127
-262
146
-2496
1558
28
-2399
86
1144
-8
1045
89
-2259
-1110
-724
2845
-1632
-1635
1361
2730
-774
830
-1976
1391
-2762
992
-2375
-1542
-3207
1992
372
2321
-2269
2518
-497
2301
-1254
2772
1099
-935
1895
-1004
-2387
1080
1732
-2247
-1870
-1981
-505
-2260
1002
-433
-1298
-1949
-748
-927
2445
1218
-397
2197
1346
-1879
2666
388
-985
-2683
-1663
-2799
-289
1160
-3020
-316
-2122
1556
-797
2784
1479
-2229
-145
-246
-2118
274
-2185
1843
-2806
2567
-1514
-1267
2219
-2468
52
909
315
626
-2485
-1900
2282
-1350
3133
66
3138
1542
2056
1752
1500
186
1208
1893
3084
583
2108
-849
-1261
-1822
1114
-366
1439
-2460
-2756
-2338
2264
1883
2598
2068
1501
-1945
-270
-2149
-3161
3
-888
2322
912
-2038
1009
-274
-538
-106
-756
1173
1164
1939
-1038
1375
2076
-1293
-735
-282
417
2571
1534
-2658
-811
-739
450
-1522
-1794
-849
-2594
2059
-1309
780
-2000
2605
-2254
2883
-473
179
1111
-3144
1554
-1179
-686
-571
2752
-1169
-2635
1232
-2985
-2855
-2238
1436
-3001
935
1660
2997
-2928
-583
-3064
-1937
1421
1066
2564
2379
-500
-1015
3044
-322
-2500
1757
2078
2791
2630
-1304
-2255
-2821
-2460
3167
805
-3209
1263
614
2529
-1346
-619
-3062
-2810
-937
-2873
-2037
-889
-2253
-2482
-1788
-274
-2568
-874
-1573
1864
-1912
-255
-979
-1406
-1256
506
54
1119
-2716
-1587
2873
2849
1193
-2208
-2635
-1078
61
520
1677
2531
1559
1556
-2669
2140
-1619
2010
-1265
-2604
-156
-1516
-1488
-1311
1210
-117
1006
979
1278
2313
-803
-683
2348
-2912
-1071
451
2654
1007
1617
-264
2459
1142
-874
948
-1797
-687
-739
-3135
-451
1499
-2938
-2010
-16
1172
769
2438
39
3
1239
940
752
-1268
2998
1801
2340
-2259
2174
2321
2269
-1580
408
903
-1958
1928
439
-2216
1905
-2677
-3199
-266
-133
3006
-2560
-707
-213
451
-2106
-3052
119
-2952
1276
17
2375
2165
-665
894
-859
-278
2429
-1401
-1386
-2141
-1069
2579
1635
531
-3207
472
221
-251
2535
2906
-93
2679
-3005
2342
1277
-2857
-1184
-1638
-957
-2941
663
244
1775
1132
583
2046
1892
-453
-504
182
-1246
2137
1735
1433
343
2782
-83
1202
-2707
2633
2579
3095
2218
-2968
-2518
1830
-278
994
-2615
2144
-1825
467
491
1570
1565
376
227
724
-1197
1146
673
1972
-2204
-2694
-2004
370
1828
346
731
2197
-2146
2726
176
3135
-444
-2232
1058
134
-273
393
868
2583
-845
-856
-2248
2650
2268
-1430
1619
-1293
-985
1091
1090
-21
-166
-1561
3150
-2856
-1918
-2562
1257
386
625
493
-2931
-666
151
1372
2095
-2243
-2515
2217
-1186
2253
305
1807
2729
-826
-155
-2335
-1482
1556
95
2263
-2978
2505
1960
2092
-1159
-1213
2277
-2846
-1231
-366
1008
-337
-1814
1495
-2267
2709
-3098
-442
-2628
-1263
-3107
2535
-1797
-2763
-79
-680
-2058
1440
-973
1259
-352
-2039
-2017
-329
-2022
1997
2804
272
1190
-966
-2679
-1483
2372
204
517
2115
-2237
1340
-1854
-713
2122
-930
-415
1266
-1075
1865
-2399
-1769
119
-562
-1001
1276
372
-726
1498
-2263
-326
-1177
-2065
-2793
2525
-2680
2645
-735
1630
-1412
3061
2299
910
-789
1707
3225
-2980
18
1976
1309
3123
1083
-2233
-2478
2396
-3147
-1475
-1538
2804
-2882
201
1472
-2832
-1922
-2225
-2889
1330
-1648
1277
-544
1314
-2110
1718
-1406
-2071
2849
-2272
-2315
175
1728
-619
1508
-1676
2684
2442
-1818
-1265
-1452
-1693
1026
-1675
-316
2620
-711
-551
-1436
172
887
1109
99
2092
1043
-1070
-213
2947
-2625
3112
-1672
2903
-1758
1849
-288
1649
-2743
89
1255
1578
-1277
-1543
1252
1899
-724
58
-1510
-1950
-2378
3063
-3000
3067
1486
614
-2115
3188
2498
1653
-2800
-2529
-2305
-3173
1996
-2485
2951
-157
-1526
-1621
1369
-3117
-1699
-493
1241
1931
717
-180
-1663
-659
-1657
1720
171
2290
2954
-489
-709
-1882
191
1120
-25
-2496
434
-994
-2223
2369
-1949
1311
867
-2886
-1833
-2999
2646
-2008
2472
-2501
-1252
-549
-2392
661
-3174
-264
2775
-1833
1412
-518
-290
-2487
-1372
-2457
-3007
2594
-215
714
2884
-2061
-3073
-1986
2097
-762
1361
2397
-3176
-1969
169
1154
3168
856
-2631
1653
-2031
3000
1646
803
1627
2001
-1863
-760
3138
2465
2670
2062
-1854
2269
-1655
362
2828
946
2947
-1743
-2435
-512
2847
147
1818
-699
360
2765
-2491
-767
-524
1880
-1545
1308
3019
2783
-2488
2624
-2526
1318
-1251
2321
2971
-2125
-599
-2614
3193
-1638
-1757
-1445
1656
-2817
1671
1023
1606
3136
-1108
1033
928
-1080
-177
-1741
2980
-1596
1869
-1369
-653
184
-3059
2397
2264
-921
-3189
-733
-31
-697
-1367
2970
-2816
1784
2269
-1357
-2544
-1959
-539
-1608
1967
2115
260
150
2451
-2274
-2522
3022
2561
-1438
-1320
791
1942
5
-2327
-2880
-2380
-1935
-694
2987
2535
-2444
-2814
1072
-965
-3047
2456
1924
-2430
2792
1207
-1550
1213
172
3216
-1929
-2773
-2093
1974
2253
-2988
-2089
1823
1077
1102
2510
-1388
732
-1645
375
-916
989
-1034
1717
2078
995
-737
3201
-2182
-1083
2958
3157
2580
-302
-3018
689
-1176
1529
2614
-2341
2595
-1989
-1295
-3187
-90
2930
-2806
-1693
792
1766
-3094
-1557
-1205
949
-1493
1985
2342
2922
-1079
993
2471
2035
561
-2509
-1958
-1704
2521
-1707
-222
-3103
-338
1988
1169
1185
-1377
-1626
-338
2810
784
-2763
-3103
-2232
-498
-1475
3188
-2408
-1334
-2480
3165
3157
1124
-378
2457
1708
1053
-2284
-2959
-331
-1961
396
2734
1806
2878
-2323
-3064
-950
-2970
-987
915
114
-1050
3188
-475
-2527
-2103
2106
-945
-898
3216
2500
2674
259
155
2632
3158
3189
-71
-3120
2721
2826
-1067
2124
2931
-1771
-1684
-141
467
-1033
-1976
3072
2996
-2744
1135
571
-1738
-13
1539
-3154
-2682
-1070
-1292
584
848
1661
-2921
1974
-1174
-2271
-516
-2677
-283
1994
-599
2782
-188
914
255
-881
189
2513
-1799
2790
996
959
-2853
1827
2460
-1874
2971
-371
-1849
952
234
3038
1989
-2753
1687
1090
1559
2856
-2731
-1819
3044
-26
1117
-1947
-580
2376
-2222
-2646
-725
-2658
-2868
-982
2522
1697
2571
1174
-2455
-2916
-2713
-2032
-428
2260
-1011
-263
-2386
3154
-326
3183
2147
235
74
-3076
1412
2320
-697
1711
87
2711
859
913
1559
-2446
2729
-1756
1558
89
-1410
-1263
-554
-1530
-1726
2731
-149
-126
1304
-589
2123
-1050
-1189
-833
1079
487
1351
1635
-1871
-2645
-1929
3118
-2285
104
817
-3197
-1625
-1105
3043
284
-2074
-955
1012
-1919
-2091
1707
693
2681
-139
2321
-2864
-796
687
-2469
2886
-3088
2416
487
503
-3076
-2594
1491
2871
-190
1581
2016
-1983
2714
-59
-2936
-2411
2172
3095
180
892
-393
-891
-2081
-1734
1492
1324
-1611
-2252
-3152
-1798
1596
-634
1573
-2722
-479
1602
-1492
-420
-215
2926
-3212
-1862
-2469
-377
-35
3003
2874
2383
-2475
3060
-770
981
2989
3084
-2816
-1086
3010
2097
-1005
-2491
120
-2158
-1311
1958
-1660
-1629
1511
3131
1704
2352
-1075
-1675
2176
683
3001
1308
-497
-179
2509
2501
540
-1815
-391
1696
274
-541
-951
1952
-2058
908
-1840
779
-1805
-2008
-3091
-1678
2617
-2975
-774
-687
994
-2343
-3062
811
2122
2888
335
1802
2728
-1681
-2207
2770
3195
-918
-537
-2421
-1845
1769
1730
-1059
2464
1429
-2142
-2421
2421
287
858
958
29
-671
659
-266
1493
990
2182
-354
979
-810
780
1160
-2340
-155
749
391
-861
344
1231
-1403
-1341
-3141
1030
1427
-11
-360
2174
2269
824
1601
2351
2130
-3201
1067
1890
-324
587
-2849
-2175
1154
-3204
-1223
-313
-1129
-42
-1702
1449
-3006
903
-3099
-815
726
-1834
2229
-2322
-1668
-2456
-3121
-1001
-88
3099
-1618
1247
585
2923
3122
-79
3189
3168
1576
1269
-345
-830
-1020
852
3053
-2863
-1860
35
1677
-1026
-1687
-1461
-1163
-454
-1896
-2553
570
-2944
-2421
-252
808
3186
2434
-2799
-1955
2388
-2626
1826
-344
-2794
-2049
-2406
1933
-1773
1303
-752
-2815
651
-2242
-1541
-284
2844
-2562
-220
-2488
1893
-1524
-374
1357
-2498
-637
-1221
-611
-532
-1135
-2999
-708
2554
-1339
1771
2393
-2384
-2620
2697
1309
2267
1415
2825
-1819
2851
1157
-988
1913
-118
-15
-2508
2221
591
2186
-980
363
2045
999
1219
994
-902
859
-728
-2664
-1946
1809
-3013
134
-2592
-2030
865
-129
-1365
337
-2492
-1142
2187
2169
2205
3058
-2405
998
850
2328
1626
-2218
123
1384
-2036
1984
-3167
525
1476
1640
-3213
497
1094
1712
-1515
-2773
-2455
2202
-334
1816
1223
2238
-3005
413
-2605
2793
-1910
-1552
1506
3073
287
1148
-372
-2995
-2733
226
-2975
-850
-194
-1149
2411
600
2161
787
-1658
1397
-1005
1145
-937
1744
1443
-1514
-354
-484
-3037
-415
-2869
-1480
-1393
-139
-1317
-907
2341
1054
-2317
277
-2760
-1452
-2695
-3156
756
3158
2223
1990
2789
-2035
843
537
-887
727
516
-102
-2644
2686
223
863
1772
926
-2284
-2760
-1280
-1662
-2611
-1872
1554
-2717
-1934
2244
2976
494
2482
-2651
3014
2312
3226
-3127
-1341
-1239
-2374
1898
-1186
-1174
1291
2900
-69
107
-716
844
2651
1735
2809
-1609
1732
1073
1809
2722
1916
-3078
1776
118
-2648
-299
-789
336
-478
2008
-1027
2690
2408
-969
-1354
181
42
2403
-436
-601
-1233
-739
2632
-2051
-2566
906
90
35
-210
366
-1107
-33
1117
-671
1878
-570
-528
-1893
-1492
945
-1332
605
-3228
-258
-1129
-2519
-1468
-47
1581
-1382
448
2955
-2555
77
1566
1659
-334
2012
1884
3113
-3133
-2090
148
2989
3052
879
1493
2468
1075
764
2392
2628
-1559
1839
893
695
-2332
297
-2731
1389
-1930
-1779
2277
-1003
1929
-2528
-222
-1053
2603
2031
2788
-2646
2901
-3086
-1012
2966
2516
2437
3175
286
2770
2813
3127
852
-387
1331
1644
2022
888
2537
492
963
-1658
-578
-499
379
-2609
-1719
1091
-90
-2388
-348
2316
-1060
-1458
-628
3091
3052
-1075
-7
-152
1973
1738
-2550
1276
1205
-2677
2191
-2627
2099
-1722
1078
123
2199
1674
3019
2687
1465
3003
-813
1826
3058
-979
581
-1621
1068
-795
192
-1353
264
1224
43
-2359
2554
1925
2817
-1567
489
3220
-2792
-135
-1142
534
-2031
-2761
-1357
1094
1887
10
-3205
2576
1314
1296
3078
-693
194
-679
-1440
1801
2246
-1572
2091
-1797
-2821
-3029
174
-1784
-901
-1558
-1844
-51
-911
-2850
-1556
2436
2782
-394
-1609
-1407
-747
725
1185
66
3203
1767
-1413
1345
2587
-1650
122
-1305
606
-2726
2835
-3046
-1627
2597
685
3176
796
2046
2321
2717
1074
-621
-1113
-557
1742
-2894
2534
508
416
-255
2794
3024
2454
2639
-1118
1702
-1507
1603
1484
-3168
-3087
508
-1558
2742
307
2861
271
-2163
-751
647
1746
792
-2734
-319
-2549
-2702
252
2860
-1501
3085
2759
1067
690
-76
-283
211
-2597
2729
3141
-672
365
-1202
1119
-448
-2277
-821
-1182
-2876
-2169
-1587
2698
-2289
-200
-2866
-2401
-1095
-2704
-1975
-1021
-632
-792
819
-947
-1277
-1327
-1743
1991
2275
-3203
877
-2198
951
-209
-157
-2124
2618
-2287
-1672
3178
152
2734
-1639
3063
-2609
132
2565
1482
1079
495
-2497
-256
-1777
2919
2238
-208
-3119
2017
-1122
-2613
1818
-2538
2377
1053
-3153
-2449
-1902
1232
-2390
-986
2278
2685
-1888
462
-2854
-499
-1657
-3091
2866
1016
1666
2195
202
-588
2958
595
548
217
3059
-924
1392
2100
-3080
-2230
778
-1122
-1670
2017
-2476
1912
-2456
2373
-1300
-1831
-2524
-507
-1285
-342
-1336
2132
2738
2086
2549
-1969
-2662
-967
-99
2933
46
-3096
2142
687
-322
1582
3174
1697
-1083
-657
-1645
629
3113
-2937
-3139
1174
2580
-707
-1890
311
-628
-439
3203
-1101
-1462
-390
559
-2301
265
228
-2231
-454
567
-382
638
-2790
-2870
3018
-1290
2747
1620
238
-560
154
-504
709
2241
3137
391
1195
-879
-2627
-1598
-2782
3131
-1787
-963
-2932
-3041
-2290
21
-1230
-2889
-2150
-2914
76
-2534
-1026
-2255
-2438
-2935
168
-2250
587
-1066
3062
2394
-914
2490
-1041
2463
2587
657
-377
2195
2368
-3016
566
1359
362
-1394
2620
-393
1027
2464
-3020
-293
2462
-2056
836
-2931
-2985
-564
-1772
1122
1849
1965
-1389
2019
-1019
-2816
2814
-2620
1326
-1437
-2846
-2194
2540
-2267
-673
576
-2509
2284
-379
855
-950
-1916
-1583
1572
-2242
1330
50
-2749
-1078
-141
-523
-2713
2329
1115
-1873
819
-1789
-299
-601
-1374
-2806
815
-2412
559
1784
2270
-932
-444
2741
-474
472
1474
-2328
-1687
-1718
1860
218
933
717
-3008
-646
2557
585
2317
3124
-2198
-2680
1511
1431
914
-2991
2528
-462
1026
1565
-2208
3058
599
-1538
-2520
-561
1641
-2495
2878
-2425
714
2568
-2330
609
-1358
-514
-798
85
395
-915
-3210
1157
3051
2652
-993
813
-2900
-1182
-1035
468
-1548
-146
2022
2130
1134
670
-2420
-1294
2105
-1835
978
-767
2858
822
-1133
807
-2712
2706
-2803
-2137
168
3003
-775
-2371
-2146
-1782
2285
-3054
2908
-564
-491
-1660
-1604
-946
-3018
1095
1151
-2595
2763
-1288
-2037
403
-585
2737
2392
1663
1881
-832
-634
3168
-65
-1510
2204
-1217
1101
-1034
2150
-2865
-3090
705
-2166
-487
-1426
-1244
2468
3128
-1393
-2556
-2371
-2474
1113
2694
2968
1621
-1107
-13
2769
-2784
-2151
88
2054
-812
-1884
-2750
-92
313
981
2023
56
-168
2597
-813
-733
-998
-1046
-2051
83
290
3201
2324
-2176
63
-1343
1857
-3071
-2091
744
-1197
-909
1606
2992
2437
-961
1635
-861
3125
-127
-3225
-2687
81
2431
88
483
-2421
-152
3203
136
-2222
-1256
-1873
-2828
1459
2102
-2190
3061
2455
293
-1020
-3154
3161
-1240
-1571
-2355
545
1657
-2052
486
-2496
-2588
-2220
-2502
378
-1173
1974
-653
-2812
-2131
-572
2108
-2925
1549
-1727
-154
591
-3036
-1019
1259
3033
-2355
1840
2943
497
1026
416
-2445
1384
119
3102
-178
-1470
837
-2546
2882
1503
2042
-15
2873
-2067
2183
2784
3202
-2442
-1450
1743
913
-703
1447
-2388
1769
911
-1631
347
2904
894
-1982
2957
-13
2442
2659
-134
-146
-386
-93
1074
2318
-1756
1760
2542
-1005
-641
1326
2024
526
24
2864
-1992
1522
138
-299
-1719
-819
-2306
-494
1449
2750
2729
-2292
-3173
1529
-2003
3134
-1812
-1750
-790
-2278
2475
1895
889
-1250
1352
1858
2264
887
2355
776
-245
-1553
-2974
-2518
-1343
-248
1037
-650
452
1806
-20
-2914
111
-1100
2816
1155
115
1220
671
1429
2061
-243
-1842
-2831
780
-2715
-1189
-2897
-2598
-1743
-1068
-2404
311
2990
513
2463
643
2415
-404
-941
3070
-770
-764
-2455
1742
-1805
5
717
-659
1380
2147
2746
-2548
2429
-1913
2642
2663
-2310
761
-1453
-471
-1863
2029
-256
1077
-997
-151
2633
-2500
-1756
2527
1164
3218
-1286
-911
2948
-2739
-2456
1385
3152
2169
2868
-189
2561
-1072
-2258
-977
-430
2655
-2380
747
-1325
-1510
-1229
2035
575
-29
-412
2150
-1590
1623
1846
-865
134
2154
-1482
-2638
963
1213
-531
-1512
1088
2033
-2065
501
2899
2252
60
-1371
-2864
108
-669
-2165
-2154
1940
-2327
2390
1245
427
-2346
-1583
1928
2919
-2371
-6
-1877
1880
386
-2631
690
-1707
-1227
-2395
-2124
-1912
2925
197
-694
1315
-2322
2383
2133
632
2779
-270
1451
280
-563
-2019
-1247
2931
274
780
2857
686
1787
-501
1211
-351
147
-3117
473
-2874
-2155
-1586
-76
1768
-649
1363
1998
-2599
2926
2447
460
910
272
194
460
-2833
-1419
-156
25
1563
1576
-2995
2292
-1394
-2212
589
1859
-1630
2264
2741
-1538
-2472
-2588
1093
2545
-1241
-1718
2296
-269
2834
-3047
2319
2150
-2909
2784
1772
-885
-648
2305
-1339
1236
-655
1634
-1036
893
203
-316
-2357
1954
-2277
-505
2190
-2551
-799
2173
2329
2393
564
2838
624
766
1859
-3150
2478
-161
-1203
-2574
3083
1664
1081
-1285
-1368
-2265
2610
2835
-152
-2103
1010
-1768
-982
597
1905
1160
-2663
-1088
935
-2738
-618
1350
-931
412
2177
1482
-1074
-467
-1700
1596
-2904
2836
1048
-2310
1016
2416
3103
527
175
199
733
-2173
2444
1904
-648
2904
-1991
1615
-2612
719
-2621
2809
-2117
3202
-913
3215
-722
18
900
2382
441
2467
-721
2582
1644
-2832
2389
-2522
2834
858
2792
3061
467
3209
-2337
-2895
1055
-1616
-503
-2410
-1087
-544
-2074
1968
-2417
1215
-283
-2065
-2194
1900
-994
1583
1531
-2761
-2257
-2663
1350
-2566
-2614
-895
-1060
-2786
-649
2943
69
1785
-1447
-871
899
349
-2877
-1941
95
-2668
-2894
-1598
2214
1395
-1374
1355
-614
968
-2750
-3135
-2516
501
-3127
-810
-118
544
1601
-2806
-1048
-3152
2963
1260
-2863
-2375
-3110
1563
-17
1829
1660
-1117
778
-3047
2228
-219
464
-1970
-376
1575
-370
-620
3210
760
-3105
-1390
-475
-459
1598
-2158
2803
-761
1273
1071
2275
-1777
-1066
2268
1310
-2888
-2056
1136
37
1375
2130
-381
1041
-3201
2266
3184
2121
-2901
2663
-236
-1269
-193
1201
-577
2249
-1289
1285
-560
-671
-2781
1821
-1453
-2656
3184
3111
-109
929
184
-1618
-1867
-2335
-2586
34
-1276
1456
2958
-1615
-2904
-2178
-2869
2334
2130
-97
1019
-1195
-403
1203
-825
-755
1456
3143
554
2737
399
695
2204
175
2006
3068
2807
-1939
853
553
-2046
802
-929
1885
2945
-831
-1869
142
2092
-918
-2309
313
-1129
-2252
-2278
-1126
433
3146
728
1061
2249
-1476
2147
2002
-1733
2240
2137
-1812
3121
1771
359
-1938
1943
-3187
294
1234
660
3216
2028
-334
-586
-3154
363
-2895
2646
-1562
1881
113
337
-583
1306
-1734
-1022
-126
-2235
-1139
-2621
258
639
1613
-807
-3037
-2289
1716
-2718
-2644
-1102
2060
640
1063
895
-1376
2428
1488
-1419
-983
-76
-1369
-3134
-1840
1834
-844
-2087
2548
-782
-798
-1314
-2144
1897
-374
-1767
-3184
-421
1492
1162
-1125
-2434
3111
832
1561
-480
-2284
-3201
-2630
2002
-2729
-1819
3115
2431
-1769
-677
86
2238
-215
1385
2110
-2554
375
3188
-2307
1875
884
-297
-309
2723
2220
-952
-2038
379
-2997
-2050
-821
2625
1763
-717
3069
-1934
-1165
243
168
-147
-472
-406
153
-1306
1608
3051
-3148
-3225
1146
-1241
-2080
467
-664
-710
-1623
-3106
-121
-1884
-120
-488
2270
1814
-1733
2053
910
386
-2518
2944
909
-293
1768
1270
1450
538
-2752
-2645
2747
1931
694
-388
3058
-1917
-2423
697
-2671
269
-2360
316
-1451
2450
690
-3216
-2639
-234
-402
-965
-2489
-473
806
-3121
1044
2902
2476
-2892
2557
-1644
-2582
1494
785
-558
238
-1467
2823
-29
1896
-455
-3133
1630
-2707
-786
-3041
400
-2133
2496
-3201
455
-327
496
1813
366
2882
3004
314
616
122
-1491
2047
-2474
-1182
2861
2736
2726
1693
-1314
958
3005
3166
865
818
2460
2717
-2311
-470
1427
380
1423
692
2101
1995
-3179
-37
796
2183
1943
2036
2135
-2719
-132
-2323
-1103
-972
-589
-286
-1647
-1383
-2060
-2876
-2427
61
1531
-771
-2349
-216
-3174
3
-2763
2230
-3086
182
-1490
2739
-130
3145
472
-2937
-1506
-290
336
136
-1538
-611
-1178
2370
-1337
-885
1549
-2720
-3062
2484
-1209
-3050
-1483
-432
-2335
483
2327
85
-2338
3002
-3125
1808
-2699
2993
716
-819
-449
2512
-3155
3118
-243
2014
2720
-405
-2177
-2629
-1894
-2650
445
-755
-1343
-175
-1139
1740
-1738
2700
-1671
-583
978
2393
-23
-1913
2780
696
1737
-2065
324
-1508
2847
443
2198
-1055
1218
2367
-948
-2362
-1863
-1235
-2440
-1931
-1684
1204
2306
469
-318
1194
-647
-145
879
-1012
3227
2143
-1300
1561
1241
-2503
-2084
3043
-1223
-3052
661
59
2740
-2767
2820
1409
965
1688
-1621
-287
222
587
-13
173
-2794
-3012
-818
2982
-1035
235
-3014
-1790
-903
1770
2728
-501
2642
2419
-1455
3024
1425
273
-1572
-898
-1503
441
2529
1561
3223
3161
-64
-744
-1603
1660
-2686
-2874
251
-2466
-2503
-532
-1367
2258
1739
2673
-3197
-104
-873
-3155
-721
-1499
-205
-1877
-839
772
-273
751
-328
2674
1801
3047
1299
1369
2807
-3100
-1336
1825
3192
2889
1921
-3119
1783
406
2298
-1908
-35
-845
-418
2956
1709
-1973
-241
2672
1544
-3008
1495
-1781
1775
2669
2572
3190
-3062
-179
2764
1319
870
-3168
-2252
-205
521
-783
1884
-1708
-1156
-90
392
3228
469
2143
2876
-995
1776
1759
1507
2768
2303
2999
410
-1610
-258
206
2108
-134
1674
-3182
2927
-835
-1807
-635
-380
-2533
-2005
-338
1631
2303
360
997
-2771
-866
1592
-240
1850
108
-2522
-182
1316
2992
2531
610
-759
-2548
-788
1756
-2292
-3107
-1356
2948
2554
1068
2952
1261
-1492
-222
3006
1168
251
636
1709
-2442
1383
2450
-2309
1195
-2466
-1742
929
1631
2358
929
-939
-2678
1629
-1860
456
-2933
-620
3144
-1456
-3125
1005
-2068
2796
-1488
2729
258
-319
2256
441
-2506
1424
283
-2153
-3034
1540
1808
3122
-154
-1956
2241
1900
-2387
-2087
-1483
2722
-388
1722
2629
-2559
-1010
1051
1351
3064
-2481
-1738
1802
-2512
392
667
-2141
2118
-2810
-2642
-1407
-1993
582
-2137
-1412
-2044
-485
-2376
-2181
-3208
2746
379
1542
2306
-848
2457
-2899
3030
-3212
-472
3223
157
819
-1377
-1460
319
119
633
-2092
-1832
-220
2295
-1205
3201
449
-213
-1107
139
-2368
1028
-774
-64
-1862
-1372
-43
2389
-6
-936
385
-2827
-2752
1983
438
-1983
-1139
40
-2109
708
-3220
887
-25
-1632
1720
718
3015
2823
-249
-992
-3101
-30
2149
2147
1035
-2726
1194
1119
275
-2982
1618
479
-3193
90
1659
1053
-2271
-1993
1506
579
-2713
949
-2497
1811
2475
1473
-1705
-2722
748
-199
2961
-229
2272
204
1933
1880
70
-2884
-697
2428
-545
1980
-1935
-2647
-2547
2728
-1271
32
1725
34
2201
-2703
-2325
-1959
449
480
-2595
2425
-1816
-1424
1803
1380
-808
-2469
2348
-2593
1302
2107
-1398
2146
2520
2849
620
2529
1384
2807
-2491
-2576
-1007
860
-1021
1605
3220
316
-1411
2179
1973
-7
-413
113
-968
-587
3185
6
-1795
-1118
1233
-2390
372
1865
3178
697
2184
3149
-2346
3193
1546
776
-1375
1654
114
-2175
2245
1998
2305
-1590
3041
2318
-391
-1308
-1733
146
513
2354
-308
2974
-149
-2172
-2464
1770
558
3172
-864
-832
-1898
2875
1176
1551
-754
1884
-2581
-327
-53
2688
1079
2423
512
1322
922
3170
-3226
-525
2614
2968
-1360
-1512
155
371
-1974
-1871
16
587
917
1242
2635
-1971
2642
633
-2480
2184
-2074
-2476
2166
-935
2212
2415
-2520
-923
1692
-533
1387
-2533
-1483
3189
-1610
1247
-1549
1824
-3209
2975
997
955
-2794
-2105
-842
2882
1909
-636
-2230
-3141
-2182
3118
-251
1491
-501
-2857
809
2631
-23
-1052
2515
-1409
2822
1778
-14
2226
434
2655
2648
-779
2529
-347
240
3
2623
2395
1556
1971
405
3201
2963
2562
-3065
-2444
2237
621
1647
1437
-901
-2368
536
1006
2037
-1864
-238
-337
1699
1825
1077
-1123
2867
-1974
902
2976
-1593
-1601
2214
-709
47
1247
-590
-1524
-216
-2125
-2513
-2840
1682
1689
2458
262
1875
2059
-1992
-2433
-3036
-1233
-2833
-23
-19
1364
536
-2159
3003
-2611
-1467
-663
-1526
-2621
2317
-83
-2032
2788
-2494
1069
2865
1517
1731
-1904
-2327
-189
1512
3060
1794
2707
1840
-2041
-6
1696
-1560
754
-1067
-2167
2624
-2199
-2312
1057
-43
2629
3212
-3194
-2253
-204
-1615
-1506
-1216
597
-3008
1983
983
284
-2915
-1498
34
-2455
1494
-2628
-94
3084
1534
778
-2762
553
1358
1829
-1477
-2047
1426
-996
-2181
2872
39
814
-661
1094
1123
1266
-3212
-2593
1859
-1290
63
1680
2147
-1758
1396
2655
517
-924
2322
2707
-2458
2028
1677
153
2657
-3127
2577
-2960
2940
-429
1125
-2366
-2324
-2697
-290
-321
1329
-848
1584
-1564
-916
2002
-604
-2750
2388
2066
1738
1364
3023
-2762
1859
-687
2871
-2256
1284
1293
362
-3107
1833
-1556
-935
-2780
1864
2801
2949
897
1260
521
851
537
1462
-63
2796
410
975
-2030
1494
1660
2507
-3203
1237
1664
-1722
2167
-1270
-2169
-2573
-2709
-1257
-2156
-934
-342
-2868
1961
-982
2300
-1019
-1585
2512
-338
-801
843
179
2530
1995
-1350
743
-2130
-2523
-2881
1914
-2030
-1478
7
582
368
2018
284
-727
555
3045
1549
757
-2531
2728
-2025
281
-923
1207
-1831
-2082
581
-3083
-3064
2523
-1093
1446
-1756
-1325
2094
1182
-2912
-2533
2793
-2403
-1417
-488
2702
2546
-395
-1952
1362
1846
420
1583
1411
-512
-2101
-1049
-1394
-2724
1086
-1718
-487
475
-2083
-663
2473
-2148
2662
-2924
-3138
-629
-1563
-1288
395
-2354
-3158
-2875
-3123
-1067
-2041
2972
1942
-1267
2411
-548
2136
-929
-686
3146
2798
2611
1482
-1725
-3122
268
2905
430
-582
-2959
-1543
-3098
-620
-963
2084
-1000
284
-2390
-215
-1774
1047
1864
-3054
1758
1050
161
-1017
-2259
341
1873
2473
1289
1617
-1891
-2146
-3105
-1138
-802
2096
670
1722
506
305
-583
-2022
1510
-61
-2677
1475
-3157
2516
2120
2423
672
-3088
-2876
-1201
-2475
444
-2426
373
1665
2837
649
602
1656
-2332
-777
-2104
52
-3085
-877
-1251
-1947
2623
2030
2633
-126
-2470
297
-523
-707
-930
2066
2601
1386
-1197
-125
-2366
-353
2997
-1578
-2117
-271
-1453
-2245
328
1463
86
-2229
-1655
-130
-316
3054
2860
-2251
-2638
96
875
-1425
1990
-898
351
-2093
695
-2150
-229
-2079
-2642
-527
-1002
-1392
-1918
1707
-1397
-771
254
623
3197
218
372
-1521
2611
-1381
-1021
2392
-1946
-1027
-1567
-218
1820
2086
-1987
1113
-1272
-414
1453
1912
2891
-2491
208
-425
-1555
2211
1757
-2525
1432
-252
-1775
2912
774
211
-1295
2125
-1453
-2824
1032
-1110
-623
-1289
-620
-1647
-390
2825
1274
3094
-704
1622
-1607
1274
840
2259
1885
1539
2671
-2300
2126
-448
2716
-513
-495
2414
-448
-2060
-1638
953
3035
2160
-1902
-629
-1546
-102
218
-607
1408
2436
2389
-1065
2162
137
1330
1426
1180
-1474
1028
-2783
-2530
89
-1160
-350
2169
-2023
-3214
2163
-1518
-290
1919
-575
-2680
1415
490
351
-1995
481
2161
1510
-2169
-3003
1985
-2743
1578
-2287
1342
3030
807
-1197
-841
-197
2426
2024
30
2741
-2302
2909
-2269
-311
-790
1556
-1912
-261
-1431
195
1241
-1466
1825
-64
-862
2632
-2073
1648
-738
-96
2910
2259
-297
-2790
-1575
237
-2848
3197
-1533
2759
-1017
1327
1577
2452
1581
2879
-959
54
2455
-1742
-3171
1831
-1550
-1178
1676
340
-206
-3222
1987
-3080
-1175
-2580
-932
530
-1648
1782
-1754
-388
1184
1157
84
-816
-1194
-743
-857
1324
336
-338
-219
414
509
403
-2303
-1691
-77
-3176
-3223
-2965
1788
1556
1952
-1881
198
1363
2339
-24
1280
-734
805
-2396
-447
2612
484
294
-698
-1256
2516
-358
1662
3208
-121
655
1162
2045
-2791
1332
3149
-2209
1897
1479
-2349
979
-469
2339
-2933
-312
-2484
2102
-2016
-147
-1936
1508
-1916
-1553
-1651
1278
-1401
1573
1866
-674
-3082
-1491
-1870
1521
-631
1814
1848
1867
2625
-2166
-702
3022
303
1485
-2746
2203
-1779
998
-993
1532
-2519
-2079
-3169
215
-1570
-2376
-903
-2582
2950
2364
1176
-1600
2670
2100
-14
3213
-2297
1326
2461
3041
-321
-2150
-2910
-1177
2782
-2961
103
-1526
375
2393
978
2489
2119
-150
2821
1319
1097
289
2651
-2436
-1936
1987
392
-1870
1556
-537
-2894
-603
1851
1506
-3057
737
1337
-1543
900
905
1534
1085
-3151
409
-474
1557
-2928
590
906
3083
-1870
-38
-1881
3178
-1083
325
-638
2452
1103
1422
-341
1653
1421
3010
1201
-2916
-2531
-3006
-448
-1887
-2893
-355
-438
-2624
2697
1046
549
-2340
2303
-2928
1294
2052
650
-1038
246
-2584
-169
2077
2405
1855
414
-1055
536
428
-3158
-318
2343
1318
-1505
-719
-904
516
-1928
-1247
-2071
-2513
-3177
1944
-2518
-3055
-1989
2368
611
-792
-2229
2263
2321
-1970
602
-2562
-2815
-3168
-1306
1005
2240
-1288
689
-787
-1954
-2100
-2946
-2205
-2129
2631
-3188
3037
-3167
-530
2538
2144
-274
1445
-888
-450
2541
1595
1768
-1502
-1400
759
2191
185
-2147
-3138
1223
2446
-27
-2973
-3079
-395
1797
-2458
1166
-2259
-2257
-2044
-193
-1527
-3012
-1438
-209
2233
2726
2361
-1969
1425
1331
-2018
406
1846
-1387
-251
1822
35
-917
2715
927
-1028
-2435
2597
932
2560
-3086
-1490
522
2306
-2110
2291
107
-2046
1711
-980
575
-1037
2330
816
473
-2612
-1122
-2250
-2437
945
2750
-2881
2883
3077
2276
-2857
226
2383
-1647
-2193
-78
-2429
2194
2724
-222
1958
1471
-1180
535
2862
-1618
1250
-2071
1092
-1321
-20
2319
1554
2569
-3098
1543
-424
1283
576
2084
-3031
2324
-987
2762
1984
-792
2037
999
357
1197
-2045
2033
242
-2966
3065
872
1884
2585
150
-1260
-2446
1610
-3163
502
653
928
-2558
1431
936
504
209
-2415
1248
1003
522
-1947
-2553
-2627
611
2567
-2635
-51
-256
-947
2832
2335
-1254
-1753
1642
-2555
954
-669
-1349
-602
-981
-1696
252
2522
102
-1993
1988
-112
343
-1730
1203
374
2477
-1876
-2562
2608
-1491
2657
-375
-128
-1815
3145
-1302
-3045
387
-822
105
-691
1556
-684
-2518
-674
-1429
981
-1956
-510
2221
-3109
-2983
-2353
2178
2344
-2351
882
1765
-2317
-3017
-1967
-2493
-861
-2377
1500
172
640
-866
991
-1735
-2778
-3067
-709
1450
-169
714
1155
-84
-1712
-854
577
2868
-2728
-1761
-1603
1738
2035
-1550
3062
1340
3102
907
-469
-3197
2850
-2646
-2218
2355
243
-522
798
-2958
-2827
186
626
-2818
-222
332
-2219
1272
2416
-781
389
787
-2035
651
-2527
-361
-414
1666
2919
-1108
2703
393
-2724
402
1400
-1921
2532
1270
-639
2816
2750
1016
-2516
258
-470
384
-3056
-3095
1534
-2496
-343
-2952
654
3211
-2790
1232
2837
944
190
-1718
2978
3208
-1764
2759
-959
2545
2926
-854
2841
-474
3179
-1146
449
-1036
1697
686
-826
2601
880
2009
322
-961
483
2097
-1143
1650
2779
124
-3197
-69
-2560
-2184
-2573
2425
1007
-380
-1493
3067
1315
1550
-1236
-1285
1670
585
1443
-531
-92
-3142
3142
-1688
2177
2621
860
1300
364
1270
-1431
2815
181
-561
-1816
-2700
-2353
-1623
916
1390
-3071
2632
-397
1888
598
-596
403
1079
1041
313
928
-2111
-203
628
1267
1077
1398
-1064
-2155
2258
2396
421
-937
133
2300
-787
-1876
-1419
-2804
-2159
-1970
2171
193
-1404
-3041
-3154
3106
3028
2955
1021
-112
-1948
3053
241
-971
1430
-1392
469
2395
-1436
2286
-1269
-590
1720
2411
2203
-134
2561
2219
3161
1940
686
-2079
-2493
1833
-2448
3108
-1968
-1430
-2105
-1574
-2668
1168
984
898
2897
2593
1143
896
625
2276
-928
2854
2995
-2757
-1130
-1136
3018
-3204
1522
1227
-442
2839
-1929
-3065
585
2036
472
-951
-1677
558
2946
-3044
1276
-2091
-698
-512
-2837
2485
1032
-2748
-1419
-1158
-3206
-209
-1199
293
1091
2504
-103
3030
-3072
-836
2337
-1460
1457
2518
1158
-971
1566
2082
3153
2172
3131
262
-2811
2751
-2774
2349
-268
-1766
-801
-1489
-181
-265
1059
2177
-1413
-282
1318
-1683
2169
-1268
-3032
-1407
2083
-2675
411
-2679
901
938
-99
-1192
2489
1957
-2215
2040
-2003
-708
-1398
1181
109
974
602
2385
2872
3127
-2245
51
-2609
1463
1463
-589
2513
1962
1819
-1063
-3059
-1001
714
-959
1438
-867
204
801
1145
2292
-2480
-410
2310
3131
-75
1979
770
3173
-1207
-1489
3082
1262
-257
-3201
1066
2355
-2916
-1341
-2504
-2609
-691
-1618
-2031
-2639
1076
-175
1128
-2377
2250
310
1570
322
-147
-279
-2652
928
-1129
2996
1639
380
-491
-3173
83
2087
-1551
-1700
2941
-1733
-1980
2551
1008
840
-1941
2928
654
3100
245
-3178
-45
-1893
2217
2898
-750
1811
31
-2170
-1114
-1777
847
-2261
-607
-937
233
-1002
-332
2794
3105
-469
-1003
2094
249
2206
1186
1770
2082
-2341
2846
-414
-2749
-2652
-920
-2226
-1674
2074
-665
74
-780
-1130
1479
-1278
-920
1721
-900
-2547
2238
-2157
-898
-1402
1474
994
-450
1398
-254
-2250
-887
-165
2440
-2537
-372
-1203
-700
-655
2522
2903
-1419
759
-3052
2640
2333
2561
871
-211
-3068
25
-46
2094
-1751
-1580
-2479
2001
-1674
2117
2976
1727
-127
1143
1576
-183
-2548
1792
290
-2398
888
817
-1760
-11
523
-3038
-1379
-1417
2390
-1858
2539
849
2057
285
1247
3009
-1420
1373
-1277
2316
-1505
-2191
-1546
-1382
1411
649
-724
1461
1186
-646
1381
-254
-2357
1228
-2969
1221
-1012
-940
-637
1698
719
-1616
-2394
482
951
-801
-2972
-2399
-1786
-3101
1730
552
1940
431
868
1230
-3166
1964
-1086
-1107
2492
2388
415
835
1669
2806
3063
-1092
-209
-32
-892
-1094
-1031
-2591
1393
2179
-1892
-929
559
437
180
1697
-2449
1787
1363
-1223
-816
-2997
1974
-2932
1825
147
-56
-982
-669
-2295
1490
-789
-2923
548
-1224
-1160
1481
1565
47
621
-842
-1887
-1610
208
-294
-891
-3106
-2686
2245
2327
2714
-1706
-748
-1297
3155
-1502
755
-1880
-3201
2391
2987
-1570
3041
1419
-1447
-1532
-3042
455
-2985
-669
-2303
965
531
-253
-2276
-34
1896
201
-68
364
266
947
105
587
112
145
-476
-699
-332
166
360
79
835
659
-964
1006
208
970
421
1721
912
63
2
1235
851
1033
538
1294
803
806
179
1231
8
2418
183
360
115
152
-439
-1182
-418
120
15
87
677
389
-783
33
78
1336
21
2114
19
46
192
3102
1617
1810
417
2150
1748
-210
-155
177
776
185
896
859
102
128
-492
-131
-240
206
820
65
985
921
-1123
2792
934
496
2235
1177
1952
79
855
208
-12
93
641
245
102
304
-70
218
329
319
629
1056
91
57
-101
152
-329
30
382
77
543
230
-393
1471
606
623
2000
-17
859
16
674
372
-103
237
103
146
272
1775
1486
141
24
317
55
1222
3223
1151
1982
277
-512
863
113
929
-12
2732
1837
76
46
2466
721
-144
406
1175
9
381
-128
491
1960
344
351
120
-80
188
335
632
228
641
106
136
-463
-593
-320
166
422
74
843
677
-963
1258
319
856
721
1573
1047
63
132
834
684
842
535
1074
593
1773
1757
1111
31
1832
299
589
358
104
193
-905
-534
335
138
37
116
1380
308
124
157
286
28
346
448
445
261
2315
1228
873
655
914
1168
867
65
10
4
18
0
869
157
61
-49
-288
-408
61
3
50
384
111
-199
1
21
162
594
0
13
33
0
23
245
24
74
19
12
-74
-113
61
521
485
418
640
130
166
-556
-559
-285
213
597
89
970
879
-1156
1852
511
980
1067
1819
1467
81
313
654
622
875
676
1147
534
1238
677
9
13
50
51
938
1067
382
482
-215
-453
326
51
302
179
1020
301
37
30
752
371
-39
178
412
34
63
147
121
688
91
63
-89
-114
315
513
989
306
534
157
201
-643
-741
-284
245
597
109
1039
981
-1290
1766
428
1284
725
2273
1492
92
166
1303
901
1267
777
1619
899
-120
-126
13
592
311
515
663
132
168
-571
-504
-272
223
662
89
1001
931
-1198
2093
602
955
1277
1807
1618
85
414
436
535
797
705
1064
427
1241
574
187
10
348
146
1188
2200
795
1191
289
-445
536
41
655
47
1557
907
19
78
1915
1278
-105
163
702
262
414
-137
431
1205
293
352
-14
-111
264
555
367
864
1058
23
23
-212
212
-286
86
595
8
695
472
-624
2196
845
390
2435
13
1370
36
899
426
-126
229
270
134
300
1971
2071
1039
35
1620
316
653
972
321
633
-817
-557
499
163
212
0
1925
778
141
169
21
29
-6
534
681
268
2036
1100
614
1040
579
984
1330
917
481
17
762
142
753
382
128
81
-555
-471
224
71
82
234
816
2
62
74
23
8
66
233
275
123
958
673
310
427
294
482
1850
1782
507
30
625
218
840
1618
562
1001
-469
-535
588
139
423
-3
2072
1035
113
122
742
14
-48
466
797
174
763
563
21
1270
39
296
885
-1
193
2
327
319
1129
1361
501
565
217
-401
288
25
424
240
701
205
323
270
1385
1521
-69
4
346
404
386
-118
346
632
231
312
1967
2188
1777
38
3060
427
363
18
30
-49
-1330
-566
255
174
25
146
1297
71
163
219
825
48
1090
551
344
383
3885
1889
1684
438
1861
2010
-113
-120
302
544
983
335
530
162
208
-663
-743
-278
255
628
112
1064
1021
-1330
1866
458
1317
771
2334
1566
95
191
1298
901
1287
806
1650
903
1171
776
1194
17
2213
228
443
65
88
-257
-1083
-462
37
62
53
467
60
-439
68
108
948
24
1459
181
16
219
2825
1479
1468
164
1698
1540
296
-79
401
407
627
961
1313
1240
478
320
728
-319
112
434
435
412
42
-125
1865
871
1812
2947
-85
927
80
1090
734
-284
555
259
353
569
2176
2315
480
38
454
259
912
2468
861
1626
-386
-574
829
181
661
-13
2896
1723
145
149
1312
17
-85
611
1143
200
532
446
120
1833
111
118
450
-57
298
270
466
706
1196
960
370
190
440
-343
101
315
335
403
18
-142
1361
645
1380
2324
-62
667
71
801
546
-192
415
215
266
423
395
-40
850
92
1824
69
433
132
172
-523
-998
-362
172
208
96
828
634
-993
362
15
1314
7
2178
582
65
95
2355
1319
1583
566
1928
1394
404
-58
205
262
306
561
1057
259
115
-67
136
-342
12
318
120
496
156
-322
1255
537
701
1874
-23
705
9
608
357
-98
242
51
151
265
1319
912
555
17
913
152
722
223
71
-6
-609
-471
192
71
33
254
727
-40
63
78
115
9
204
230
231
134
1151
756
428
348
435
591
1624
1287
55
22
161
80
1075
2311
822
1370
-23
-498
656
98
658
-4
2107
1243
70
53
1670
375
-97
347
884
44
197
-34
303
1463
218
192
-19
-110
199
536
257
752
965
45
53
-282
4
-288
111
585
25
748
550
-730
2081
758
30
2108
400
1363
45
757
296
-61
113
352
58
193
557
-32
12
90
24
145
813
30
38
-193
-345
-370
48
175
20
554
229
-475
570
184
191
790
495
419
22
117
36
321
165
173
211
86
994
469
1111
12
2115
191
442
80
107
-316
-1061
-439
68
37
62
548
189
-564
48
86
1027
20
1616
100
27
191
2706
1437
1488
254
1742
1500
-114
-141
400
739
577
1202
1211
4
10
-170
589
-254
83
757
65
710
509
-607
2871
1145
948
3259
-27
1721
36
1282
671
-246
410
252
248
492
2054
2164
782
36
1087
288
770
1631
560
1067
-621
-564
643
170
410
-6
2341
1188
142
159
566
23
-41
564
882
235
1350
802
177
1385
47
591
1210
584
89
11
182
4
1045
1506
543
749
-21
-446
400
43
441
136
1191
516
26
8
1228
795
-66
159
513
53
217
-39
253
873
176
189
403
-52
68
208
76
316
864
32
38
-208
-235
-348
61
282
19
598
303
-528
975
343
118
1170
425
665
26
300
86
146
2
210
25
42
924
181
94
6
158
28
829
65
26
-60
-367
-416
59
12
17
379
141
-202
10
10
15
374
115
42
32
26
196
370
74
63
58
119
315
-66
153
297
211
508
967
15
16
-163
-40
-334
50
358
6
585
289
-480
1318
509
216
1659
84
822
23
524
245
-40
127
171
75
168
1269
627
178
11
335
116
1180
2213
799
1206
267
-448
545
45
657
38
1600
936
23
50
1901
1215
-104
177
716
231
399
-130
422
1227
288
341
1929
2061
1383
36
2306
362
511
261
62
177
-1064
-556
358
163
1
86
1536
369
148
189
433
37
524
525
484
318
2919
1477
1143
695
1219
1479
487
-31
729
48
1554
63
497
109
143
-445
-896
-372
140
161
80
752
518
-860
259
15
1094
5
1836
456
53
85
2005
1165
1335
467
1621
1188
1521
1158
34
20
42
101
964
1643
582
923
-206
-488
506
89
458
36
1658
812
67
60
1078
102
-62
307
672
70
56
145
163
1104
125
72
1871
1711
31
28
141
128
1086
2763
979
1723
-35
-529
804
132
778
-11
2639
1661
97
81
1902
100
-114
460
1096
80
175
-26
326
1802
238
186
1455
991
86
17
197
40
1085
2085
745
1180
23
-476
570
75
601
3
1781
1000
51
31
1595
630
-90
269
758
11
237
-52
311
1269
219
217
1421
1162
1036
22
1814
239
552
19
28
-94
-923
-490
108
92
21
297
576
-149
87
120
540
23
802
289
118
218
2305
1243
1042
130
1159
1215
1665
1259
215
20
433
3
1307
3428
1230
2080
485
-495
872
95
1003
-12
2687
1868
57
18
2781
1169
-160
350
1185
169
517
-194
593
1995
408
458
1652
1398
174
24
49
140
933
1717
605
1007
-278
-506
554
108
470
0
1863
946
84
81
1032
3
-61
369
743
104
30
260
129
1209
106
26
1702
1732
1660
32
2929
372
360
40
59
-140
-1301
-533
105
138
40
269
745
-157
133
188
949
42
1335
430
125
340
3726
1835
1724
93
1940
1960
-48
-106
211
470
758
319
591
136
175
-574
-653
-293
216
553
95
971
877
-1171
1664
425
1091
821
1971
1374
81
199
1003
768
1050
689
1350
720
965
64
275
2
472
430
1259
2080
761
1036
496
-407
441
0
641
135
1143
646
343
346
2050
1895
-108
32
561
560
557
-204
511
1002
339
456
853
117
414
6
806
66
689
34
45
-184
-603
-412
29
8
26
484
106
-399
13
26
405
1
738
19
14
69
1031
730
591
124
686
593
652
-37
389
181
636
776
1361
2031
755
916
776
-363
351
216
652
225
715
396
1167
668
2294
2665
-117
395
424
930
747
-295
626
812
407
598
1743
1573
321
27
301
175
893
1683
589
1011
-362
-519
571
122
453
-2
1964
993
97
100
911
8
-56
414
770
135
351
392
83
1242
77
83
262
-71
117
316
146
468
906
33
40
-224
-141
-329
75
381
19
641
374
-582
1345
486
61
1509
375
891
32
463
168
-1
51
247
24
102
-216
-151
55
734
90
681
685
144
182
-622
-439
-245
252
794
96
1081
1061
-1315
2558
766
982
1614
1893
1929
95
582
158
427
737
789
1016
303
1352
915
257
17
321
112
844
830
291
367
-395
-471
311
70
219
175
1055
256
57
60
400
2
-21
237
398
90
390
430
9
642
21
163
1945
2172
1891
38
3290
441
315
31
47
-91
-1414
-566
204
173
35
182
1149
-35
164
225
969
50
1306
545
270
399
4182
2016
1866
310
2081
2177
646
-34
308
153
500
634
1247
1507
563
588
521
-366
252
199
489
288
461
111
1011
558
1759
2256
-87
378
288
752
588
-216
484
570
315
466
-14
-115
344
587
501
1007
1170
70
61
-130
464
-282
57
616
98
635
387
-504
2361
958
914
2845
-28
1393
26
1080
584
-204
368
178
224
430
1123
522
163
11
219
66
839
435
155
55
-376
-442
180
39
115
282
573
-52
32
33
208
156
-7
132
206
55
268
389
16
338
6
130
-267
-166
115
824
70
838
750
138
174
-611
-310
-229
254
875
91
1096
1090
-1322
2885
907
850
1986
1726
2108
96
758
72
224
510
791
757
49
1115
419
102
9
196
52
1046
1357
492
628
-8
-433
348
30
403
179
999
369
15
23
1164
920
-61
115
437
117
233
-45
251
755
173
197
988
211
98
6
178
104
1016
1019
373
380
-42
-418
252
13
308
251
674
97
4
83
936
977
-45
59
300
155
211
-33
210
532
144
174
1846
1895
1214
33
2005
325
562
356
101
213
-962
-544
354
150
30
98
1473
359
134
170
328
32
390
483
475
284
2536
1319
964
694
1013
1279
-66
-113
28
530
164
491
705
113
144
-503
-443
-284
193
599
76
928
818
-1075
1915
567
790
1289
1538
1458
74
408
242
445
630
614
851
303
308
-75
338
374
520
841
1225
863
340
88
530
-324
46
410
317
453
99
-210
1709
774
1413
2610
-62
889
1
941
608
-221
446
94
283
467
