-935
-617
-3082
-1047
-2868
1269
1345
-81
2093
-351
-181
-2773
-1010
-1888
-1899
-2421
-292
2291
2085
70
-2719
-1411
-2878
-2583
-1548
-1550
94
-3256
-2452
1337
-278
-599
1046
943
1058
3073
-1487
-1406
1466
2729
2830
2446
2943
-3047
-506
595
-3248
779
1663
871
-1174
-2083
107
709
2471
1767
-144
3128
-856
879
1427
-1114
1549
-2448
550
1694
2639
-2394
548
-1255
1540
-2202
-818
-2766
-451
1077
319
2219
2265
2905
-1916
2986
-610
-46
582
781
1281
-1907
-1934
512
-355
-2375
-1769
-2270
-1008
2355
-2405
25
-3064
101
-851
2317
-2151
3215
-2191
-1929
712
-1581
-1901
1267
-2379
1475
-765
-383
1920
1597
2472
-1554
-2841
2399
-1791
2066
1977
-1763
-3014
2668
-1300
3026
-2566
-622
3073
-3269
-2563
-1574
-1581
2917
-744
2805
-2824
488
2713
570
1235
-2565
1418
624
-2752
-2770
2327
-3274
-1292
1090
-3162
3081
3180
-2209
810
-183
1202
3148
-1383
351
1500
2595
1905
-1396
-2299
565
429
1397
-2730
-3250
680
2308
-1289
-163
2218
-2935
2265
-3131
27
268
2392
1765
1340
2827
1977
-1273
2251
2462
711
1129
-515
-612
-3098
-3041
2575
1724
-2480
-2378
-1422
1345
-2798
-738
2033
535
-699
-202
1279
1074
-980
832
2376
-1866
-1335
-1206
1827
1420
-1915
1735
-2991
2028
-986
-1587
-2194
-277
-2828
2413
-2727
-460
-747
2113
-1152
-2077
2916
-1966
567
-1350
1663
176
-1165
-2213
-2192
340
-28
3064
-2951
-3144
3087
-2830
168
1260
2034
225
1706
259
-1514
2053
2373
2614
2932
-1615
-25
2456
-1897
-1830
406
2776
-971
-712
-395
-1206
-2764
-3221
-768
99
1633
-790
206
2579
1586
1518
2176
-556
2627
-564
-561
-1127
-2914
-91
-1849
904
1037
2616
-2920
622
1378
3046
2901
-2174
-2787
-258
1686
2998
-1010
-2151
2873
-1521
3033
-1459
-59
-2829
943
2940
-3164
-3122
1977
2064
-2430
-431
2189
2134
278
-1852
-250
-1495
1488
-2769
2079
306
292
1563
1112
1670
-2408
-2900
-2469
-1516
1776
2061
2599
-1522
-687
-48
300
-809
-2342
-762
-452
-2489
-587
1283
-576
2595
-329
1425
-554
-2422
1850
2768
2741
240
1825
-2209
1095
-926
-3199
1495
-924
733
1195
576
-2618
-1301
-1747
-2938
-777
-742
-654
133
-694
798
-2475
-597
2765
751
-1263
2475
10
-777
2384
318
16
-2625
2188
2511
3273
-1955
2331
1772
-413
232
-1114
-581
1257
3259
-1699
1519
29
408
1610
481
708
-470
-2805
1340
-3238
-1648
-56
-1247
-2151
234
922
-2136
2444
-1402
-3096
2847
-2993
2870
2109
2172
-1382
-940
-3103
-1137
1287
1527
-1843
2054
3251
-2327
-73
-2979
573
-2751
433
-42
1948
741
1671
-777
2811
1540
-2062
2089
2574
1920
250
1188
-1214
2098
566
-2287
15
-1368
2792
-949
-1712
2716
-1877
2789
-358
1372
853
2963
-3266
432
307
2176
27
419
-2298
1787
2161
-1755
-2072
2019
2203
2113
343
-474
-2870
-1698
1060
-764
-2187
-487
918
-1408
-2610
-2582
1082
65
380
1573
979
-451
-13
1791
-2495
1190
3028
-915
-270
1962
2629
2488
309
-2212
1795
689
-61
1150
-2313
-2616
-465
-2708
3118
2427
-1747
-647
-1748
-2930
-393
-1706
1605
1936
-1015
-2030
-1170
463
-798
107
-2415
-718
1868
1284
2913
-9
-2842
424
2944
-157
794
2036
-2121
54
3175
-1703
470
-1560
-735
1614
405
318
-940
-1008
2207
-217
536
-41
-1783
2522
2450
2941
-2629
-1024
-2869
-2767
2166
-1792
1909
-3174
-2269
903
-903
-2719
-1975
55
-730
3094
-2335
2896
17
1457
-3050
2464
-1034
315
1222
31
1633
-2865
397
-1947
-2733
1859
603
596
-3165
1086
385
-3084
-180
-2929
-457
2688
-2007
634
-363
144
-1895
709
-3226
-1649
-1546
-2829
-2416
-3085
1719
1512
595
302
-2081
1233
-3006
-3261
-2311
-124
-279
-1837
2351
-585
-3189
-1982
-2848
-1855
-257
614
-1068
2485
606
3079
-1711
-767
891
1582
-1837
-3058
-2738
2728
-2543
-1060
-1464
-113
-1741
-1663
-1939
2130
1663
-239
-1294
1605
3149
2498
2776
1455
-1395
2101
-1732
1670
1811
-808
551
953
-3198
260
1237
-1741
-3163
-213
3233
-234
-2197
1483
63
-2887
2770
-1076
459
3101
-2213
-157
27
-1296
-2047
2927
270
-441
2194
-1346
-1587
2217
-421
1603
3215
2498
-3055
722
-851
1188
-284
2620
-1621
-729
1587
-1723
-1143
-2095
-2415
1083
2266
2903
-2519
1660
-2475
-668
1331
-3154
-2999
2532
2430
1318
1087
-605
330
1665
-3079
1771
1662
930
293
1470
1397
-1946
-2348
-958
-2516
-3087
-2337
-735
-1872
-1369
2054
2248
3229
-2646
-1158
-2435
-816
2650
-394
-1714
-650
-82
-674
1676
333
1722
663
-3115
-3017
3144
-966
-2772
-1132
-2201
1829
1025
-1433
-1324
2061
-1030
965
2892
1781
1578
-523
-291
2831
1589
1479
2624
2011
14
2373
2245
-1723
-1575
-3151
2736
-1882
-2294
-2373
-305
2750
-2520
-1935
-831
50
-2904
-2965
1289
2311
2588
2105
869
-1340
1723
-1879
3212
-3233
-1585
-2634
1480
-2011
107
-376
-1864
3220
2695
-880
2416
2281
-866
-2489
-3244
-1047
-177
-752
-1380
-2432
-661
1717
1259
994
2546
1898
-1051
1283
-1032
826
2231
-749
-191
489
1044
1994
-2927
-853
3165
894
-3147
-128
2444
1208
-186
1351
532
1763
-2031
-192
-655
239
131
-325
-1588
-3202
-1590
-127
-1546
-269
2304
1722
1945
-1713
-3205
1394
-2602
-1938
544
-1730
860
2403
-2797
1787
1788
-713
-2176
-2446
1713
-2446
-67
-1816
-1167
476
66
-1656
-514
-334
691
-610
961
2170
-2251
598
994
-1610
-2772
-535
-1799
627
-1818
-2304
721
854
-2862
-1714
-255
-1535
725
2435
-2619
2362
-2910
-829
-2611
3149
2586
-3063
1039
-2613
1349
1136
794
1810
1516
1907
384
-528
212
-1846
2806
117
378
2259
-1434
-2941
-2988
2700
3112
-606
900
1166
598
1542
1913
2761
1781
-2287
-3261
1917
449
-1842
-1179
-2301
28
-1988
854
-1933
-1405
-1532
-341
1169
-1732
-2024
-904
-2804
-1023
-1248
151
-948
140
-1285
-1291
1423
2147
-133
-1228
-1298
-288
-1937
2126
18
-356
2450
486
3100
-868
-131
-2653
2823
-2469
-354
2038
-2307
638
431
1681
1364
-368
3168
1467
-76
-6
-1844
-2596
1997
1684
-2017
2857
1958
2196
-422
-645
1561
1435
2522
-23
-3034
-2787
973
1823
1313
-2578
2402
-2008
126
-2633
-1301
1474
699
-2548
-290
-1390
-2582
2794
-910
-2433
2245
2758
2035
1743
2861
962
1732
-950
194
-1249
2039
2297
2453
1023
1178
1931
-1675
3119
-781
3098
2646
1311
-1072
1037
2000
-509
1174
-847
1715
-516
333
-3248
-3133
1711
792
-2238
-2078
-2932
1490
1996
-2006
-2817
-2439
871
-2301
-973
2557
2091
-2334
2578
-1960
-1994
-2340
-3206
-1725
-1089
3180
-2420
-1633
112
1740
2023
-1670
773
1139
1270
356
-2631
1234
-58
1436
-1815
-460
-2753
-1583
2028
-538
420
2979
3172
-1065
-1049
-2079
3016
552
2010
802
2020
-2812
-2924
823
-1459
-3198
-3109
-1212
-1421
-2220
-511
-1524
1813
2311
1676
2733
3174
-2645
-1469
2216
1884
-693
-786
811
-127
605
2514
-225
3186
-2838
-1441
2885
-1836
-2993
957
-1293
-1667
3266
-1007
192
2027
2584
-2257
-1863
-567
2046
2036
2240
-2723
1723
2039
56
1823
2470
-91
559
-969
-2590
-2681
-1370
-498
2135
-1126
1016
128
-961
695
396
-984
905
2309
-101
-867
957
1477
1651
269
-438
27
-921
-3045
1750
1655
-811
774
2990
2766
1414
688
-1664
449
-1360
-1330
1015
-2452
2638
2707
-1899
1389
1798
-1209
645
1261
2915
-3061
227
2973
1764
-3214
3014
1478
-2855
1021
-2333
2210
-3037
-786
1515
509
282
3156
-783
580
1794
2639
-81
-1183
667
-2575
3039
-2663
-1565
1108
-1679
-3265
1277
-2478
1990
2924
627
2388
1140
898
2092
-2716
-452
1414
2763
-973
-1189
904
2407
963
108
2248
702
-674
-2197
-125
-526
1777
-2012
-571
1838
2906
-1599
1013
-1044
868
-2946
688
-1916
1559
-1319
-209
-736
1626
2115
-1800
-2514
1450
-1605
-1500
-1460
-433
-2172
-910
-3128
-3163
1421
-169
1323
408
-106
625
-1912
2050
2309
-1913
1305
1147
878
1730
3100
2892
-3076
1793
140
1476
-164
2573
-1193
-3210
2304
-660
-2492
1630
1255
-3199
-200
1725
2352
3154
-2440
1802
982
14
-2239
-2611
-666
353
-472
-1297
-530
2538
1898
98
904
-3015
1008
-2229
-343
870
2213
-1019
-3039
-3051
-1499
2691
1563
-2300
979
-647
1950
-444
-2154
-573
-690
-2970
-1178
-1149
-1518
-998
2145
2738
-1704
1921
-306
3175
1144
-713
-2638
-2389
-1648
-214
82
475
-2160
2562
1891
1326
-3067
-1776
1926
-975
846
2318
-1495
-2106
364
2683
1209
-1264
2513
-979
-1255
1781
1310
-1827
1942
-2680
-443
1986
1362
-2779
-1491
-871
-3138
166
393
-1948
1076
827
-2738
2498
-942
-2061
450
-1723
-363
5
1350
2857
871
2056
-1740
-2662
653
2343
2999
2988
592
137
2432
-1018
1320
-956
495
-720
-2864
2917
-2019
-1659
-3158
2328
-709
-1546
-1973
-2091
2600
1484
1606
-1081
1123
-1366
132
2919
2217
-533
919
-2253
-1601
2442
2115
53
-1871
457
1538
-658
-1985
1597
-2716
-1548
-1500
-515
-2838
-2496
-3226
-2580
-2060
1828
-2442
-2829
-468
-3160
-950
-1615
-1213
2395
1388
-203
-553
3186
2747
397
2207
-1865
1963
545
-2966
1949
-3080
-1630
-1325
-397
-1301
-2798
160
-3276
2481
1291
-284
-2075
-1838
1448
76
-1375
-3041
-127
2422
2640
1198
135
489
1204
-2352
991
-2127
1116
1212
-338
-981
2415
-3032
-2368
896
-497
2122
409
-616
2695
1569
3060
-2553
1312
-200
2487
-2708
-1721
-286
-2281
188
-1906
1362
-2198
2662
-2979
3190
-1977
1624
447
-1121
3058
-882
20
-2300
-819
2475
1878
1688
-2141
-333
-286
-1193
-381
1355
2292
1487
1712
-3137
-2279
-851
1501
3256
3158
1060
2651
516
1362
691
-2569
-19
-560
-1583
-1311
-126
2292
196
85
1655
2674
-519
1290
-2090
-1558
2211
751
-2942
-441
-2150
2572
-1703
693
-377
1070
404
-313
474
-3181
2758
2039
1506
3103
381
2202
-2971
2061
-2587
-2480
2034
-2092
-513
2363
-157
-2391
1952
-1782
1354
-2015
2900
-1759
-672
2986
-575
-2310
-1240
350
2677
-1412
3031
-489
-120
-1961
3215
-1599
-3226
-1901
-1901
-1883
3107
3013
1361
-1881
-3132
-2339
1487
226
1598
1259
2176
3271
-2258
1866
-945
506
2189
2697
-1396
-870
610
-1406
2113
-2312
-645
-499
-1286
-247
2776
-1410
2295
-1601
2610
1313
837
219
-1714
2621
-1319
1365
2157
565
-2288
-1160
-513
1255
-274
-446
575
2698
907
1035
447
2114
-727
-1741
-1510
442
1119
1111
-460
1719
-234
10
-2452
-2194
1991
2091
1527
-1189
2585
-1179
-1030
755
2829
1310
692
2687
873
-472
-167
-111
-3245
-2276
2758
3273
-2927
2143
775
967
-126
1855
-2951
1784
-358
2868
2187
1052
-624
-1883
1750
-1446
-2412
-2967
2152
735
-2286
1365
2684
-1956
-1314
-1869
-3003
2157
2398
-2292
1942
1524
983
-1710
-1918
1649
-394
1624
1253
628
-1663
-3003
-2662
895
1680
-2922
1669
1994
2125
2322
2507
2111
3218
-972
-1877
48
1245
-391
-2334
-369
294
-1654
-3239
-424
3215
-2377
3177
2339
1598
2927
1824
3122
-2979
3016
2301
-1365
-2642
1822
-2122
-2486
-1032
-502
855
1686
3270
-811
224
-1252
1731
-1305
1829
-848
-1800
-3097
288
-703
-1373
-1530
-2727
-2926
-1974
-326
2207
-3020
-3032
-799
2028
-2030
-395
-3056
1724
-2882
489
261
83
-1355
-2820
-778
-2305
-2712
33
866
462
-475
1236
1699
-2684
1681
720
2950
-3251
-626
1378
-372
980
-2553
-1681
584
691
1436
1041
2886
-416
-3251
2378
243
1573
2420
-485
-2232
-1927
-174
745
1097
-2864
1721
-87
-1010
2159
1406
-1641
2868
-357
-1511
-2842
-174
2111
-506
-1212
879
-514
2241
-2576
-724
2723
471
-632
2046
1760
2982
644
-2345
1273
-1445
2830
-2885
-525
-1596
571
2205
-2369
-81
-2117
-1855
-2825
1218
1982
-973
-2555
937
570
2864
-816
7
-1730
-2281
1489
2885
-306
-1864
1304
14
1120
1637
-2500
878
-2580
2452
1876
-540
-2556
481
-433
3189
-998
339
-765
-2183
-2395
367
-2552
-383
-2094
2232
2035
-2152
3080
2607
1341
-689
575
1663
435
-2678
2790
-1182
-2214
-1294
-1536
735
3046
106
-2346
-2710
-2397
1239
-1583
-69
-19
1973
272
-1325
-2287
228
-949
-801
899
2083
402
2901
-2819
1642
-1918
-2488
-995
700
-2840
1308
-229
932
-2752
1406
377
-2572
328
2241
-2749
-3153
-367
-1471
-2101
2217
2494
654
-2216
-3174
662
361
2656
1680
-2510
2628
941
-3218
-238
647
-376
-2181
1275
2376
-60
-1282
-383
-69
445
2249
297
2963
3130
265
-2236
-770
-1745
2542
-9
-3100
1380
-1570
-1125
-2845
-1069
1795
-811
-2328
3222
-416
2854
-454
-1909
1306
1534
658
2402
2382
2954
-2548
-1220
495
-2003
-1667
-531
-904
-933
2449
-2320
-1883
-326
2040
1130
3172
2191
613
1345
-356
934
1112
-1284
-1747
642
1588
-827
-3207
-846
-754
1747
2868
-1487
355
-3190
331
3115
940
-899
-2550
474
-2765
2398
-326
2996
-644
-663
2660
2134
1167
2610
-3080
289
-1854
564
306
944
3144
-1812
452
-1918
-2355
134
389
-1669
-2081
3162
-1399
-2728
941
208
-2953
491
133
2684
2244
1340
2345
655
2071
1681
1032
-305
-827
-1653
-2174
1871
3044
251
-919
-130
137
2865
-2408
-3130
-2462
-2995
-2876
605
-9
2436
-2016
954
-766
-199
1724
-54
1772
1122
-81
2039
-1565
-2338
-2106
1480
-1729
1553
3096
-1361
1668
-2581
2760
-1927
2165
-540
2392
-2101
-692
-3125
2693
1066
-966
1349
-1349
-1457
1291
-3064
-2634
-267
2802
1261
1011
2487
-685
2809
854
-491
-2390
1795
3228
-2429
3107
1033
202
-387
-2955
-3247
-2712
1164
1074
-8
495
1874
2449
93
462
1611
1823
-3030
1180
314
-2158
573
696
2363
-127
129
-1105
-3252
-2486
977
1835
-759
-2999
1751
-2970
-2182
-2271
1449
2428
1171
-3043
1566
-1098
-1342
2009
-2458
535
-437
-510
-2214
-578
-554
769
-1112
-1768
-1905
-1280
-938
-2516
-1974
1734
3173
441
2185
-1478
-806
-420
1991
-1343
2044
1288
-2635
-2619
-828
564
2785
2321
1767
-1645
725
499
-1425
2676
2246
-405
-2939
-1747
1311
-2657
2642
-2934
-1875
-483
2053
2029
2100
2857
-636
-2268
2293
-227
-1962
-3205
2579
625
56
2366
573
233
359
-2913
2476
-1802
-1253
-639
3100
1330
-2267
870
-186
2838
408
1634
-2231
1884
-2250
608
-2399
2823
2378
-1882
1414
-2553
-136
-763
93
920
155
-2223
-1784
-1643
-57
-1002
-1352
-801
-478
-2224
-2062
2246
1911
1100
-2870
-2810
1303
2862
-1511
748
-724
-1009
3109
2039
-3164
2345
806
-1118
-1391
641
994
196
2808
2506
147
-898
2393
1835
3207
-3219
2855
1800
-32
-2574
-3261
2948
1208
-917
3144
1922
1912
2414
2565
547
-1345
2856
-22
2147
-12
725
717
-2207
1886
1395
-1048
904
-294
-967
515
1176
-2385
-2968
-121
2804
-3123
-2299
1099
-2985
-1766
-474
-1552
-1454
803
2192
470
-2728
-1057
1849
-60
536
-1529
-400
-2581
3076
664
990
2801
142
961
2884
-966
2668
-2460
-1634
1831
1901
-1223
95
821
336
-1405
-2839
-2030
2148
3108
185
2835
832
-366
-206
-2889
912
-2318
2809
-3155
2459
-1791
-910
2309
910
2574
-326
2802
506
1638
487
2828
773
-2198
-1403
-2759
916
982
-1925
-792
2398
-1124
-210
-2565
1981
-1304
2385
2630
809
-2226
2490
808
-2473
3101
-2169
-3187
-1488
-1966
-859
2804
-2084
-2588
-1546
773
-1773
2711
-2235
3070
-1818
2252
3226
-1182
157
2998
-2684
870
1647
3017
2646
2325
-452
1603
-1138
2827
-2951
-3223
689
1387
2535
-1766
-2273
-1288
-1051
1984
2557
948
-2439
-606
957
-3213
-893
-638
-261
-2527
1265
867
2097
3075
-1173
2323
-2581
99
2811
2296
-3042
210
2574
-308
-2977
-2645
-737
-1346
2850
735
1122
-1758
3100
981
-2950
407
-1218
1178
123
2449
-2278
-2146
115
2396
2006
2855
-1036
1652
-3080
915
2005
-122
113
1051
-1826
-869
-134
1882
-3193
362
263
-1034
1778
459
1075
739
2044
35
-2296
2118
-2218
-1521
1418
-2854
1071
1864
384
1819
-1376
-399
-2375
-1725
1808
-1240
-2826
-3159
-1372
293
2179
-2632
1927
-1611
-1550
2490
-1171
-1326
-3157
-2136
2761
-1528
3250
-1925
-1704
-1012
1059
-1753
-175
225
-234
-271
2339
2369
2336
3123
1745
-2649
-1846
-224
939
559
2695
-1037
863
3203
1992
-532
1039
1763
-1353
352
1237
890
943
-39
511
1401
-2349
1994
1403
-1552
-761
2675
1965
-482
2049
2065
-2211
2611
-2451
-935
-802
-1886
674
-742
1372
-1734
1233
-682
-1609
221
-1751
-288
736
-366
312
-290
-3116
2490
1361
-1844
-2954
-2548
1871
1300
1328
-3159
2822
-1717
-922
3219
295
-822
-2753
2678
-1756
2182
2846
-2979
-3190
1085
-517
-3226
1387
-3144
690
231
-1073
-1088
720
252
374
1918
2988
-2464
1933
2292
337
2265
-476
745
2717
2978
-741
-3019
-695
2748
3242
737
2169
2462
2200
2165
-2769
2677
-421
1971
2159
1151
426
2722
2189
2740
-2462
-1697
2997
2101
2329
2169
-919
1931
1996
-3178
2405
-2931
375
1962
2284
3042
-2813
734
1067
2791
-1918
-2582
-772
-1101
-744
-815
-648
-2976
-2405
-2894
1371
-1501
682
131
735
1725
-3028
1485
2458
732
-235
-3008
670
-315
-2434
145
-2826
1160
2883
1265
-628
-609
-2369
2909
-2519
1054
2298
-2281
429
-633
-185
-2159
-562
-643
2252
1842
-732
1465
279
2134
-2240
-2167
-1042
2165
859
2031
592
1023
-54
-1672
-1439
1202
-2790
-1671
-835
459
-1775
-2382
1811
-3153
104
-1534
1797
104
972
-2246
-2382
-316
222
2166
2967
3044
-1580
2188
-2597
-2832
3024
-799
-2895
1135
-2785
879
2930
2197
2347
-3170
2161
-525
2215
686
-739
-8
1258
-3194
-1379
1418
912
-1651
-2401
-1664
-3
-226
-2570
823
-1297
2195
1933
-708
-2380
1112
-1075
2189
-1105
-1392
2835
2236
51
1488
-9
3163
-3098
1658
2452
410
-1540
2266
-3197
-2718
2468
-668
101
-2947
-1875
1163
-2831
-271
3060
2372
-3026
-1603
2990
-141
-827
-675
1846
598
-1619
-2121
-3115
2542
1903
-19
-3086
-2308
-886
-197
2033
2254
2015
-4
-980
2680
2857
770
1085
1531
-2495
1709
-80
-1455
339
3179
2471
1124
-1096
-518
-1286
25
-2773
2992
444
1645
201
625
-1111
-1205
742
3060
2073
-1681
-1295
314
2481
2699
508
-609
325
1666
-1692
-331
-2835
-2908
-430
-2817
3079
-1044
887
1197
990
1233
-2861
-2936
-2962
1303
-2038
2212
1738
2951
1542
-1511
2314
1362
-3218
-1569
2890
117
1636
-525
-763
1501
2708
-2377
-2094
2142
615
3008
2485
-1248
-146
1933
-1012
-1962
214
-297
-2758
-2561
-1081
978
2972
-2468
-98
3020
2051
-1390
-1675
2073
-2179
-109
714
-3193
2202
1408
2535
-3141
2843
-3059
2779
3041
-1909
2542
2857
2455
-1364
2117
1848
-1944
-846
93
-134
-1188
-877
-1877
32
-979
671
60
2028
-1857
-1528
2588
-1406
-3101
-1127
2315
1833
847
-3097
-2725
-3134
-369
499
-3129
-692
-1236
2048
221
-417
-1357
426
1498
-1142
2321
246
719
-2721
-1798
-2337
-1381
-1632
-814
-1818
-726
-2397
2493
-3252
3025
-488
-676
-2017
2659
-551
-1076
-2840
669
3230
2184
-1121
-114
1071
651
1700
-676
1076
829
1645
-3251
-440
-408
379
393
-11
-2110
-1333
-1963
-1402
837
1315
1849
328
776
-2402
3177
-3223
150
-438
-1735
-2668
-1793
-1294
-2017
2946
2437
-1072
-2953
-1964
-1681
-3226
-3012
-2433
-316
-1677
1242
-1583
281
-3068
-679
-468
2084
609
3020
613
785
2714
-224
3007
-2701
-925
387
1554
814
-741
-997
2499
1617
1776
-184
926
690
565
-759
3049
500
-392
-2680
1538
1417
-2510
-621
-1718
1289
-2478
-61
-1192
748
759
833
-3263
-1268
2529
-2363
-2386
-627
-1834
3168
1511
46
3174
2409
-2737
3028
-2920
1931
-1884
-3110
455
614
-594
1072
1179
2177
1397
2595
-872
14
-452
-2066
-3200
-1961
2871
2065
2644
3236
1105
3151
-934
1977
-74
-2492
-157
-661
-1016
2739
-937
445
-1681
513
-323
-3050
-2664
-483
-2671
-1230
-1470
1841
2534
-686
2395
2229
45
1938
1864
-1197
3138
-2293
-2833
-2774
-1822
1286
782
-3205
1155
-1338
-1938
-515
2292
-724
2940
-2133
-47
752
-2784
1464
-555
-22
-1438
-1489
96
-1093
-1898
2417
-3109
2965
-1341
-541
2968
466
-2569
2249
2754
766
-2591
2888
-1103
-2571
1496
-993
-296
2325
1976
-3014
-319
1409
-1315
-2937
559
-1114
2531
1364
-228
495
637
1337
-5
-438
3020
3275
-1937
2093
801
-3017
494
-2582
-1691
474
2685
3191
-2372
-3178
1660
76
1452
2253
1284
-1441
2577
3217
-1435
-1362
2232
-2540
-2954
3066
-1836
615
-2287
-3221
-1626
2775
2809
-1970
744
1359
-166
-1913
-1941
413
2450
1797
-460
-733
-2362
2083
-226
636
-2873
3124
3192
-1970
1186
2198
2850
2575
-800
2927
2140
-2996
-1836
24
-260
-1162
1645
1776
1425
529
655
2004
2578
1015
-1762
662
1287
-2347
-883
1898
2412
-2369
336
-138
-2977
-1559
-2531
-3233
-1087
1172
2136
145
1282
-3276
994
2185
-2662
2448
1880
-1261
-347
922
707
-2250
-2431
-5
1749
658
583
-2720
304
293
3169
-1551
36
-3238
-470
-366
2905
-690
3230
2561
2428
-604
-1864
114
874
-1103
2552
83
2871
2283
2096
-2050
-789
-1923
-768
-3136
-268
3213
945
-2014
-298
1051
-2850
-685
-1914
-2316
1612
1437
1882
-1623
123
3219
-2095
1860
1896
621
-539
-2069
-2360
1779
2606
-1310
-2998
-3169
2276
-556
-1587
522
-1340
296
-430
-207
2546
840
2873
1624
3268
-269
705
-183
2534
141
-2036
-1456
-2117
-1956
-1203
1077
-2788
-1863
-1543
-1065
1181
1533
-2661
-3258
2791
-2366
1434
1387
-1939
1107
-2123
-1201
877
-2828
1108
-2972
2360
-373
1177
-2243
1478
1286
2590
2906
-197
2409
-471
1711
-603
-1223
794
-657
212
701
-833
-309
-446
2444
-3076
1080
-3105
-1689
95
813
-2376
2305
1118
-822
1806
-3125
-1759
2693
1997
2997
1141
2224
-2317
-2198
1868
-3263
-803
-2076
-420
262
1894
522
-1523
1411
2895
-1273
-3134
2501
-3040
-145
2497
-2321
608
1798
-608
2053
-3251
-1158
1063
-621
1500
1602
-2455
-921
1869
363
2249
1360
341
-2604
-580
-1146
-147
2608
804
611
2362
-2931
-2215
-728
-751
486
555
-2615
-479
2675
2969
2296
460
-471
-1500
459
3222
976
-1325
-68
-2219
1543
-2026
-1874
-3063
833
-3215
2423
2221
2288
-2374
2324
-2880
3187
-24
1863
-1809
-3241
-458
-3040
-130
1081
-957
-1518
1920
-1739
2083
1717
311
393
-2701
-1023
306
2926
-2323
-1323
-2520
2289
815
-2665
-2256
1749
2998
-58
3085
-1882
-790
-2064
369
1189
2722
-2847
-2336
2520
2316
954
-1849
-2292
666
2981
1775
2865
-2305
-2840
-16
-604
-1964
2645
-1410
-1133
1904
-262
2487
113
-1579
123
-1592
-982
1939
-748
-2168
-3178
110
457
1078
-1005
-302
-354
-2112
-1622
668
442
2756
-423
68
588
1855
-1041
209
-2657
-3210
3237
428
-3123
2268
752
2536
2804
-901
-25
-1632
-1828
-1314
-2009
-3194
2626
2623
3135
-766
-1798
2315
-2731
-3210
-29
1900
143
-2959
31
665
2896
515
-2630
-1813
-2089
-1782
-183
-2474
-2472
1454
-2057
1071
-432
3006
2407
-2545
2902
-2750
668
1105
869
2773
-1336
1472
-838
39
-3195
477
1531
442
2336
1083
-1948
-1306
638
-757
-714
1869
-1907
-761
-1562
-1566
2867
1786
2676
-504
-134
-1490
3211
2767
-1734
-660
-1759
2828
2315
3053
-2670
1159
-257
-1138
-1687
-2050
-952
-1272
2150
-445
221
-1106
1154
263
2453
498
-2614
-1761
-1221
2484
-2970
1129
53
1764
-465
-1795
-2872
2256
-1944
-3202
-667
1002
890
-68
282
-1386
-142
824
2881
232
3065
1835
2542
-556
1529
2253
1036
1713
-427
-2923
-1866
-3165
-3064
-1979
838
508
-680
1036
-959
-1854
-2308
-3230
1256
1336
-1464
1844
1351
-3073
2566
-3015
-3221
2523
-3273
-1566
1119
-2421
1848
2007
-169
2753
-1862
-2206
-1095
1763
2131
-2979
1100
110
659
-1957
-2781
-2498
3021
1450
-1948
-2846
-2672
132
-1833
-2101
855
-2144
-175
-1318
-1658
2679
980
-753
-2297
138
-2689
2399
208
1827
1762
3007
-2643
-1146
-2489
-1635
253
-3263
-24
2568
-599
-408
576
-1641
-1980
630
-615
-3038
-2589
-1160
361
-1613
1502
-1219
-1845
2416
-1273
31
-1809
-1862
1805
1145
338
-2138
-1106
1681
-2524
-1132
1118
1016
-3245
-212
1203
-1413
751
-871
121
-779
2837
1769
-1485
1309
1381
2105
-1360
2817
2511
294
-526
798
-43
-1497
126
216
-2435
-837
-3249
-849
-557
805
1915
2935
1783
50
697
3067
-1592
-2518
-1215
-970
2748
2101
1420
1079
-3245
2826
619
-944
782
-2939
-79
-3205
-2956
3057
2069
-2377
-2273
2565
1014
749
-3001
2344
1011
-2366
-3262
-2725
2125
-1053
2924
420
1501
2218
1654
-2167
-2621
-963
1076
136
2663
-2405
2762
317
369
-319
108
2237
1949
-486
-1221
-2323
1697
2144
255
2580
2953
1716
-979
-2000
-2960
-499
2865
1862
2060
1425
-1192
-1509
689
452
2266
-645
699
2495
1005
249
650
2026
2662
1786
86
-1892
-2328
2498
1046
-2390
2043
-3111
3265
2168
122
-675
699
2824
1562
-2861
2699
-1552
-408
859
-2077
1087
-896
2030
-1673
-3060
290
-1257
2419
-1940
-1329
-2101
-1682
2787
-2464
-2807
-1510
-2009
-2938
2710
1100
-291
-997
2859
2195
-3210
2108
-150
562
2272
-1109
2672
1515
-2271
2494
2567
1359
-2782
888
523
525
2372
-2680
2236
-546
-2806
-2942
1615
206
-443
-1734
-326
-3275
3110
2982
1093
-1165
-304
3021
2841
-1783
2639
1156
833
2244
-391
1709
1689
414
-2661
-1511
3182
-1691
1167
-1868
-2910
-3193
1223
-118
-2506
-864
-2274
2019
-99
-510
52
1198
2193
-2910
449
3214
-675
-338
5
767
-1711
-704
-2968
-1753
-2104
638
-667
-460
-312
52
-1964
-2555
-858
1753
-823
1118
594
-273
-3266
2590
-1486
210
1529
-532
-1888
-3221
3248
3002
2980
-2362
2976
1359
-337
-1092
-670
1000
-624
1005
-2570
-1845
-2988
1536
-2301
-528
1928
2712
-1873
-1165
-641
-712
515
-1568
902
-2553
-2876
1345
-739
1570
-1964
2301
-1962
308
-1637
878
-2430
2121
-1974
-2330
1878
489
-1108
-62
2780
2432
-2842
2141
2481
-2248
-1685
-1847
-1564
-1917
2630
-139
1841
1448
-2898
-2128
-651
2521
1347
-2155
-3265
302
-3192
824
3170
-2738
-3223
-3264
-906
-2132
-1188
-1596
2543
2075
2923
1139
-2244
832
-434
2846
802
-1849
-399
2156
-128
-1216
1910
2276
-3184
-867
84
2866
-785
-1784
2226
1526
-2611
-2784
648
2691
-72
1652
390
-3134
223
2185
751
1784
-1736
-3128
2080
1757
-119
-2565
-1993
2076
-3025
-2048
1673
1032
-995
-641
-1202
-34
-1871
-420
-614
-2734
-2171
2127
582
3155
-1829
1390
284
-2298
-3090
-1710
401
-251
-1066
3012
334
1503
-317
-2567
-2411
2340
-841
-997
1032
-247
2241
1391
-2055
2630
-125
1189
-796
408
-1287
3136
737
-59
-1673
-1749
1501
3154
-1950
278
-2055
441
-3119
667
-2404
-2943
-619
2066
-1180
-1404
-1081
-1557
-2776
-2581
-2541
1662
367
-2114
-2724
1500
-574
-303
2784
-2675
-743
-2572
489
2801
-1197
-935
-1208
-207
3238
1440
-149
-235
2173
1067
2315
-2905
2635
-1204
-295
2917
-617
2874
-3124
-1305
724
-3094
-1491
-1564
2404
-264
1605
-203
2927
-1746
-945
1942
-2178
1870
2985
-822
2734
1550
2873
-260
808
-3061
-852
3175
-1469
2735
537
-2355
406
2612
2739
67
3075
-2508
-538
3224
-121
856
-543
2975
-3147
2181
-3258
-3256
1650
2621
632
464
2541
2661
2977
1913
-2434
-1866
-646
-968
-1747
150
-1181
-1245
-2761
235
-2582
3127
-864
-835
-2639
620
-1964
1400
-1508
-43
472
1320
1561
-1500
-1575
-1633
-192
496
2910
278
1659
819
1229
-2324
-2281
-2962
-2520
1173
-2231
755
-1019
973
-1059
2475
-2272
-3157
-1671
1949
876
2457
1416
802
1001
2777
-1486
2299
-1195
1710
-1484
-91
-2485
1076
1069
-1276
-3004
-2088
-2573
-2004
-1531
2488
-1782
-335
186
-2086
525
-1763
2522
-3163
216
-2131
2854
2605
-2756
-839
-1012
-2974
2717
701
794
-1945
2744
2413
1113
-1975
-1799
513
178
650
1253
-1776
1971
1510
-2588
3265
-1308
2648
3146
-1646
2076
1705
1265
1979
233
2766
2664
2410
1413
1878
-1705
1201
-144
-275
-2928
2728
-2010
-3251
-1989
2078
1610
-1428
2422
-2912
534
-2063
1661
3134
1189
2367
-2519
2882
1442
-1960
-451
70
-1432
-1335
-1752
490
2893
-2021
-1579
-140
1527
-1873
2542
-536
-316
-3182
-2238
-314
1397
2427
641
-1762
1212
3034
-230
347
911
-2299
1496
340
1346
-428
-1477
-1238
-2782
-1075
235
347
-2719
-3092
-1657
-819
961
-3031
-3089
2095
-2196
2401
-3145
-2557
-387
-1778
396
905
-2912
1145
2555
-2336
973
-1220
19
156
1641
2698
-831
-2361
-2676
-1987
-1294
-852
-2189
-2782
2369
1624
-2959
2281
3197
-510
683
667
-823
1330
2258
778
1794
-2950
-891
2108
793
121
-2882
-2357
-937
-1741
-1574
549
-2662
570
-1152
2372
-2583
-1782
-1685
1217
2592
-1993
1266
-1393
2898
-126
1851
-3240
1541
-1745
-1782
-2776
-1039
967
568
1074
-2592
1463
-1279
535
-1889
-148
194
-1032
-2966
-713
-2332
672
-3258
443
2693
1966
-1309
-846
-225
-183
755
-1372
-86
-2290
1726
-1684
-285
1177
-1952
-2205
-2965
2510
-2483
1014
-1623
-1195
-2986
1749
2198
-1232
2109
-167
3076
2934
2220
1304
1072
211
526
-1878
-1317
2235
1908
-1030
1039
19
2342
1934
-3203
-190
-3049
-389
-1034
-2351
5
256
2431
-2028
1036
-1634
1904
-2879
1948
1831
-1765
-87
-3180
2212
-824
556
853
627
-1029
-2322
3131
-776
507
2696
-3147
951
-450
-2861
-3038
1184
-404
2397
-2892
-3235
-2912
-10
-1220
602
2355
-176
505
-526
976
2290
2551
-670
806
396
2288
-75
1705
2481
455
-115
-210
-1565
1834
-706
-2433
-2052
-1759
-1215
644
-498
257
2380
-1159
1824
-231
-941
-836
1236
-1444
-2528
2688
429
1170
2376
1333
-1749
-2550
-1571
-745
-2131
2397
-3042
1874
-3094
-564
2600
-602
-1408
297
976
643
-1952
-1181
-804
-2583
2584
2311
574
1191
-1750
-2529
-1041
-2933
1710
2310
955
-744
1821
3059
-2865
-1447
-568
2702
-1037
-1802
-699
2363
2605
964
-169
-3
-1228
989
-2301
-49
758
-2463
-90
1267
560
-2942
-2283
-540
-1822
-1423
1527
2390
-318
-580
-664
308
-1505
1529
1700
-293
-2631
980
-402
928
-280
-2197
-1560
2175
3228
-3141
948
3157
-1321
-1429
1138
-533
3133
1234
-2801
59
-61
3191
-1434
-1936
1736
-2881
-853
-1814
1989
696
-1499
2735
1480
-2112
228
-305
543
-374
-1248
-2031
-204
724
321
2963
927
-2709
-1261
-98
-878
-2849
3082
2837
38
-2756
2348
413
-2460
-2094
830
-701
911
-1604
701
-2057
17
1975
-1710
-578
2952
-678
-2175
238
3081
1618
879
2075
-864
714
-3106
2299
-317
1604
274
-2060
-1662
360
1714
-2477
-510
-1994
-3032
3062
2871
242
-3061
887
1694
-2210
-2430
-988
-3050
-2986
1853
2930
1486
3027
-1963
-1314
-365
-1179
498
-2236
-506
-2558
-3206
-1374
692
2170
2309
581
-2854
2235
-1527
947
233
1560
1976
-1415
1728
2453
2618
12
-343
-1495
1632
1714
-709
1187
2439
735
2363
57
-2076
-513
-5
1823
-412
254
1272
-1638
-609
-2556
-2723
122
-107
1932
2621
-1796
-2080
-1786
430
-1250
-1260
2097
-2562
-2872
679
-1542
452
-2352
1317
-1629
2293
-1413
-2044
-1323
-1517
1315
2331
375
3024
2176
-2185
2041
-2334
737
2384
646
-1473
978
-2929
2246
-766
2488
170
-374
-536
-2300
-79
729
2753
-1857
2211
-1354
264
555
-1713
621
-148
667
473
-2176
-803
457
-79
701
-370
2029
2015
270
-138
-2359
-1374
-3036
1362
3271
3249
1496
2577
-2857
2547
928
132
-1203
939
-1445
-1919
-2521
-2497
-3223
1974
535
-3072
680
-2356
-1293
1326
-2172
448
-1601
3160
-2464
870
3047
2967
-2873
-2842
1781
-830
-1013
-104
-2560
2323
2799
654
1227
-2229
2418
-817
-2898
-302
-1570
1679
2594
-2733
3015
1822
-1879
1911
-723
-947
1954
1663
1670
1965
1613
976
-1269
-1830
2842
863
-1817
-2001
-2525
-1980
-2398
756
1436
329
-16
2435
569
875
119
-2610
-3275
-394
1242
205
1078
1904
275
-723
1599
-367
-2549
-2970
1962
2858
-1377
2914
815
1427
707
-136
-1578
132
-2657
3010
2412
1190
-2590
-1177
1406
-2432
-1017
-636
-1083
-326
-2236
1514
-3237
2581
-1917
516
-809
2858
1475
-1834
1666
-2589
786
-507
-2083
-684
2537
1334
-989
-2924
-2338
-2508
-1434
1551
1431
-1569
-1032
788
2521
1035
-706
434
1476
415
2899
-74
2426
-200
-314
1125
2007
-1960
2237
571
2106
-1264
-1764
1180
135
-65
-2019
1937
-1880
-498
-2070
-1298
247
2260
-2143
380
-2212
2854
-2770
-962
-300
-1047
-1703
2123
2918
-1581
-408
-2758
-1995
1555
-711
-213
-786
-1216
-295
1653
1262
-403
-2488
-497
3013
-3204
2298
2712
-1144
1384
1519
-2644
-1616
-121
-3120
3198
2110
346
-1694
-1191
2985
-3130
-2731
-2424
22
1820
-1677
-400
-343
2369
2625
2975
-2986
-598
-2309
1153
1571
-455
77
2377
2796
-3214
-2835
-571
-1484
-3038
-577
-2763
2323
218
-104
-1309
1534
1398
-924
-2778
2584
-291
-1724
-1384
2405
3211
-415
2785
-2893
-1522
-797
-2372
-345
3147
1741
-477
714
-1611
435
-415
-2782
874
1159
-131
-1564
1337
1665
2562
-2871
-2531
-3060
-2487
829
3057
1552
-2447
2674
606
2065
-2012
-1639
-2841
2928
-2854
-115
2066
127
-1401
-1588
2778
-1085
280
2622
1864
1168
2905
-2907
780
-3044
-1942
-2478
-1162
2605
-835
984
-801
2156
-2679
434
646
982
-1446
2740
2742
-27
1642
-767
-555
-255
105
-1757
-2575
-250
-1264
2005
1285
-1535
-657
939
1851
1947
-1285
2810
332
-2516
1908
-1185
-626
-918
1523
1561
-761
684
1122
2576
567
-1784
2469
-2807
2217
-1398
-547
1109
-1555
2219
736
1274
-1394
1586
1575
2369
2268
-95
-1230
-2402
-2963
-2508
2773
-1672
3269
-2919
-2905
-1654
-292
-49
-2088
3118
-987
-1648
1952
-1639
-1489
2490
3251
-2608
-1050
-1108
-2101
-749
1663
-665
2021
1853
1018
-1285
-3048
2520
-2456
3019
-23
-2515
-1855
2624
-216
116
-2334
343
-3191
-3192
1512
-862
2549
-3229
2526
-2685
-774
2924
2731
746
2121
625
563
1352
122
-1887
-3207
-2468
-3226
1205
-556
2239
-3036
576
-1404
761
1178
-830
-2279
-590
-1039
-1513
-3031
-511
-1941
-2034
635
1834
1705
-2841
57
-2395
1595
-422
-1789
-710
1264
-2175
-2480
-3115
103
-543
1156
-796
1045
1586
-344
-540
232
2396
-1529
2395
426
908
510
-2443
1570
-463
-269
-14
-2017
582
2651
-917
-1328
2559
2670
-1664
1019
-2679
342
-827
-2854
-704
699
-1236
-2806
934
1229
-2252
-1633
-3155
956
-2479
1219
130
1285
-2704
-1696
1776
-2907
-2873
-829
-3095
1776
-840
288
-2185
950
1393
-1709
906
-2894
2443
772
-2879
2686
-2638
-2210
-940
2609
-16
-3267
1588
-261
-3116
412
-444
1360
20
-3144
1172
1148
-2082
-484
2284
-3046
226
53
-287
2892
-314
631
1466
502
2522
-1963
-2948
2068
-2763
616
3206
-2090
-2280
-1697
-1056
-2491
435
643
-1001
2628
2409
-2709
2271
2392
2202
734
-725
1837
3221
-1964
-2947
2850
1448
3002
-237
1838
-1348
1714
2179
-3158
-2517
-2674
2070
2114
1501
-2117
-2365
-2098
-3043
-1632
-2049
-1138
-3031
-229
1637
-2544
-1140
1024
-429
232
-642
-2665
2108
2910
-2849
-2522
-1742
2346
-669
-2935
-340
-2611
787
-3046
2381
1571
-2764
204
2604
2105
1446
2133
1753
-1915
-2013
2147
-1902
2905
-1145
1888
-3149
2514
-1745
3102
-375
-1073
-2223
-2941
2456
1126
-1260
2726
1316
1425
42
2198
-1032
-2270
3252
-355
1106
-3139
2496
-1084
2012
1951
601
1012
2932
-2814
1449
-1538
2464
2872
-1837
999
2303
116
-615
-2200
587
1337
-2118
1748
-324
3186
-2482
433
1813
1160
-1427
878
1859
-2662
-2315
-2834
2753
-2729
2550
1024
921
511
1039
-2932
482
-1629
-1106
-1277
343
3115
3069
-1610
-2893
-556
-2630
-2944
1130
-955
-2708
394
-474
154
-2598
-1574
-2901
-2719
-723
1641
1598
2007
-2452
1769
-2104
538
1407
-2733
-2088
-857
1889
-1368
-647
-2928
2006
3050
2275
-3242
1328
3080
2411
1448
1638
1030
1684
-2181
2012
-2933
-952
1834
761
-3006
-1472
2187
1225
2581
1565
2410
-1238
-602
1848
1188
696
739
-2019
2543
1480
-525
-893
1527
3246
1247
87
2208
1056
2913
2824
1469
3134
778
-1303
-2799
2568
-1725
-1897
-827
2621
-3010
-2941
-1565
-2975
-3146
-1401
-917
-1695
320
-906
-1566
-2513
1961
704
3024
1820
2131
1570
-1192
-2381
-2988
-1409
2605
2451
-1500
-2830
-4
247
-2859
3060
2061
744
-159
-3212
2387
-1380
687
-2146
1777
336
1589
3163
1727
-1273
-2468
-2300
1069
-1043
-3227
3000
2990
561
1542
-1228
-3103
-259
-713
2454
2684
53
-625
1985
3192
993
-2341
-823
-3245
-1196
-2965
-2501
-2618
3197
2965
1825
-775
-1105
2556
-1505
2689
-733
-1040
-1845
2605
-2591
-2808
777
-2271
-3099
1687
-1988
2450
-1669
-3128
-1551
1785
-870
1865
-331
