-1458
-1314
-704
3187
667
2699
408
-146
456
-1327
1237
3238
-1643
-77
-2610
1596
-1448
-1024
-2028
-1798
-507
2915
314
1482
2658
-2113
-2819
-3026
-2288
2843
-483
-1388
-821
-2409
296
-2351
-1525
1556
-1788
568
2744
-555
2730
-1874
2814
2918
-2557
-1685
-831
1055
1581
-3052
1955
1137
2918
-2804
1373
-706
-2949
2052
-2811
189
-827
2899
-1394
-135
-1453
129
-290
1455
2035
2594
-2558
-1789
2635
-966
2118
2052
1353
-754
145
-720
47
796
728
-812
692
-2760
-366
-1170
2190
201
-1140
3217
2448
1952
227
253
3060
-353
852
2327
-463
3088
1861
-2152
-1044
-2941
-1511
955
2857
234
-1465
366
3018
133
-2467
138
-470
2997
3182
2621
2399
-2897
3047
-491
-2097
2420
-2243
3173
3012
-1713
-3119
-2506
-2186
-319
-2439
-1606
2462
320
347
-2563
-2893
-775
-1489
-2081
-1238
252
-2080
-309
1137
-2612
2483
-1550
-1743
-1868
2626
-2557
2014
2396
-1045
2563
2419
3117
-1514
2343
2384
638
2995
588
-703
-217
2397
1650
-1992
-683
-1319
-3236
425
-969
-1971
1775
-2205
1107
878
-1602
2521
1313
1894
-1559
-608
543
2383
2314
3141
1243
-177
-1171
-2243
2087
919
1101
-1175
565
-3180
560
-3052
-3008
-1327
1908
292
-1312
453
-2697
2726
2124
-2161
-2612
-3132
-1274
-2886
-1049
-3009
-2200
1627
-2331
-2022
-1313
1318
305
-3048
2651
2545
-1040
27
-3254
291
-1678
-2992
467
1648
-1937
653
-406
1095
-1978
808
203
938
2870
641
-2940
-1314
-1880
1379
-1566
-1295
-3164
-3041
-1677
2597
2663
2747
2943
34
1247
-709
1296
-358
-1240
948
-2539
685
-2207
-2770
-2725
393
-1802
1987
2731
-3068
-1001
2168
2595
-1936
974
932
-2153
-3216
504
1808
-3052
-1877
-2625
1326
-3138
908
2065
-733
357
-2915
-947
-918
3069
1700
-538
-1476
1371
949
-1821
-2714
2913
2986
-2816
3200
2787
1815
553
-631
1904
1039
-426
-1849
-2252
1010
-1001
-239
-512
-371
-901
631
-1018
-83
463
942
-3133
1045
-442
2247
-421
-1452
203
-2762
-577
152
3145
-3
113
-1703
2670
3035
2250
2863
-557
-2781
-1413
-2026
-1152
1451
-1510
673
1509
375
-827
442
2762
2359
-214
447
1010
2968
2215
1046
2182
601
-1604
-3140
-2928
-2029
-2295
476
2565
1785
-1889
2368
1764
-3157
318
-538
2042
-1074
1293
2740
-1163
-2559
-1423
888
1413
1634
702
1418
-1883
-624
2247
-3070
-2082
-841
2607
2318
754
1075
1658
-739
2899
1953
-2805
2738
997
860
-2380
719
161
-107
-1273
293
-1094
-445
2298
-2097
-1640
-1699
27
-35
-1222
-622
1195
2031
-1475
-617
-1753
1683
997
-1670
2719
-2832
3188
1035
1680
-763
-2397
2723
3096
-1592
-1404
-642
-2662
1101
915
2646
-2040
-1517
-1048
-1738
-2852
-2017
-2181
-1496
-1306
1334
-2527
-1654
-442
-226
-1166
-1921
-1267
-822
3227
-2436
1925
1484
567
-2468
-1029
-3041
1851
-759
2495
1474
2736
-13
-140
2674
-2830
-1456
-1375
3085
1201
-1038
-1472
-543
-2646
2365
-118
-1753
-1166
1123
1154
-479
1378
-172
2135
676
1344
-3252
-3195
-1625
2803
1610
1258
-406
1215
2536
2333
2309
492
-237
2657
-458
3210
-2597
2243
-3090
126
-1005
3158
2268
-2746
1752
-2914
-1665
1239
717
-477
-702
184
1167
488
377
-737
-2006
-2329
-2376
2484
635
724
1089
-3112
-2436
1205
-774
408
184
-1802
3073
-3170
-1621
2438
-1464
259
-2278
-1086
-1617
-2384
146
-3031
597
1030
-2587
178
883
-1033
-2219
3017
-2767
2845
670
2945
1627
860
2954
-1882
-590
-3027
-2557
-3086
1923
292
-3223
975
-107
2445
593
2073
-2735
1290
-1225
1429
709
-190
-2851
1978
1005
715
394
1660
2094
-1609
-1892
1454
2972
2197
1365
2799
-1586
-1745
1576
-1704
1662
2199
-1956
-3211
-3066
369
2414
-93
1214
3062
409
-2076
-2451
3034
-2849
1785
105
-1278
71
95
3090
119
-3223
3162
958
-765
-546
1391
1266
2491
991
1438
2537
-2411
-2925
-2530
-2599
-639
-830
418
93
-2446
-3143
3077
1255
-1255
996
-645
-708
-1270
687
-2642
2911
-2328
852
407
2959
-49
-316
1853
1507
-2996
2410
-2460
-2161
-1927
-2563
-47
2423
1393
-1749
-3073
1255
564
183
-1122
-97
63
419
2514
-2391
1100
-458
1715
-2295
-714
-375
-1574
-1909
2915
-2202
1216
2126
-3033
-2569
770
-2750
2081
1089
-1912
-1236
1967
-301
-994
566
-1667
2204
-2604
2109
577
-1628
-3060
774
1992
1284
-2696
-256
160
188
0
2759
-2343
2901
260
509
-169
1586
-2679
1535
-58
1316
2294
3262
-476
-3088
-1221
-1515
1193
-2684
862
-1684
2852
-3206
-2108
-117
-1359
-1437
-802
-1684
-29
-344
-3043
1230
2838
-1112
1727
529
-1791
2933
-2770
1338
-2408
3002
2349
-1621
276
2984
2997
1841
1933
1646
-2458
-2028
-230
-848
1697
255
-1065
1222
-2960
-6
2668
-970
2370
-786
728
-2616
-2501
3072
2460
-1878
1756
2957
-2466
-1276
-2959
750
-2140
-1288
1786
409
2226
1414
-380
2721
-75
570
3204
591
2464
-2233
-2427
-3022
1154
-2090
675
-1017
2082
-1788
-3201
2958
-3054
-595
1430
-1899
-2931
636
582
-1841
2159
2244
-2214
377
-809
2148
-2935
811
-2957
3073
-1294
1308
-354
-965
831
-1008
-1735
-1577
2578
2501
2727
-1696
-820
-114
-1577
-2867
-176
2821
-1796
1716
2863
827
1606
-2814
-218
2348
2855
-2559
-2770
-559
1933
-53
-1221
-2495
2026
2450
1016
2169
-53
397
-437
-2365
-1457
2118
66
-1391
1029
-2983
1217
-32
2437
-1971
-1361
-2578
-1863
-3201
-410
2774
380
-1402
-2435
2348
720
2369
-255
-1913
1431
3053
-2193
1137
1152
2515
2523
-362
-2001
2
-2608
-952
-349
2018
2610
-2394
-138
-1481
-91
1631
-1804
-505
-529
1730
-3224
-170
1442
-612
1334
612
2606
-2295
-2714
-1305
853
-1218
1026
2928
2827
-2974
-2912
-1044
2780
-2060
1443
2255
1081
-234
-421
-693
-3015
2037
-1335
-1817
900
-1379
-1380
-112
-1989
248
124
767
2912
3065
-1166
595
2656
2188
3187
-2927
-230
-154
-997
-1444
-2714
2523
2297
2732
390
-1514
-2435
659
435
-1358
3061
-1467
1512
1939
-508
2307
469
3178
-2179
543
-1660
395
-2885
67
-1490
1198
487
2777
-1918
-109
542
2876
-1122
149
-2374
1360
-1490
704
594
-957
1493
-1244
-1370
1783
-422
2607
-2406
-2266
1549
-673
307
1654
2951
795
2124
-3143
2632
1350
2532
2170
-1196
332
1456
911
-3250
-2777
-1701
-1927
-3112
1228
2578
-2979
-447
2825
-1995
1845
-2190
488
-2953
-929
2212
1226
-278
-1089
1731
2383
-1112
-3251
-1706
-1810
-1742
213
501
-1968
1441
-1522
-3152
715
-2955
-117
-319
2816
164
-1714
-1256
428
-340
2992
-761
3132
-3028
745
1257
-2148
-1860
-249
-2006
-2826
-1145
-694
1783
-924
3094
-2999
-1362
-1230
3128
-360
-2024
-132
488
2291
2024
-882
2170
832
1258
3273
2270
-2026
74
36
185
1597
-2193
-2383
-3027
-2728
2682
650
-1783
905
1504
1481
-1659
1517
-1618
-1674
35
-1548
-2130
2505
-1784
-506
-2785
-2361
2940
-2831
-1303
89
273
3011
1094
-206
2213
-538
1052
224
2269
2641
118
-2582
2759
1082
-675
-2000
25
-467
-1513
2466
2372
-2278
808
1898
-3245
1708
2726
2208
-1606
-1772
-41
-2381
-104
1758
-1887
-725
-2512
-2201
565
-1265
-2226
-72
-1147
-2032
1953
-2897
2944
-1035
1879
3077
606
2451
-1327
693
2376
1187
2478
-2396
893
-2529
734
-70
2491
-2911
3151
1260
3041
744
3062
-2918
1748
2717
813
1489
258
-2110
1559
2090
3055
876
-1307
1721
-1477
1009
2251
-2092
-2839
1852
-961
-1501
2949
-1469
2701
981
3219
-419
1612
1803
-3059
-3032
-2593
-2710
1446
1688
-3197
-887
-2259
-47
-2359
-1688
852
934
-14
2318
566
1679
-1358
-2506
-1153
-1821
2263
189
-1660
2682
2250
313
2184
-2259
-1260
877
-1101
678
1823
-1839
2205
2702
1125
2514
-601
-2931
517
2418
3177
421
704
2163
-1093
-1316
-964
2365
2012
-241
270
-548
37
441
-947
2857
-1471
-3182
1369
-2180
837
-2510
-332
1847
-1336
-1803
-2897
153
-2069
-704
1755
-542
-2284
-1734
1462
585
1637
-1074
1448
1504
373
2550
-202
1033
-1082
-449
-3058
185
-242
216
135
2379
-2324
-707
2305
756
-954
1286
657
-2787
2896
-1742
-1051
1838
1561
3244
609
416
895
-2042
-890
275
948
-3029
748
1274
1201
493
736
-165
271
-506
233
2362
-1572
526
-2672
-861
2041
3114
-1073
-2589
-1469
2527
283
-2297
2740
2925
2114
-1178
-2581
-1660
-1301
616
398
-3192
-2660
-1303
153
221
403
-878
-2939
-1839
-3149
2893
-2339
1351
2033
587
-1837
-714
-1420
-1090
2470
3082
1193
-2380
2811
-1245
937
610
1517
-733
-1320
1759
2197
2360
-2354
2800
1849
-3266
-132
318
-2668
-2984
-792
3163
-945
-3127
973
-1253
2192
439
-642
-549
2733
-1427
1876
2380
-1316
1228
-2542
-2792
3234
22
-2144
-306
23
402
-2289
2547
-1406
2555
2723
-2898
1030
84
-2253
2043
-742
3088
1435
2925
390
2674
-948
2354
1707
-2292
-1547
-666
-2265
1561
-2818
-1647
3101
2584
3197
-2853
1649
2963
-1400
2946
-1534
-1944
-3197
1192
1166
-2565
-257
715
1407
1978
-45
2246
1736
-669
-323
925
-1090
-477
1001
-1949
-1402
-2953
-382
-1045
1146
1055
663
228
-279
-2756
-2601
367
-1279
1114
-1079
2810
-1197
-1099
-2807
-3064
-2899
276
-3025
3172
1898
-1886
-1495
-1505
1461
1851
1641
-2306
-284
-668
-1613
2664
-1582
-452
1843
1426
-2998
-1253
451
-1856
-109
2388
2414
-408
-1313
476
2931
845
-2344
-712
2559
-1214
-2294
-2847
2089
339
-35
-552
882
-1122
-1508
-2894
-310
-3126
-1511
106
1932
-2606
-840
-958
-2419
-2276
-2794
1499
-1276
-1371
3141
1365
-343
2575
-373
2814
2869
-387
2651
-2704
-56
-1504
-2128
-1467
2055
3208
-1800
909
-1591
-2915
-2092
-7
-991
-167
1135
1177
-678
-2069
3229
2946
-2007
2920
1797
2946
3020
1720
1424
2659
-2650
1849
646
-2904
360
-2211
1223
-2632
2262
-2972
1082
-1589
77
-1061
1455
2116
-1065
2574
19
2754
2705
721
-1496
1568
88
1852
-279
2931
2641
987
-805
517
1327
2815
1027
-890
-1301
1424
-939
-2377
-2953
-1204
-645
697
2608
1891
3011
2874
-3036
2863
-1446
2976
-2312
-476
70
-2776
2569
1419
3073
2772
-2896
2832
1534
229
2113
1260
-2739
-225
831
1768
-1082
-1827
2130
1346
2069
781
-2177
2611
948
-1886
821
-491
3096
-1505
-2318
405
-1275
-572
-2799
-660
-2279
1000
453
3138
-1432
875
-650
-1533
-398
2769
-2441
-2504
1691
2159
1250
-2609
-2233
-1724
-672
3271
-1971
-2538
1927
2541
-657
3233
2544
-1188
-157
2039
3017
424
-3267
-3207
3019
-2250
2045
1125
-1170
-3012
339
3154
-2544
-2677
-2089
1155
1010
3054
281
1404
-2891
1733
1327
2882
-417
-1321
-408
741
2052
2151
1471
966
-2920
1035
-2003
1169
-1811
3016
2650
-600
752
2720
268
984
1622
-1323
1922
1801
-1501
-2692
-1329
-2495
-2099
-505
-637
-320
-1564
902
-177
2691
0
-173
564
2944
-3248
1719
1685
-987
-422
1017
-852
-1296
-993
184
114
3057
-746
-1014
295
-435
1611
675
-2919
-668
1525
1285
1230
1456
2267
688
-3073
1037
-5
-1452
-1110
-1313
1131
191
1599
-1508
-3066
-1180
-2564
1036
2857
-1355
425
366
1290
-1599
963
-2353
-1154
-28
-2436
-2645
1730
2782
-364
3095
2532
-761
-112
-480
-212
-2626
2803
-2444
1450
2461
-866
2283
-1512
-105
491
-105
-2653
2332
1534
278
-2242
-1780
-951
-2188
-3231
-915
1054
-236
274
2155
1570
1553
776
2002
-1177
1816
730
838
-2135
-2387
-681
156
-1072
2254
966
-2757
1684
-90
-2455
2955
-3205
-2730
-488
-2576
-2624
-1219
1792
-2245
890
2759
2064
-2020
2222
1238
-3056
-991
-1811
192
-1422
-1240
1325
-2975
2112
-3217
2073
703
-819
431
1628
-612
1789
2372
-3211
-756
1271
1999
-1133
-1278
-1374
-194
2928
-1559
1805
-124
-2916
-673
2364
1494
-1415
-466
-1420
-499
-430
-2377
676
-1710
-1641
-1651
2147
2723
-2217
-2604
2416
-1133
537
2096
-2341
-2511
-697
2984
1212
2821
612
-2263
-2132
2196
-1240
1016
-468
1027
487
2296
-1919
1635
1502
1620
449
-1560
-163
-1974
-1473
-2244
2619
-31
1311
1010
-566
-692
542
-2927
-1250
3017
-2184
-1257
-211
-662
-1364
2244
-758
1044
3192
2845
-2114
-1903
-899
-203
2999
-2288
-1778
794
955
-914
-22
-946
1914
-2139
-510
238
2034
-1639
1719
3080
-2031
1552
2287
-2094
1282
-2952
2718
-1883
244
2201
722
1411
-489
1570
2935
-2148
3053
1706
2188
3020
-3070
-1262
-803
-1611
-48
1433
-2773
110
-1308
-496
-1268
1422
1849
1225
1525
561
-3081
-1952
-1832
373
-3232
1065
-18
-1439
-440
-3196
-1496
-3241
-2065
-2458
-451
155
1593
1936
1507
-3243
-1693
1806
-1290
596
555
-177
2434
192
988
440
-1561
-1680
-123
-176
-2097
-3074
1431
695
-398
1936
-2861
238
1148
2058
-1836
-69
-1554
-1568
1037
-789
-1705
-976
309
2928
1610
-2626
-780
465
3186
-1204
1191
-1732
-228
-97
-39
661
-3124
-3212
107
-3098
561
-2486
779
969
1242
3047
-1027
-2713
261
-572
295
-2364
-1249
-687
-1698
614
1308
-1620
3164
1646
3075
-1928
1238
-208
-2331
266
-1223
241
1978
-2927
-159
-2038
-585
563
-2380
-2131
3048
-2051
2937
1694
2723
-1790
2731
-934
-2817
-2915
2655
2041
-2277
2099
1242
-1936
-2076
-2841
2153
1031
-758
1600
-137
2531
2966
-220
-3053
163
2222
-1330
708
-732
2287
-2527
-2182
1765
801
743
3071
178
-940
-2042
701
-2865
2415
58
2785
-2038
3241
-1029
-3229
-2311
-3272
2068
2549
-1228
-1745
-957
1459
-2511
-10
2565
48
1935
3242
34
1375
558
-1337
1407
3229
-1381
-2387
-2970
1756
2924
-757
-1945
-2480
2291
2411
-2053
-900
-2300
2640
-51
1973
-924
-1143
-1693
2182
-472
338
-1716
-1418
-1620
2610
3193
-761
3184
2006
3098
-1439
-353
-1232
612
988
2057
1570
-1984
-2473
1482
1279
-2916
458
-1241
1081
-1845
-702
731
769
283
2495
2693
-1109
-477
-2818
1589
-2307
-641
-2164
2493
-166
-2716
946
1555
919
3200
682
2166
1176
541
-3211
-3143
-2173
-420
272
1628
-2906
-1728
-2845
2082
-2852
-3194
3041
-3208
2061
-322
-1132
-2908
392
-1852
1636
-2843
464
94
-3131
-2507
-1606
424
-2716
-562
2728
-3028
-2547
-1764
2226
-3146
1270
-2407
1718
-1431
-2923
1982
1452
-1817
1504
-1913
1752
-2764
461
-2189
354
291
1692
-1474
2785
-2245
3219
-900
-1300
2676
-185
1320
2309
1717
-1388
1816
-840
1270
1146
1402
-353
1304
2161
3154
-285
1239
899
2877
417
1976
2320
-1945
-2431
2876
-1319
356
-490
-1298
-66
795
2902
2777
-2394
1361
-3018
-2708
2275
2218
-3183
41
689
-1117
-3043
-248
1911
1373
81
1658
1094
-1254
-1406
1310
-2967
2029
-199
1028
-425
1097
-1674
871
2579
-760
-379
1830
-2366
-2298
-2526
-205
2679
-2075
-733
-74
-1781
1542
420
-304
-1250
-3013
-1007
981
1312
2375
-469
-1161
2404
2034
-1853
3203
-1108
-1442
530
-847
600
-2416
983
1048
2343
-1836
1309
-3188
2876
-3082
1666
2740
2156
2976
2592
1320
2146
-2321
-708
-2629
1155
-1025
-1007
3090
1010
-1006
2995
-1750
-2612
2956
1341
-2948
-192
2223
-1035
354
3245
422
-1934
466
-1168
2767
-1563
-978
2449
-1280
1279
-2481
808
105
2336
229
2985
-1282
3179
2896
-3212
-1609
982
386
2789
-1159
1959
2574
1738
-1235
1648
3007
3082
-2534
95
1674
-507
-513
651
80
-3003
2449
-546
2679
2006
314
-3202
513
2024
2848
-1033
1594
-3004
458
-763
-2591
496
-2420
-555
-1037
1538
-683
1417
1155
1120
295
-1124
3049
-3260
-2024
-2395
793
873
-1244
-2808
2771
3039
170
1123
1335
1710
-2604
-317
1710
2561
-1638
-2732
-1297
-1277
-1130
-343
-2245
-418
-2675
-2146
559
-1960
41
91
2518
684
-3012
2526
-2689
1960
-2016
-1300
1592
1561
-1846
385
-1425
-1889
-739
-681
-2514
-2746
-80
-1853
3218
-424
-916
-928
171
921
2390
-2198
1749
1237
-1991
146
2972
-2644
1639
-936
2037
-211
694
2523
3064
-253
-1695
-1088
100
3210
2439
-2266
-3078
3061
-2883
-42
70
-2753
1164
-1228
-2711
167
524
2587
250
1301
1502
-826
-462
-1096
1042
-793
1464
-2248
3134
-3164
-2599
332
-2691
1850
2398
-234
-170
-2097
1764
401
18
-2077
1523
-1484
-887
1658
1108
960
-1901
2086
-213
2425
-1262
2706
2859
-1972
-853
1111
483
2120
-2821
1657
2253
1814
-2919
-333
440
-456
-1411
573
-2251
626
-67
-554
1247
1846
-897
7
-1828
627
758
-2992
-182
1428
921
-1453
2114
2453
241
-510
-326
-648
-2510
77
1816
1722
-1115
-262
-1209
-3018
3081
-3104
-2250
-883
492
-858
-2054
-1534
3069
-2449
2237
445
1679
2306
269
-2059
1672
602
-3178
-1650
1401
-3214
-730
1933
94
-2429
-2970
1999
1861
-1273
2406
-2315
-1814
-3048
1524
-930
3143
-2874
679
-2455
-44
45
-1761
1410
-2286
-2210
-2742
-1998
-1889
2287
-2094
-475
-114
-3237
2857
-2681
-3258
-3148
-975
1407
-332
882
1832
3045
-3112
875
271
746
2362
1190
-2004
-3132
3000
-1343
-1618
-1542
-744
1359
-2616
-2102
1982
67
531
-1335
-511
-2967
-2066
2155
-3103
2951
2962
-953
1245
1851
-362
3170
-1378
416
2313
-512
2288
1025
-2504
2496
-321
2878
-781
1543
436
-2858
-1632
559
902
-1163
-1297
451
107
656
-3199
972
1435
-2270
567
-2713
326
-1977
562
-994
-1718
-1523
2442
166
-2418
2283
2328
-959
2717
-3212
27
-240
919
168
-2577
2992
1319
-2323
-2506
-2740
-3129
2245
1243
2979
926
2579
-1621
-1424
2411
2101
1637
-112
724
188
-740
-290
-1380
99
-760
2907
2480
-2826
2300
-3082
-1789
-2187
1184
273
-927
-1809
-2319
-2372
-1364
2125
-592
-996
-1431
364
2176
1614
-1875
1540
-1236
-2890
1727
-3062
3170
1563
1178
2241
-1198
-602
-2912
-2990
-1093
422
-454
-3248
1438
-1829
-2537
2922
1254
768
-3230
993
-2567
-3159
756
-2115
1797
2889
2227
2651
-2478
-1813
3057
-587
-2078
-1102
-2314
2618
-295
-784
420
-694
-3004
1688
1570
1340
-2254
3102
511
871
1317
1532
-2908
-1896
-843
3024
-2606
-3215
2130
2761
1214
2294
1526
1729
-2064
-2993
2795
1795
1493
459
-1365
-1377
205
-1545
-587
772
-257
-3061
2258
-444
2795
1166
-1284
3045
245
2269
-2357
45
2705
-356
-1745
872
-2771
1250
493
600
2142
-147
1447
-210
-2672
-449
1002
3065
2033
-1069
-2844
2781
844
-1998
2796
2104
2744
3274
956
2080
-2402
915
-198
-269
-1108
-2500
2340
2018
2777
2289
1607
2296
-76
-3060
-139
-961
-1493
-3040
-771
708
-2768
763
-1957
-777
2698
893
-1718
-1341
-646
1507
-804
2197
-1094
2689
1892
2345
583
2651
1755
2296
-1327
-848
-931
268
-1917
744
-700
56
1447
1458
-2195
-2345
2287
622
-1003
1001
-1781
-2576
1000
3147
-238
1448
-2976
882
-920
-639
1982
2900
3135
3039
1323
566
-795
-2269
-1356
-276
3246
-2530
-926
1518
2884
-337
-2196
1901
-922
-2517
-1861
-1924
-94
-674
-1184
1675
-2091
-2717
-450
112
1833
557
-2930
-3000
-1881
2698
-1260
-2561
3160
-1234
-1381
-2031
2917
-1939
-2789
1966
-1591
-2221
2807
-2088
621
1626
-1134
-2858
3188
-2693
-2438
-3208
2778
-1899
2332
-184
1627
2203
-2378
2670
-2405
-2743
122
-2858
3195
-88
-1877
1183
-503
-1193
-1899
-1532
895
2368
-2656
-1104
2010
-1189
-1737
-756
-1289
923
-2112
2357
2927
3161
1788
2605
3116
-2123
-1036
-2304
1643
-1023
981
1865
-704
2980
-3163
2480
1714
-448
-305
-2944
2891
2853
1491
-646
1948
1330
-2826
-220
-2456
3145
1856
2173
-2414
-2855
227
-648
-23
-529
-1383
3263
89
-1585
-365
-1770
-3138
1141
-16
-1607
2120
2237
420
2447
2217
-2809
2948
-3161
1920
1198
-348
2476
-2386
-888
2720
-1848
-2031
-2039
-3041
-1080
1582
2546
-2938
-2021
-2861
-1320
-1728
-1129
2932
2807
2133
-755
48
2196
-741
1309
-1976
2193
-957
2698
-284
1700
-1462
331
749
1108
784
206
-1013
416
52
-1024
-2666
-1446
3164
-1859
-929
-1518
2850
-573
2947
2163
2085
-2708
2989
-1092
-1436
-2128
130
1016
-1608
-381
1932
-2292
-781
193
-1278
-2704
-1805
-2231
-3037
1921
-95
-3034
892
-785
-2395
493
-2200
-20
2830
1155
697
1524
-2923
1026
-1399
2328
1710
362
1865
-741
3238
-1038
1788
-666
-1825
-414
3205
-309
66
3256
-3129
-2168
-180
-1113
-2658
2276
888
-1962
347
2655
1538
926
1724
-1491
-3069
-1677
1116
1833
1552
941
-2673
2169
2299
-440
-464
-2446
-175
2679
-1743
-1573
2614
-298
950
1698
-2255
-2022
3133
2165
628
-35
-1202
-2513
2951
-1349
789
-92
-343
2841
1367
705
-1589
1191
704
-1046
2721
-695
1160
-2840
1570
1030
-2601
-1209
2464
-2746
-1285
2288
834
-470
-288
-751
1166
-1424
-2340
-3233
1163
2758
-2445
3111
-230
-261
908
-2408
-1499
-2274
3051
-2162
-76
1502
-2086
-956
-2945
-2612
-785
-477
-2821
3239
-95
-3248
-2493
-925
2678
2346
2395
1006
2525
-3087
-2831
721
1887
-167
730
-1399
-2826
605
-2201
-2405
1216
2964
2713
1155
1733
-2433
757
1030
-2357
-1534
2589
1710
-1226
688
-832
1179
1069
-1260
2650
2724
-3152
-67
-272
1675
-1094
-2713
1681
-1393
-2897
-809
2740
-1016
1505
-915
-1669
-2254
-1936
546
2291
1600
2245
2295
2418
1081
2017
2440
-936
357
-962
50
-1843
1300
-631
1026
1431
1160
-2749
-900
1065
1453
-554
-952
-2410
-2251
2751
-893
1378
893
-2621
-2467
-745
2742
-178
350
-2684
1517
-1844
-1021
-1987
-1156
1436
-1254
-1015
1644
-656
2435
-2315
-1652
-1822
-1904
1800
2935
-936
3202
440
96
-2427
2145
1454
-354
-693
2386
-2136
-1828
647
1147
2836
1290
-572
-3050
2062
-2073
174
23
765
-317
-1452
-774
1513
-2131
-817
-918
1521
46
735
-1069
2262
-3006
-1326
-1475
-2297
1317
1036
3223
-887
1431
-2452
1612
-349
-2919
369
266
2995
-1078
1994
-243
-2581
-257
-2928
2038
-2310
1600
-457
-1469
-1024
2540
-1114
89
2489
-2598
-525
1590
-1703
-1464
1864
-2750
2197
3071
-2131
2015
-1181
2607
3125
-300
3118
-2974
2899
-53
317
3034
-1292
-1080
-1934
1527
-461
-1790
308
2482
2891
-1449
-1594
-531
-1858
-2047
1327
-2262
-2054
2393
1949
3064
680
-1552
2533
219
478
-1069
-1869
805
2924
-2227
100
2323
-969
-2599
-2699
3117
-857
-699
3207
854
-3256
-2973
-1022
-1197
-844
3178
263
-810
-2075
2466
1424
-3006
-2218
-707
-622
3238
-1300
1284
986
17
-1407
203
2664
-484
-628
-347
2498
422
1756
1371
2563
1318
310
429
1318
-2208
1993
-498
-628
1591
1379
2091
-2439
95
-2766
-2541
-2801
-300
-2687
3117
-1325
2979
-1290
-2761
1401
-1762
1549
-3236
-1456
1607
2130
750
842
-428
2296
1881
-462
2855
2477
1979
2180
-2211
-220
-761
-2179
-2330
-505
268
-2678
1940
-3202
3157
-2565
2627
2444
-2283
1586
2248
-1128
303
-2795
-1354
-316
275
-1655
-2966
2856
-310
3141
-2942
-430
942
-800
1101
2594
2981
-2361
-1765
119
-32
-387
-2431
-1405
-2043
2448
1263
2175
-1776
-1786
-1859
-2726
2817
-2898
883
1469
1433
-3108
2991
-2782
-1633
90
1924
2808
-300
-552
-3048
3193
1650
1686
-2396
-1486
-1730
2731
-860
2712
3009
-829
1130
2622
3102
-2443
-657
-891
-518
-1518
293
-2850
-2599
-2016
-309
-2062
-2733
2704
3117
-3248
-1021
1209
2690
-2510
1909
2547
-3272
-2111
-150
-729
-879
-566
-26
-2244
180
-2212
2644
280
-1604
1096
996
-3124
2106
-670
-1725
1781
36
-2691
-2916
-898
-568
2390
-657
-461
-395
58
2694
2165
3
-3233
307
-995
-2569
1106
1023
-398
-2038
740
1912
310
2742
-1197
-1037
-1097
1595
1955
1516
306
1899
1928
3271
67
2766
3236
-2918
-2269
854
-536
-2254
-2579
-925
-1177
-652
-2053
2735
-2535
622
579
-1309
1940
-471
351
-1728
-2473
-2523
142
-2942
-3096
326
2897
-1433
2433
-2796
-377
2758
2103
2719
1525
-54
1059
-3021
-1792
771
-2140
-1964
2690
1545
-2929
257
-166
-1581
2870
-2520
693
-1252
3008
1710
2259
793
1741
2897
752
677
1712
2725
1618
3265
-2327
1514
2693
2914
-2718
1687
2615
-2719
-1281
-2518
733
989
-2576
3166
301
2481
-643
-973
-2005
84
-1096
-826
316
142
-1977
-2881
-2659
479
1504
1591
-336
-192
1240
1349
650
2684
2679
2671
-319
1509
-1710
-746
-2387
2505
1334
318
-746
2158
2164
618
1678
-1437
2928
2896
-1
-3195
354
2090
-162
-768
-2423
-92
1630
556
-636
-1761
1385
-2594
-403
-686
-1668
2049
835
-2552
-1068
-1361
-99
-2236
-766
-2630
-866
-3079
-2734
2793
-2010
2379
-814
2091
-1214
2342
2924
-2235
-1310
-222
-2894
-3275
3099
309
-2036
-1520
2397
2236
-2512
-2834
-2297
-2758
-1644
-665
476
-1930
-2017
-1965
-1806
2975
-2968
1287
853
-1041
-1586
-1694
-1389
-63
-1536
-2427
345
1388
-2568
966
1918
233
-178
882
-793
2691
-2437
1721
-1188
-2000
-2057
2647
-2429
1249
-2681
2853
57
-1503
-2344
3060
1971
-2608
1588
210
2260
690
-3156
1579
-386
-3156
-3139
2774
2808
330
-1254
-30
-1113
706
1029
1885
-520
-1638
-1055
1488
-2889
-2609
2286
-487
1290
708
636
2274
-562
2704
290
-949
1756
-1585
1684
1281
-2758
-2464
2567
2640
-3144
1717
2600
-322
2064
771
-1895
2420
2183
-523
1338
-1254
-629
-631
2380
3160
-1055
-2537
2022
-2637
-477
1281
-975
1828
-3127
1420
-216
375
-2075
-1893
2206
1724
-1175
-1620
-3087
-1343
-2317
1601
-90
-1114
-2577
-810
2130
-2403
2241
167
-979
2212
964
-1766
1638
2212
557
-297
709
-2725
-1862
-2436
-2042
1747
-1775
2756
2986
-1501
2664
-384
-1201
3067
-3259
1231
1590
2893
-1388
-484
1994
-2783
-3097
-1031
-469
-1327
-617
2016
-696
-447
2072
810
2676
-2383
-2215
-1345
-705
-1113
-2456
-1272
1253
-189
-1932
-1415
2457
2918
1049
1670
-2027
-2963
2273
773
-830
-2778
1422
-136
90
855
689
-1115
1900
1128
-1667
1654
-1972
3111
1739
-2830
2045
2763
-509
-1844
2597
1389
4
2205
2005
-356
-268
12
1022
-2186
-2857
-3105
-2367
-110
655
1628
-110
-2131
-1440
-833
-1637
-1624
280
-2956
2829
-2197
337
-2815
-1811
449
-3129
-2000
2206
-2182
3259
-3200
1093
901
-86
-237
2123
-2453
-1965
749
2159
1352
-2524
-587
-1410
1606
-762
80
877
-1891
-2518
712
2830
-2923
-3175
3139
-187
3149
2469
-2650
2018
3039
-1009
-2921
1722
52
3144
1898
-2313
-2077
-485
-2575
-2606
-303
-2898
674
-2169
1772
1077
-2409
2391
-1526
-2215
1502
-1813
2472
163
1376
183
-3097
-544
433
1317
-2884
-2664
-2189
-363
1229
-1841
2572
2177
636
195
2235
-835
2755
-1853
-1309
2705
3204
2167
630
1892
-2006
457
-429
561
1578
451
-3259
-268
135
2300
-968
-669
1987
866
648
-654
151
-2562
355
-2047
-332
-298
2212
1938
3248
-2196
1254
-2728
-1993
557
-1423
2025
3143
-2490
-1898
-1036
842
-113
-2293
132
2773
-2705
-936
-1746
2789
1281
2221
1183
1896
-950
-945
1781
2633
-61
-1646
-2042
-1937
304
1297
-2635
1266
-612
3152
1261
2840
-567
-142
-609
2843
-814
-2945
2965
1029
-2472
-2910
-1665
573
-1529
-3043
-1178
-2269
2981
-737
1669
2737
-2081
2909
3055
-1799
466
-2666
289
145
2306
2359
-2506
1256
978
2821
-2519
-3035
2458
2911
2078
-627
-24
-2542
2356
-361
-1434
-3073
1275
756
1206
2783
638
-1384
109
-1293
2404
2484
1270
-2643
746
903
-1358
1770
2987
-1883
-3273
2034
-710
588
2436
-3007
847
-762
779
1165
-592
-1665
-2307
-1931
2908
851
-2505
-2158
1212
-1035
-1791
2097
45
2361
-2122
2740
2380
-3148
1280
-887
2674
3261
-2770
-382
-2479
937
-1089
63
2398
-1636
2679
-1354
-1891
3026
767
711
1737
-2795
265
-1215
-2134
2999
-510
1330
685
-3268
-472
1413
2796
-2546
-2751
95
865
2049
-2054
2004
2449
-854
-1180
414
-858
-1960
-1399
-1929
2392
2604
1366
-49
2907
-2598
-1319
1900
-1190
2354
2452
-2334
-677
2502
-2235
23
-983
-3175
-2966
2782
1190
-806
671
-166
2167
-2711
-634
1149
2062
3143
-337
1106
-66
-2508
-822
1267
-1388
1401
-1428
1564
2619
-902
-1215
1688
886
842
-466
-2292
2530
676
-1417
-360
-3080
699
4
3045
-2332
-609
-883
-3129
-1129
-2671
-2138
-948
1684
2712
1146
-1986
337
-1500
2464
2150
1285
897
-2675
2998
2629
408
1437
-1423
1252
-889
2278
1288
1364
1205
1555
2541
-2023
-1061
-2187
-1614
-2203
916
-1406
1240
-1926
866
446
-1346
453
-145
-1220
1376
2970
-2113
-1466
-3248
480
925
-2595
2304
201
2398
2119
249
1271
2826
-1633
-2925
-532
1804
2732
-330
-3240
-354
2633
-2808
-2645
1924
-2874
2461
596
-608
1887
2759
475
-1261
-2955
-1219
1789
-2038
-2944
-2389
931
516
1678
-2180
-252
-76
805
2309
-3163
-955
-2195
2158
-650
-753
1713
2762
-1191
-3167
-978
1024
-2989
-1565
2944
-1632
-569
3231
3247
1345
-3256
668
-3138
-3134
-2391
-2612
-2116
1713
1816
-3147
751
2941
-2589
1007
2095
2852
-297
2864
-860
-340
2315
-2233
3003
2020
-1592
-2300
2147
2571
621
-1952
-1676
2227
-860
1102
2206
2949
-403
-857
-2956
1764
-1957
241
340
1203
285
-1196
2098
605
295
-1122
-386
-990
-1288
-2065
2043
-1859
-546
-1417
-1165
-1509
121
2793
278
-334
-928
-1289
-2315
-2667
-869
-1532
-3240
-2446
-2875
2490
-1808
186
-3129
2944
-3186
-1743
1161
1768
2219
-865
-1158
3034
-2524
337
1314
-1922
-270
-2839
-1857
3155
-1481
-1072
-2230
1845
-2496
-88
-754
2018
2705
1598
-3029
2816
-899
-2039
-12
2685
505
3067
2869
-450
-3151
2103
-2567
-993
-556
2895
896
-1146
-2972
-819
-114
-1587
1695
2479
2700
-238
-1488
-2345
-1595
1309
2750
1586
2632
544
2458
-1372
2741
2874
-1910
-2524
2345
960
1169
-2994
2321
2940
-978
2669
-2742
209
3236
-2626
256
-1307
-2478
-1641
-872
1101
-524
-2226
1987
2350
-264
-1893
-366
-452
2948
-774
2715
915
-2294
-1408
-112
803
1671
-3051
-2348
1211
-3018
1399
-1221
-2707
-3091
1595
1921
-1416
-2849
1367
758
-2319
2447
1142
-2748
-315
-567
1748
-127
-152
-386
-2252
800
-797
1950
41
1022
1538
-1385
2663
132
-3108
1241
-2246
2976
-1775
1091
662
1275
-689
-181
3191
-3092
1443
-257
536
-3063
1053
1546
-2643
646
-1631
-2200
-2774
866
-41
1728
-520
1471
-369
-3008
2041
644
2675
3201
2316
-3219
2868
-1488
3077
1425
1065
-2149
2266
-8
2779
2852
2443
-86
2203
-3178
3015
-2527
2837
-2498
-1316
1180
-2545
-2625
-1073
2828
2150
-2444
-1102
153
-1371
2700
505
2181
860
-2363
-2134
-1583
-229
163
621
-2467
47
-2238
-3238
343
-595
1904
985
-2410
-1392
2852
2015
2904
-1164
2476
2784
-125
-2629
-2086
2749
-621
-1365
-1657
2778
-1227
-1593
-1256
1944
3064
-1620
-956
2299
-1815
-2875
-2990
1565
-653
1951
-667
-2330
996
32
2967
2280
3080
-2889
906
974
-2484
-3265
-950
2379
2764
1186
1947
-2372
-3006
-999
-3064
-1879
-2690
-994
-1541
3102
2511
2250
-1561
1666
3235
2785
-803
-2168
-2219
2020
-1488
2631
1332
-454
-893
2205
-1799
-2072
1643
760
-802
-2490
-2911
1918
2428
2390
2492
-194
-2864
-1538
3132
-2351
2492
-1006
605
-3012
1446
-2014
2078
-2990
3254
2514
1154
-783
3202
-2537
-409
-1733
646
2736
-2500
-2603
-1916
3172
122
25
895
288
1984
2612
-48
662
-297
2182
-2023
2504
-597
-1210
575
3210
-1855
1960
-1060
1682
-515
1294
2440
477
1670
-2821
-1642
-3207
-1487
687
-595
-1650
-2935
1532
-791
2162
-497
-1172
1229
1064
732
2194
944
-2761
2962
33
110
2472
-183
-2980
-919
-935
-704
-1017
-196
-452
-2159
1214
-218
-1119
-1840
2205
-1017
122
682
-1381
-173
2889
-735
-1788
2518
-1812
2696
3225
-50
1115
2017
-2303
2779
389
-1864
1036
-2065
-715
-1970
477
-637
1074
-1257
11
709
502
-1985
2314
-1052
-54
323
-2434
-1927
1197
-1925
1714
-1262
2482
-1232
-1510
1265
407
-11
-1645
1159
3201
-2990
-1085
-1149
-951
-203
-1336
-920
-564
-1000
-2722
-2763
-1183
2509
796
178
-2816
-85
2363
-677
-117
-735
-2858
1324
-620
-876
-796
-883
2598
1711
1741
-531
-2638
-3036
-1031
252
-2011
2486
-3233
311
599
2922
2638
1183
-2828
-3121
216
-2787
1866
2902
-117
2290
-1348
2693
130
-2297
2953
479
-1238
399
155
-1004
708
2763
-1504
-2560
-2539
1688
1424
2884
2149
-2455
1429
396
1433
3128
122
-1992
552
3122
-1986
2412
1150
675
-346
1093
1052
370
844
-465
821
-3180
2263
736
978
-1530
-638
2225
248
2358
-707
-31
-293
389
-649
-1583
2603
-1599
-1514
-2036
-1813
-643
-3105
-347
-194
-752
744
2377
-1485
1594
-3157
-2991
-2977
-298
-2032
817
-3111
-1770
-1465
-1341
2221
-1944
-2850
2181
-1068
266
-1233
-1820
-540
-1001
3051
1035
-640
1124
982
-106
-1266
-2323
-1733
-2278
-3067
-213
1757
-1579
-2282
-1107
266
-1710
-2712
-1646
-2140
792
2066
1652
580
1266
-693
1507
2
2604
-894
-1794
1334
-2555
-2294
-2545
-500
-1089
-515
1972
2069
-1799
1648
745
2273
-1101
911
1800
-1686
-694
1764
-1941
2028
2654
-2255
-2254
-559
-336
-592
2597
-538
2324
-2356
-833
2515
2259
-2664
-1321
-2893
1790
2327
-1800
707
1929
794
-2234
2603
2768
-1784
-208
675
1107
-291
1931
2373
-2372
-1914
-3259
-266
-3234
-2175
-2110
-1040
-893
1749
-2144
2856
143
2771
-1326
-1007
1244
-974
1527
-654
2300
-3231
1241
-3022
115
-763
-2855
-1727
315
2923
788
1866
639
-1083
-1883
368
2669
-2165
-2248
-1907
1345
-2771
-2712
2290
16
-1633
-272
-554
-348
257
-3217
1962
-2156
277
-2239
2920
-2206
255
2479
503
-2834
1075
1730
-290
952
-2640
252
1978
1923
-647
255
-2812
-364
-3123
75
-202
504
-2256
-2976
892
-2052
775
-1701
3034
2252
-3067
326
-2490
3086
2607
1271
-2875
-3118
-965
2062
-2128
136
-919
969
-3267
802
2551
-2971
-2411
-3143
430
3246
-927
1477
-588
1395
-907
1565
2609
148
1965
2932
1864
-3187
-293
2194
-1428
-2709
-3143
908
335
2580
811
148
1998
911
2375
-1062
1564
-86
-225
27
1566
1559
1439
129
1687
1812
-1986
2105
-223
485
1766
3076
-2537
2900
-113
2966
-1310
279
-1084
-1743
-480
3033
1490
-1485
-1916
-1561
-504
2289
-676
1536
-1074
1114
-2341
3198
-229
1566
3108
-2361
2904
-596
-2122
3007
-496
-1764
1269
492
2406
2529
-2983
-296
1142
1596
245
-142
718
-3214
4
1450
-1830
722
-2109
949
850
1409
738
1949
2521
2742
-2627
-177
-296
3031
-2992
-194
1005
416
60
1742
1984
-2550
2404
-1726
-2390
-524
1885
-1129
-2857
-791
2212
3129
2317
-2498
2593
-2624
-1981
1960
-794
-1760
2796
-318
-1322
2910
-2777
2735
2097
1276
-1446
231
662
-1932
-72
86
3119
-1243
910
-3045
2792
-3109
1072
287
2687
-1227
-1356
2570
-2808
-2478
-1627
-318
-518
2787
2842
-810
2366
-2804
-1303
2207
1715
-2054
-428
1058
1338
1818
1062
-3128
-2496
-3218
596
-2601
1016
-829
1946
-1988
-1818
-2221
247
3112
3055
-2503
-2084
1411
-2018
1313
-2951
-2675
282
1172
-2586
-2702
569
-2822
-178
3097
1194
1787
781
1295
-1291
-767
-1971
35
1890
-677
1864
631
-1488
2620
-953
740
2928
-519
-753
-419
664
1077
2742
-3198
-3199
327
-522
-576
1277
-1099
2090
3094
2136
-1564
-403
3022
1214
2020
-2413
-2565
-1962
-1644
-2771
1105
1902
1725
-1995
-2959
2016
-2087
606
-312
3248
-1958
-807
-1342
-1681
-1679
2818
768
-2186
375
1073
-2841
-1931
-2837
2262
613
1548
-3002
-2817
-3156
-1655
1767
2926
1898
3049
-2895
348
-2628
-1869
438
-1131
2053
-1395
660
2441
1851
-2947
-131
483
-305
-2289
3230
-346
-1116
-231
1071
2255
2505
2964
171
1614
-223
-128
-3239
957
-202
705
-72
1765
2012
689
-854
-1447
1622
-1727
1350
-3154
3045
1487
-2007
948
-1620
2395
1235
-940
650
-2850
2385
3158
-2526
-315
-2226
-180
-912
1966
2029
-1047
2510
-789
-801
2475
856
1399
-288
907
3075
998
3156
258
751
-23
2457
-1868
-1823
391
-614
-2652
-2499
-2545
88
2615
1883
-2449
1669
1275
-1048
235
1535
-383
-1587
1771
2596
-2019
-1996
414
-2322
2702
870
-1758
-845
2989
2221
-1688
-316
1090
-2708
-3187
-1085
-1612
-2300
497
-1211
-3007
239
2821
1889
2164
2223
-2998
-134
2808
1950
-1416
-2468
-1486
-1363
-1724
-960
2862
2821
-78
3057
2265
874
-678
-2921
2179
2327
890
350
-740
-2549
-1289
-1250
2914
617
-3022
-553
594
2720
-2052
-1722
910
-878
-336
2688
2398
-42
-1588
1437
-150
3054
476
-2385
215
-2328
2000
1283
-2762
-3131
-109
-1030
27
3075
-1353
3170
2723
-792
-2775
-2848
-2389
2890
-77
3203
-1204
-2541
2007
-1292
-446
-692
3141
2744
539
2277
2481
-1899
-2216
2437
821
-1462
-1010
-379
28
589
-1607
-1929
1950
-2953
-2636
-1322
-277
-99
1898
26
-764
-3072
305
1059
-308
-2004
-1145
1604
-713
2502
220
2804
2820
429
-150
2554
-1672
2896
2462
-3214
2478
-1584
1912
-1888
-2810
-2183
-2460
1572
1410
3223
-2124
-2561
-36
-1142
-1493
-1363
-1688
2117
954
61
2018
10
1262
3192
-404
2350
1843
3102
-2060
-794
-197
2340
-1160
1556
313
2370
828
308
-949
534
3154
1952
-98
-1674
3165
765
-1861
-851
1922
2903
-2582
-1212
-1873
-616
-2505
-1922
1013
-1810
2075
-2620
2311
630
804
1027
-68
-2701
1309
1101
-2755
-193
2345
1927
1711
3222
1129
1161
-139
-83
-2864
-2886
-2706
-300
-620
1868
-128
-206
-708
-359
-3052
2526
2635
-3113
3001
3179
-2873
-201
-540
-2981
2723
3195
3191
-3013
2496
398
1043
1037
277
-1683
2847
-209
-2465
2127
-3134
-1978
-2654
2215
544
-1755
-1148
-1849
2559
-2971
-2216
-2550
2100
2130
-2646
483
2954
-877
-668
-3221
-2816
1596
600
-522
1171
1521
-2289
-2672
651
359
-1601
-496
3024
-286
944
2038
-533
2569
-1767
-1460
-2249
-2685
1188
1912
-1530
-2611
-222
1068
-3077
1943
2936
-3033
2256
2894
329
1794
2320
1986
-9
-2523
-2635
-1339
2606
1069
2813
-1993
-26
-886
1009
-2577
1361
2267
2287
-53
-780
-2817
2318
-1790
1189
1834
1565
3168
-2869
1772
-2405
-47
681
860
-3041
-2121
-2929
1425
-1400
44
-524
1877
1791
-1813
-2227
-1104
-131
-552
762
-2837
2119
1953
-918
-1050
2125
-2731
1021
2080
-1895
-1784
-2791
422
1978
2464
2997
437
-1241
-2922
852
3177
-990
28
-988
2859
-1579
-2795
2367
-2751
-575
-850
-2807
1588
-3144
1955
-1308
2505
-1443
1610
1341
3084
1500
2219
-2043
-1480
1456
471
226
-3097
1483
-616
-2521
2116
-2516
3184
662
2433
-2228
2840
914
-1681
389
-1166
-2601
2372
1582
-1187
989
-1944
2179
2567
2073
-303
430
-968
-2865
-1790
-2004
2290
-2115
1871
1368
2910
-3231
2066
-1424
-2958
1173
-42
-2147
-1059
-3247
583
2616
-819
-1479
-2654
-153
-2351
-2999
-1799
2702
-984
1723
1935
-2546
1513
-786
-3198
1413
2614
356
-1018
-2210
-1741
-2971
2085
2460
-1843
2667
3023
2365
1099
-2308
-422
208
738
-80
1464
-3169
137
34
2797
-1886
220
2897
1570
-2052
-345
-1417
56
3058
-313
-1653
2132
3121
1875
-270
95
-2750
3117
1645
318
479
170
-3114
628
123
-1588
2183
2141
1946
3046
-2073
3011
620
-120
-2660
1016
428
1352
1910
-618
-1468
-2850
-3076
3069
-2806
2905
2453
3115
-2367
802
771
1912
2567
3266
-240
-1307
-2011
-785
-3273
-3010
-3139
-1644
607
1720
-1339
255
1323
1485
1565
-3006
-2505
1152
371
-1525
-2184
1615
2572
260
-1927
2359
1662
-3070
-1627
-1461
344
-2603
-1396
1338
-952
-2520
-3035
32
725
3228
1039
2626
-1777
2230
-2019
2594
-2917
-3174
-2301
-2491
-2004
474
-705
-2885
-2153
1803
-1818
-392
2363
7
850
2460
-2714
-1138
2967
-142
-2738
611
-732
1736
2544
2009
-3124
-497
2495
2789
1280
2161
3085
-1612
-1660
-345
-2749
2444
1080
-1196
2957
-1970
-3084
2426
1651
-1669
-2790
3234
-659
3085
3087
-1383
-2375
-1559
2541
-1732
-1131
-1057
-2527
3212
2248
-1458
751
-480
-373
1126
286
-2337
-2237
2953
-3244
2121
-1528
-3110
873
-994
-1937
2312
-519
2563
-1111
-437
118
2886
3117
2214
3188
-1360
-2366
949
1285
2214
2284
-735
929
2504
-1377
139
866
-2515
-274
-3165
-1450
2378
2429
2762
2682
1054
-2103
-2751
2621
-3140
-1852
721
2896
1066
789
1993
-2909
1343
3243
-931
1744
597
-2295
652
645
-1569
1340
2776
-1675
-2930
1508
-1020
-2778
-151
-3114
1162
2189
2605
-1931
-2516
2648
-1352
1636
-1800
459
-995
248
-98
1930
2001
-3262
-571
1628
2980
-1860
-2657
-1722
-536
2053
2081
1990
-1527
-2120
-1654
2692
-1031
2987
1868
2513
1556
-244
-537
2072
-88
2804
1693
577
2088
1228
-725
-791
1365
-1056
900
326
1089
2190
3150
1374
3108
-1609
-2338
1047
-3129
-2200
40
665
-2060
718
-1827
728
1518
-2679
-1669
-2794
-1645
2407
-2229
1957
-2561
588
757
791
2888
-596
369
-3072
-2104
663
699
485
981
1311
-598
2293
222
2745
1337
2643
-811
-541
-2176
2809
556
3067
-323
-541
739
406
-2343
-1484
883
685
-120
72
1825
-2043
-1026
2161
-590
-866
-3115
-1305
-1316
1149
-2642
-2562
3117
1407
-351
3064
-1842
3127
1971
-2568
2282
2070
1525
767
1640
1439
2144
1582
763
-2834
-524
1211
267
1456
-27
3111
1726
-329
-872
-3153
2811
-2049
-1825
-1840
1210
1450
-3020
-2748
1048
-2880
350
739
-1997
797
153
3214
46
1956
337
1531
-3247
2782
-1912
2958
-1244
2351
390
-2971
1074
2654
-1164
-1027
-1499
-2875
-2854
480
2993
2022
1582
-3264
-1876
-2602
-911
2812
-249
1136
-2121
1233
3083
301
2989
-311
3085
2852
-501
567
-606
-2719
-1555
904
198
-3104
-1757
2514
733
-2113
301
2479
-2825
2742
-1447
1928
170
-601
1961
52
1414
1968
-2898
-164
1155
-1933
-3206
-2199
-2532
-3048
2509
-1156
-2932
3248
1831
-1153
-2969
2016
-948
-1574
2448
3024
-1834
-2668
866
352
1240
1300
-2825
1154
1693
2657
2450
-2076
-115
-710
1172
2169
-1111
2949
-3062
-1083
1416
1502
444
-220
1230
-493
-728
1321
1493
-758
2518
-682
413
2337
-1718
-2471
2257
-753
-1688
2793
-895
-329
2551
-3020
-1138
1080
-2088
282
-1203
176
-2442
-458
380
383
-2983
882
-663
-1194
-2088
-318
2079
636
-1744
78
1736
1987
-1187
-2264
404
-926
-1035
-1699
-93
-960
1762
2394
-2502
-945
2660
1449
-888
996
-1529
-1162
607
1205
-1224
-2417
-1235
-969
2134
1155
-788
-2632
-1774
225
1059
1902
1977
-214
-1672
3109
345
3030
1455
243
-218
-1648
-2177
2552
606
-1998
2061
-2687
-1148
-3097
-3141
-1368
939
-733
-1361
-354
1684
2188
-2855
2903
-1709
2715
2287
-1115
-183
1200
782
-2583
1546
1199
-2133
-970
1091
1266
-171
-2800
-1056
573
1398
1363
67
-1785
-572
1424
-3113
-1655
-1571
3048
1167
-3104
571
2410
3101
335
-2542
15
2114
530
-1141
209
2733
2474
-723
1492
-2833
-2956
1896
-2537
1626
599
-2686
-2255
-2036
3165
-2075
913
1473
840
463
700
-2166
-632
1518
-1450
-2506
2796
-2716
2317
404
638
-587
-2054
-2745
1736
-2700
1345
-7
1517
-2437
-1530
-1300
-1202
2355
1773
733
1083
-2521
3059
2929
879
-2107
1281
2947
-1961
-36
-3013
-2246
668
2624
857
3165
-878
-2255
3014
2495
1879
1083
-1992
1362
-478
1632
2066
-1914
1926
-1471
-161
-1563
258
134
-84
-793
-1766
31
2674
1156
-3039
3077
-1508
2779
-2531
2221
-581
296
2411
504
-2950
-1660
287
2606
-1734
80
-2109
-1922
-1914
-1540
1499
-1776
492
2055
1681
2405
-1938
-2995
1272
2999
400
-2200
-953
-1808
-489
-559
-672
1382
1639
-3194
270
1112
1783
-591
2735
-1047
-1389
-1473
-1905
-253
2282
3063
2820
-2027
2871
1462
-1183
2390
193
3131
-2737
812
-2882
-3156
1651
-2467
-1473
596
2675
-73
-844
81
-1766
-1180
-1845
80
-300
-693
528
1104
-67
-957
107
-1438
541
-1641
2858
-2831
-701
-380
-1012
1546
-389
-588
1110
2160
750
-1855
589
1676
453
-1421
-2887
1381
-1227
62
3006
129
-1230
-1404
-3132
-1853
-495
667
2798
-936
1940
-1572
2119
3226
2458
-450
-2347
-1618
3091
1843
1680
1223
-1018
1695
1963
-1810
934
1402
-1019
1669
-2050
-1645
-2943
1358
-68
1702
1112
509
71
-1508
-2318
3134
2447
1515
-1934
-242
-2913
-3045
-1939
-1762
-2598
2112
2375
-154
1709
611
1412
3032
410
2983
1763
274
-356
1015
-643
3245
-1291
-1330
1878
1463
-2195
-430
-602
2562
1986
818
1618
-319
-63
2643
-2057
773
-2216
2775
-246
-1439
351
-511
2127
-42
-3158
-2393
-1173
-2405
-2584
-2195
-1570
817
-811
-1549
1373
-1317
2787
-1873
3129
-217
2154
-1591
1722
165
724
-2255
-3233
-364
-425
2650
1710
-2406
3253
-200
2718
-1514
-2814
1351
-1925
1075
-2792
-2533
-2385
-2919
-2720
871
2883
-2866
1276
-2234
1739
859
2136
2657
2142
-1834
96
-2448
984
-911
-50
845
-492
113
-2364
1083
2312
2958
2243
2693
884
2994
2760
-571
1245
30
-1722
3230
71
1545
-193
-2178
295
2404
2932
-1357
842
-2064
-1122
1760
-160
1367
992
2116
3109
72
-3102
-2796
2889
2984
2235
-1994
2577
-2187
2389
1999
1310
-2864
-1287
2195
-583
-22
-2871
2351
1007
-1277
1251
327
195
-2886
2200
-1450
136
-718
-1031
-622
-1276
2832
704
-2361
2543
-2099
-2695
1432
-1110
2233
-1219
-3011
20
2318
1442
-2243
-1833
1427
866
-1178
194
-835
505
2093
-771
-1099
1632
508
1321
-1111
3105
-205
2910
1544
1642
-1870
2973
-943
-1794
-2795
134
3019
-510
333
-2323
2875
2032
247
1124
62
-626
-311
2503
-1836
1406
-1648
482
348
-199
1764
2973
-2790
1899
-630
-1323
-2966
1059
-80
-2276
-1741
477
-571
24
1626
762
-215
-3056
-2996
847
-2703
1221
1093
408
1765
92
2065
-1560
-1861
2112
-2840
2508
-1997
1516
-1401
1199
-2091
-2224
995
-2407
2538
2136
-2193
-2894
2943
-486
-3117
-352
2345
-1935
340
2157
-542
1000
-717
-1617
3169
-1935
-997
-69
-3188
-2210
-129
-2462
3029
-1466
2030
-50
-1461
1574
2067
842
1196
2444
-218
-3002
-1385
880
-837
3238
276
-276
-1292
-1837
2104
-538
-2411
1999
2144
-503
1333
-1761
-666
-2269
-2125
-2785
-896
-2224
-348
-948
-367
-1717
-906
2191
-2995
-423
2865
1936
1027
-166
-649
2172
-126
1921
-550
215
676
-2070
-2216
2281
2093
2068
3217
567
-961
-1177
445
1698
-1015
2924
-649
-2160
-385
2014
-1573
727
-1936
2722
-1675
-2518
-1297
-1376
-3115
-2742
-272
100
-1866
-1404
2012
1945
1457
14
1520
2475
2531
-2564
1899
-565
2624
268
-455
1346
-2218
-1588
-179
-1382
1704
1106
-2809
-1565
-2526
23
2241
-2910
-3002
85
723
-2259
2295
2786
1384
-501
-1231
926
-2668
-1007
-833
2400
2614
1473
2650
872
-777
1330
-1870
999
2549
150
2198
772
659
2105
914
1229
2405
-2391
103
1054
1270
-2793
-2564
418
2572
-2451
735
900
-2779
-1181
-2203
-76
2179
467
1646
-3113
1399
2462
413
289
-253
-2848
9
2651
1980
-3000
1115
2006
634
2260
-492
1341
806
-1253
-801
-387
274
2098
-3038
2029
2340
2241
-470
-1454
2799
3022
-2007
1850
-881
1424
-2506
1707
-1048
-2219
3084
1090
-109
-450
153
210
2376
1999
1839
-433
-1631
-972
-1951
1355
792
2196
1467
603
-222
1354
-180
-2302
-31
-2727
233
-1976
92
607
-138
3129
-2047
1338
2509
1506
969
1460
-120
132
-2081
569
-130
600
3225
1351
1029
857
-1726
-1374
-219
972
-2702
2694
1355
-2341
1922
1489
530
-2640
2017
1587
545
-2978
-1493
-745
1303
-2766
1229
1190
-1466
2846
-1992
-1190
2691
2232
903
2954
-23
2479
1953
1346
-2879
-1435
1992
-322
-1356
-1711
2682
419
-1060
-3190
-406
1791
-832
-1835
957
-1514
-20
2679
-2407
-2192
-292
1259
2077
-356
297
-1683
38
-2850
-2325
1528
-2289
-1943
240
-271
-53
-942
-1459
15
1789
-2726
1894
1786
-2379
-2602
3121
2784
743
-2072
-3055
2865
3100
713
-2842
453
1097
-1990
-2516
915
2977
-70
1736
1301
-680
3230
2144
1711
2747
2068
-1531
-259
1621
3161
-2724
-2621
-3098
851
-1388
1892
-2957
-127
-2588
-1161
-1942
-1529
571
-2275
-2056
452
-3122
914
-595
1848
-3130
307
254
-1572
-2881
-17
212
589
-2515
3224
-2232
-1450
1028
2002
-2198
-2297
-1466
-1959
394
-1797
-669
1450
2077
-267
363
2970
-208
2258
-2233
-2287
-630
484
-2243
-979
-2157
-1737
-528
2678
-3069
-946
-2631
-1347
903
950
-2802
250
798
1398
618
-2170
-2548
-1173
755
-454
1426
-1952
-600
-1704
3015
-1921
-623
958
1249
-1413
2702
-764
-2767
-1170
316
821
286
-727
-940
315
1896
-2484
1577
-1114
2915
107
-2455
1841
1734
-1515
-1412
-2284
766
-1225
1417
-1699
1682
1883
1519
-1263
-2503
1989
3044
-1108
-2406
3198
-228
2301
-1685
2964
2273
-735
2934
-458
2367
613
-1876
-2885
-1364
2062
776
-1787
2359
78
-803
880
296
-2517
-1999
888
2797
-2569
2555
-3060
3242
-121
2353
-379
-601
-2169
-1187
682
776
-818
2011
3141
-666
1113
2816
902
-1793
1465
-824
-2191
2354
-153
1166
557
2257
-1287
-2388
879
2520
-2186
749
-1076
1930
-2884
2312
-533
-2472
1950
1486
-2
-655
82
-1595
-2385
-240
2853
1015
-1296
767
753
-2291
-2648
-934
384
2760
-3238
1026
-920
-3023
-2589
2702
2636
3179
731
-3240
505
925
-2615
1038
2051
784
799
915
-1451
515
-1300
-237
-1632
-1235
1936
-643
2670
945
1722
2564
-991
-1793
2527
-2612
-2107
-1865
2078
-1358
2964
2583
2464
644
-1082
-1443
-2183
3197
369
-64
-2939
1779
-1061
2127
-3180
-3148
1901
2417
183
1598
-2156
-575
1024
1340
-1458
-527
-2350
501
-572
-2905
-420
3080
-965
2423
-2043
-999
-2539
-2197
1788
-2340
-1606
1762
2925
134
442
2594
2005
-2662
-3162
1782
-1754
2601
-2726
2453
-2434
612
1018
-1738
2425
-1224
-1289
2953
2375
744
1437
2274
-1371
2085
86
2666
893
-888
-1798
-2505
-1575
-868
-538
1282
1274
1331
2743
1586
2002
23
-1418
-1562
-1234
784
-346
-2031
308
1374
-896
2686
-2361
-284
853
261
176
2280
-1757
-1087
2558
-1000
-2330
659
-358
2080
2017
579
-313
3076
-2248
1593
1550
1457
996
-1370
1307
1908
933
2494
806
-1594
39
-333
-3099
320
2425
-2133
565
3108
837
-83
-2962
-1308
1652
-959
2724
589
-3080
2954
-1488
133
-559
1376
-171
-1459
1165
-1165
-2364
-2376
2274
-328
1561
495
-2614
1156
2499
-2287
1817
-2895
2150
-2117
2080
-812
3228
-1632
-3005
-3120
2769
2703
2432
982
2618
239
-2384
1203
-2083
-811
1341
-1331
-2791
1788
3191
2128
714
1279
-477
-1149
-267
1343
-513
1861
2683
2791
645
-1402
-1487
-2104
239
1636
-665
1900
926
-387
1002
-2508
-2951
2558
2982
-2974
-2347
2080
-2691
3275
-819
771
1965
930
-2334
3194
-2849
-2721
2737
2265
-1671
-2782
-2105
-934
-838
465
-2705
-1291
-1835
1967
-2130
-1097
1141
-2980
-1921
837
-1475
-2544
477
-2324
-1467
-1927
3198
1196
885
1310
-195
-1039
199
264
-1341
-2105
2866
334
857
146
-248
3004
3108
-2148
-1990
687
2183
-35
2579
-1000
-1453
2938
-3073
227
-2282
3118
3226
1825
1562
-2593
324
-910
-2759
2634
-2268
-217
2636
1710
6
-3191
-1100
-1171
2801
953
1726
-36
3226
-7
-469
2078
-3074
-1921
-361
1146
-2138
70
1229
-2708
1611
1990
2637
1899
-1473
-661
1259
3158
-913
-1218
-1229
902
-2059
-65
3255
-3097
-2884
-2927
2772
2485
771
2514
-285
-1978
1626
2788
-2358
-1031
2340
334
-1314
-334
1939
-348
1379
-980
1339
-698
-3148
2721
1442
-28
-869
1571
-456
-2766
-1306
48
-2282
130
218
-3018
-1611
-644
2246
-2966
1100
-2109
-1934
-994
2440
2346
1074
-833
-1861
-1280
796
-1182
2628
-3009
-1286
-2899
2672
2172
74
2503
-2156
-1221
-1957
-2412
-444
-1825
-1117
2626
-910
-2403
2076
1305
1634
-3043
2679
534
1358
66
1966
418
-2948
2905
-1970
2981
2105
817
26
-1746
-2007
-2296
-1542
-2536
1204
1785
1491
748
1817
2201
-2330
994
906
-2058
2912
2917
440
644
-999
-1554
2725
2503
2076
379
2075
-2067
-863
405
916
-1666
691
-3110
-2644
713
-2158
2925
618
916
-2060
-3254
-2364
-2370
1393
148
-1766
-1370
-2355
2458
-2465
150
-2536
-832
-1419
-2568
2818
1941
-2564
3052
282
-1299
2360
-2539
224
2870
2361
2137
301
-964
-937
1798
-214
-2406
-1400
213
1388
1352
746
560
1802
1007
-1788
2884
-2486
-2870
3214
-726
2712
2248
691
2749
-370
-625
-3016
-191
-1593
1673
1152
1651
-2854
-3228
-3072
1275
-563
-1059
158
-1442
-956
-2849
-2195
38
-1933
83
-2451
3019
-1155
1123
3109
-1074
481
2296
-732
-243
1922
-504
-3026
-1603
-25
-1112
-1712
3103
1358
-929
-1715
1391
1899
-578
-910
-138
-923
-1256
1250
2439
-3112
2627
-1816
-1900
-2831
-2337
41
183
-2284
-1267
-1065
677
1038
-2855
-2868
-1845
2903
-772
589
997
609
-2729
454
1973
-1507
2915
-1766
-1920
-2006
1035
-984
1418
52
2443
1878
-799
2933
-2997
-935
1827
-2131
2149
-3032
-667
343
-241
56
-2892
6
2875
1852
-2875
-2844
1365
2738
-893
-953
489
3092
-904
2705
-3070
390
-455
-793
2996
-817
-648
-1721
-2936
2970
1026
-1880
-2550
640
-2891
3188
2858
1586
2968
-3147
249
-1087
2339
767
-813
-772
-3085
-393
2816
-3112
1578
814
321
2143
-537
-265
1409
1999
-785
1433
1245
-409
324
-2095
2999
1444
2378
-644
-825
-1616
-1229
-2184
-3109
-605
1867
1712
2821
216
-592
-779
-2892
2388
-3232
2669
1646
2176
-2246
2277
178
860
-1596
1880
-807
962
-720
-575
1811
2397
-169
1429
1739
1895
-2170
1965
682
626
-2787
2315
1254
2999
-831
-1335
1084
-2923
-533
-2939
-1898
1835
-525
816
3177
3135
2845
1132
1685
-96
-1634
1073
1036
2764
-1688
-2715
701
1421
-270
-439
882
-2402
410
-2339
-3018
2916
2046
-1901
2554
-1223
660
1352
1317
-2293
581
-3145
1264
-99
2605
-3089
-766
-2567
1295
649
-1554
1653
-1311
150
2910
-920
-176
-1895
-2421
3112
-3061
1064
954
1193
354
-504
-2675
-1194
-2867
-377
-1744
1351
-1230
-2049
1383
-903
-2827
1557
94
-304
676
-503
-1745
2190
-2106
339
-2140
-97
2460
1251
1942
2066
-64
-3014
-336
1607
3207
121
1836
1432
287
1002
2927
-383
1025
-862
-2041
1224
959
2452
2143
3257
2818
-657
-1832
-1391
1656
693
2586
2932
-2787
1164
-749
-1076
2894
2024
-2856
2731
-3197
1883
2421
1347
1982
1026
3271
-279
-965
2654
3049
-532
-1283
-1022
-694
1792
-2669
2317
1516
2739
3154
1274
-1051
510
-1124
-264
-1546
163
1327
1863
-760
-2028
-3265
-1310
-842
-2766
-1778
1930
-2809
-22
1981
2601
718
2391
3040
-2959
-2499
-93
2976
1339
118
-3266
1169
1689
-2438
2772
1943
456
2513
-2354
-2483
-1199
-3198
2718
2774
2347
2789
-2462
2850
-1672
-2329
-264
1751
-1657
-2289
-2402
-1818
70
763
-1675
-1589
488
713
806
839
2561
535
301
703
-2343
510
3176
920
1611
3134
-3203
1540
-293
-1555
2603
-539
-1298
-1149
397
2390
2604
-2539
-82
-2953
-2815
1837
1660
751
-2643
2048
-135
-1812
1612
-853
2113
-268
-736
-704
583
-725
2792
2815
-300
-142
2298
-2986
2713
-1403
2358
434
-2314
2218
-1103
2503
-1136
1236
1147
209
-3209
915
3273
2575
-2662
210
-2939
-246
1615
1746
-2970
-1683
-2469
2324
-951
79
1678
2530
-3150
485
-596
1713
-642
1467
-1753
-597
-70
-2631
960
-2032
1774
-765
898
169
-730
-1180
-1029
996
2297
469
1169
2642
-934
-1509
1602
-325
-2495
3161
1299
-1097
637
895
-1563
-3203
-3117
-3253
-196
-3035
3250
3120
-876
2286
1776
-2675
-1126
-632
-849
1808
1038
1941
-2054
-2661
460
-861
-2110
2168
2319
-2017
1756
-864
-1578
273
-515
-786
-203
199
-1627
265
-1583
441
2501
-424
1684
-2253
2104
-108
2628
-243
-1427
-3068
1389
-490
2205
-236
-832
-503
1734
757
1197
-2031
-646
2354
-2616
378
3233
2398
334
2884
685
-3167
176
-1786
-1060
1610
1551
589
1527
-1205
1231
2099
2903
438
-454
3231
-2028
1893
1124
-3004
2719
2157
-2910
-811
-2624
1125
-1005
-958
1065
541
-527
-97
2408
-534
-2187
297
236
2321
428
2489
2719
2746
-734
1048
1038
1447
734
1913
2957
-564
-496
494
2671
2329
-308
2710
339
-247
3184
406
2726
-2510
1075
2512
-1780
-1364
-1636
723
1643
2187
3152
998
788
1775
-115
-732
-1171
1471
1076
617
-1914
-169
239
2298
1072
1153
-237
-1383
-2117
-2647
2900
1656
-3249
2709
2113
-3086
1989
2617
-1434
-1677
329
-286
-95
-401
-3222
-2603
-7
-2984
2926
2897
720
307
1656
2700
-1986
68
-1419
2756
-273
-2783
1927
1985
527
-3020
2940
-2607
-1294
1530
2420
818
2174
-945
2171
-2572
1558
2596
1087
2405
2186
3048
1140
2291
3248
-2921
2451
-2795
-1503
-351
-1291
-311
1418
1775
1510
-1322
-458
-65
148
649
1437
2461
-2117
2517
-1756
-3200
-3210
969
2000
-1781
-1346
-2340
-1991
2563
-783
-1777
-2871
2596
-737
494
-3262
-454
1076
29
1347
1227
2932
2915
1171
-1904
2929
-236
-1069
-2548
1863
1837
3231
3023
-462
3104
-1946
-737
1131
672
-2673
-2796
3095
2187
1516
-18
2036
-1167
-27
-546
1359
-1678
-1106
629
225
-3094
-1371
-2740
2415
-1225
-1254
1238
-407
1076
-1370
-2854
-793
-1889
-1136
-3165
1981
-3133
-3201
-3120
2777
-1798
763
1303
2955
-2972
-3224
-2147
-561
1474
-1081
3113
-2172
1122
2018
3176
207
-3128
-2121
1508
1531
3070
-800
2438
2072
3131
-2121
-655
2345
2401
877
3020
1479
2873
2362
1721
-1391
3103
-410
-1349
2865
3086
-723
3056
-1401
2109
-580
-2238
1901
-459
218
2923
336
1011
2948
-1855
1984
-541
2480
-2933
2918
-3085
-691
75
-982
-524
685
-2000
1124
2729
3250
2725
-884
2098
-3201
2232
51
2932
575
-2165
-1175
-204
3026
-2592
-158
169
1161
3088
-1189
2792
1954
2298
-1495
2769
988
2450
20
2637
2374
-1211
-2979
-388
1788
2327
-1613
2712
520
-1295
-2858
1688
2472
2314
-2879
-1653
-822
1297
-995
1450
1886
3258
3185
-2675
-364
294
-2821
-298
2254
901
1634
905
-2276
2521
830
1213
1958
672
2882
400
3063
-2765
-2026
1189
-1174
-1844
-1234
-2251
-416
3189
864
-2444
1914
3073
1979
-231
258
-2009
647
-103
-927
2413
110
259
2575
-2865
-491
-736
1075
693
854
2482
3229
2763
-2254
1760
2977
2695
-1636
843
906
-430
-3041
-288
-1291
-38
2682
-1251
2830
1079
-302
335
1141
1473
-607
3097
3091
820
2161
-452
-198
-1132
957
1434
1731
-450
6
-3163
-1734
1236
-544
-1658
-1914
722
-2988
-1069
1314
2076
403
1951
1585
2841
-153
-3126
1701
-2149
-2221
-1571
-2345
1888
-2384
2255
2580
316
2760
1049
-2896
-2076
1949
407
152
3106
2318
3045
-1913
-1044
-1042
-723
704
-153
-3084
802
-2151
-2914
-1616
2587
-2586
-2433
-2080
-1817
-747
1267
-1230
-2272
507
2112
-3025
-522
-3105
1377
2669
129
-2905
2845
1888
-344
-2120
-2720
1126
465
-566
1338
3052
1568
-759
-1805
-1976
-1098
-108
-2922
-2005
-1036
-2560
1676
-2583
2370
-998
-2296
1694
1338
-1208
727
-615
-2443
-11
-3083
165
-1249
-2694
722
3084
-2900
-854
-197
-2023
2729
-464
1967
-803
1756
-1945
2375
-875
1757
1818
-3190
323
-3153
-1156
-1679
-2696
1667
2618
2564
-2742
-2666
2627
1131
2313
1905
594
-1826
-1546
1936
2667
535
2148
-813
1149
-1206
2151
303
-1509
765
2105
724
885
1478
-2740
1944
-2360
-1110
-30
-1309
659
-2038
1030
-306
2100
-3270
-555
1018
2087
513
-773
-2230
-3145
2217
-404
848
2463
763
-2848
-2213
-871
988
867
554
788
745
1091
11
-2932
664
746
987
-2659
652
2600
-1071
1681
-600
2725
-851
-494
-304
3272
-617
-1971
2462
-2926
-364
977
2638
3183
3173
2567
-1750
-2721
1227
-215
-2010
-2316
-818
612
-1760
-1691
1425
-90
819
-1812
-1205
3172
-3087
-504
3271
-2824
-2745
-1639
3242
-1733
-1570
663
-1839
2547
2955
3220
1531
-2239
1635
948
3189
-231
3159
2875
-2983
977
-2984
-2500
948
1650
1811
-416
165
-997
-1123
2764
2541
-444
-338
1506
-480
-747
2958
906
-3104
-1594
161
867
-1254
-158
-2026
-3182
963
-1083
-285
-2506
2991
-1632
-1372
-2473
2425
1575
-707
2422
-1944
1899
2991
-2620
-677
2593
-2945
1074
2855
-1954
1799
-3162
1491
-185
2337
-2794
1648
-1742
1592
-106
-2470
886
1170
-266
-2862
-2149
2010
-3176
2642
-2036
-218
759
1827
1153
-3076
2116
1127
-2241
2853
-1666
2314
847
-3116
-183
-1617
2292
2261
-1739
-711
567
-2622
-2635
3177
-2630
-834
761
551
-2164
1520
-368
205
975
2128
-2428
1895
945
1685
755
2315
2710
981
656
-304
-112
659
632
1000
-1717
-1880
-1893
-571
-498
3218
-2803
401
-173
-311
2165
-2304
765
2806
-2534
397
-2662
2818
-2618
-2864
173
-2417
-703
150
-2813
-2507
811
2670
-458
247
-708
756
-447
666
-1473
2762
1987
-3145
-2019
2346
-2129
-1357
-2332
2307
-487
-2908
2459
977
-2776
2861
-255
992
543
-2338
-1714
-1409
1315
1668
-1214
-2630
-1278
-3096
2307
-322
-2022
1728
-2869
244
-3118
-2729
-1325
-2181
2929
-1893
269
927
-890
743
-2011
-820
-1933
-3013
-1532
-1716
1890
2754
445
2199
1253
523
-1178
-1430
1795
2553
93
-1674
-1851
2396
-2369
1654
2936
3128
-383
3075
475
-2545
-2140
-688
435
79
1775
-1328
-114
-1347
2948
-1534
-2787
87
-188
2642
-60
-2585
3147
21
707
-2750
1531
757
-2086
-1348
854
-1542
-2150
-3047
-1013
-3089
2463
2338
1826
-3241
119
-1004
456
35
-1906
2941
1337
-1388
-2902
-1090
-2165
2581
-2847
-2789
207
-2570
2454
-2409
525
-194
1974
503
3312
-341
3864
496
1639
1096
-207
2869
1734
1902
266
2662
1257
5042
838
7525
1475
4866
5399
104
2719
2765
2152
1893
859
102
784
1011
1632
-389
-1098
790
6296
1714
5490
4368
3243
289
-527
1778
-475
-474
410
1401
1113
1209
4498
1726
1881
2073
-264
-2049
7321
3527
-973
1640
385
6483
4696
-1082
454
-135
-776
86
3458
1522
3102
3613
236
153
-316
1369
8
-410
484
1201
525
4700
3758
3705
1910
442
472
-2000
3239
2552
-358
789
1715
5911
742
-1122
192
-90
2220
2274
5923
598
7379
4565
4337
-308
-208
490
1710
5026
350
2272
2869
710
6925
2145
952
351
2614
1849
4443
5344
-721
3714
183
733
5332
-1811
1049
2773
-51
386
1561
348
4460
538
2425
3003
-242
1763
528
110
2197
888
1306
1468
1709
2770
2770
1694
7425
-389
242
2928
2682
586
1103
563
862
-347
260
-360
-938
388
6225
1723
2680
286
110
1359
534
-28
2125
-427
303
1446
372
1988
3976
577
2638
3281
318
-1486
5521
5509
-368
1825
1681
2695
1280
-665
2891
794
1047
779
3653
-107
2898
99
1235
1394
-408
78
-23
2158
306
1482
1651
331
2076
369
240
430
3290
1016
2902
3740
44
2898
940
49
2388
-708
164
-733
2555
1542
1875
504
3040
2654
1317
-763
-243
-397
706
1568
400
529
4897
207
25
1720
1744
689
-522
-300
2152
811
-673
4063
322
172
129
-1028
3595
2715
2919
663
192
-258
7869
873
1777
1510
-556
-173
-180
4019
304
3332
258
3260
194
625
3394
2653
2270
3346
-16
498
99
645
6124
46
7850
-1374
1853
1254
1949
1197
5704
1218
2020
2679
514
1189
-144
1437
1815
2807
121
1600
1508
2892
7483
1553
931
338
6019
102
4317
5177
-549
4315
3203
568
2299
-373
5384
47
-195
1053
3374
-141
62
723
1675
4252
-591
2021
-317
-118
2479
3292
3399
1752
257
4180
4134
2465
3004
-713
3550
1536
-291
3549
4288
2432
1937
271
5127
-1125
2369
536
4737
-2362
1166
2178
989
372
-853
-257
-462
3946
380
418
1018
5542
222
4051
959
2643
208
3205
5161
1763
-707
4967
641
290
347
-494
1698
-595
462
426
3230
-1058
5163
4149
2572
80
-734
1158
-539
993
125
1548
381
2648
1761
2210
2491
1454
49
-2
3254
2007
553
1256
1150
3407
931
-2336
598
-226
311
3616
2195
-571
4530
2657
5852
1108
-518
3572
-204
-66
250
1698
2260
888
964
2043
3434
3179
5210
-754
2744
1222
1936
4072
895
1724
846
-1019
675
1903
-68
559
2533
1628
3204
318
1033
1049
1658
94
3297
-146
202
1331
397
2566
1846
518
1424
2593
3403
-688
1055
4128
1005
1382
1124
88
852
-1808
1883
-1598
915
3469
80
-1400
2784
172
2847
1042
-576
2144
-213
-289
148
2151
2087
1975
797
18
962
1387
-443
-975
1183
4174
1246
2041
265
616
1658
-1353
629
-402
-576
651
1550
1665
5865
900
4372
1441
-265
4008
7
-503
100
654
9378
1062
122
6084
783
542
409
-2058
2511
1307
1538
6929
1628
4255
563
-451
33
1102
-673
400
2450
231
2202
2677
1329
1462
-536
1531
-399
-225
142
1245
1380
2084
3855
1321
2664
721
2098
-1262
1248
3155
629
2665
892
5929
702
-1515
5083
-285
1680
7384
5059
-1203
3587
3949
5456
1886
-655
2645
-289
2694
95
891
210
622
938
761
574
4800
1237
183
5324
2802
-212
795
727
1212
1915
-1847
2810
-135
4733
1467
2469
-2185
80
4602
-128
239
-641
188
-141
5795
425
1912
328
4143
2397
5398
1564
4123
1409
3769
293
2668
435
1400
802
1486
396
-33
1348
970
1066
3561
7471
4378
267
3583
-6
641
1860
3848
3325
-177
295
367
1483
1968
9797
1747
2848
3620
4846
-1431
6923
4988
-125
3338
5630
4478
4469
-326
3043
-53
2390
2922
9894
591
2867
5817
743
1170
-268
2975
124
3517
248
1952
531
1934
11662
1868
2393
1453
5961
380
8842
7060
-1138
1470
3838
3439
5256
-874
2733
-515
1534
5811
8313
-877
4699
9247
5761
-180
-737
2425
-351
5834
178
2279
4137
2242
9052
2392
3451
6817
2402
2302
7472
6479
-867
5188
1698
3715
191
-1655
1171
-857
3574
389
6023
-786
3027
4858
3273
-281
-282
-104
1576
5562
336
75
3125
1209
3106
1488
1242
177
-24
2387
5433
3786
-1132
3885
1100
455
330
-477
4764
61
2492
840
4103
-1801
5288
8906
1664
958
-1026
3189
-864
3057
373
1947
667
510
4618
439
987
1434
2598
531
3880
2776
45
1984
1448
5198
6444
-467
183
-244
-437
751
1181
1026
2288
312
2662
1905
-235
949
151
-520
171
2181
121
2156
369
6127
762
199
118
-1626
1080
670
1052
1807
1198
2449
267
-1991
299
63
-322
1014
2492
2268
588
249
1167
2168
1795
2328
3197
-296
798
344
142
1887
382
1114
1118
200
4504
-1118
2173
2358
904
2011
331
49
309
-60
2478
-297
1326
265
2304
-1538
4001
5026
3238
-122
-962
-90
-817
3171
146
889
1469
2789
2338
1538
2384
1188
-26
1982
1904
2160
-321
2632
1821
2704
192
-1437
2753
-1683
1321
2126
7915
-2032
705
4704
1712
1586
-738
4801
-355
834
307
932
718
1768
1267
2190
1635
227
1007
-424
9139
2595
-350
368
938
3834
131
29
6245
3660
4577
245
195
-2959
3512
11391
506
714
-1494
1629
-1560
3912
260
269
780
1808
2968
441
3263
1469
3516
2597
-166
1009
3137
2337
5239
6710
6591
477
159
2303
-623
1105
2344
2774
1406
311
1281
1817
409
1556
875
-732
309
656
181
275
2693
746
1789
929
3701
-2046
1667
3096
1671
592
910
3349
493
52
2701
-221
-293
802
1458
109
3111
673
2126
2053
-527
520
-258
-333
262
752
721
4161
589
2344
1529
88
366
-1141
1369
428
-411
519
2155
3996
1735
775
686
8
547
1404
5799
-894
6303
279
5263
-379
-483
-95
-84
88
85
1319
1127
2249
4184
397
1342
153
544
-72
4790
6012
328
2121
1016
2092
1061
-697
792
3081
-212
1031
61
-195
9204
727
6406
-77
-405
1259
-205
-455
129
965
1225
4050
1427
4950
2171
2760
3579
-1655
-100
1432
5775
1687
833
5531
1261
-2068
842
573
729
257
131
-332
1059
3202
22
1230
-557
1790
-305
893
229
1625
331
948
114
1697
1094
944
2666
-245
21
140
1871
1408
252
2181
101
-1169
316
1702
-344
48
76
4360
1055
915
730
-194
-128
-309
887
-180
255
181
372
2652
93
1271
3345
1328
-175
-1161
-60
496
-415
2926
218
-56
886
-2797
237
-882
587
1358
2020
-1106
467
566
1386
684
-422
4243
52
-58
227
287
1092
3538
344
2546
4129
5102
2859
-658
2125
455
3994
3621
1162
1445
531
-2539
778
38
2487
1795
6174
1845
3537
409
577
-128
5326
459
9308
3922
67
3076
648
934
5167
1910
2677
4267
7036
2014
4611
7526
818
755
1354
-683
834
-1769
5208
-372
1909
4799
2620
-2159
5745
5051
5449
1289
-923
-28
-670
4635
74
1633
391
5365
118
3108
861
1229
-53
2697
2492
2413
-713
6471
695
655
869
-2048
3672
-384
4575
2293
4728
-992
2066
3517
1083
264
-444
978
13
6400
333
660
1993
1450
1192
3783
293
723
1957
4120
4637
2293
-96
1161
283
-1
2838
-424
2529
2834
1029
318
340
318
4158
489
2906
1707
-256
-187
407
762
1654
1746
398
3972
585
5085
2221
3975
3127
790
-36
1441
1893
2171
813
-210
543
-1485
2701
-138
3508
4987
1509
81
5489
1933
4285
835
-294
1527
868
3235
89
2326
2520
3337
1923
2303
565
417
3021
1578
830
612
-54
4935
3370
-9
3945
-313
866
-1102
1796
3509
8278
-188
2262
3040
918
-72
-272
1482
1142
1148
179
2199
574
1068
4903
629
1366
6580
9
-229
8339
4398
-917
142
1045
1972
405
-1049
2772
3627
279
1235
2593
-167
2338
4715
2862
1425
-660
321
-549
1724
121
645
380
2996
6191
2219
977
1142
5664
-155
1665
4829
-131
2299
285
1640
426
-405
1004
3137
-1571
806
2594
298
5023
2287
3312
3654
-599
4637
-588
-595
1891
956
1296
4319
4163
3652
1058
326
7227
-2510
2350
4162
1267
2333
2986
7493
638
2240
1267
2846
-2106
1220
3336
282
1671
277
1647
3458
-855
1239
-989
-1058
1352
2514
1330
1936
4193
1715
1261
2392
2862
-2682
3124
4192
288
362
754
9464
470
337
830
1637
-1435
1360
4630
-243
4502
2606
739
2494
-613
2755
-561
-758
94
1152
153
1421
6955
1218
2103
3116
4295
-2315
3652
6719
915
1696
1557
8940
1759
-57
-19
1585
-1214
331
1954
3810
2653
446
2585
2242
779
26
1460
-657
1011
1387
861
4763
1803
3703
2273
1199
1988
-1898
1378
2896
-72
1019
1409
2117
251
-1164
938
-351
2340
170
5955
119
1488
4307
1397
36
-380
1033
-7
3414
214
508
1670
808
3408
2898
1969
352
501
362
5843
3082
-728
894
830
981
1278
-994
3584
-188
1097
760
1155
-2514
1759
7507
968
363
-1166
588
-1103
3825
226
83
979
3030
1332
2890
1655
658
523
1915
513
2177
295
2739
928
3364
686
-361
3687
86
-500
685
4552
-541
5279
7256
4245
2129
-748
3792
-650
24
134
1606
737
596
6360
705
1170
4582
3771
-1318
4159
3333
-375
1954
3456
7316
473
-2444
3479
647
497
1540
5910
2694
5497
296
4079
2959
1525
35
3605
4255
2399
897
605
5769
3095
3321
1149
989
5392
2260
5741
5626
-1480
5068
2524
-1001
2987
-1928
4058
3539
324
568
276
1442
44
101
131
2018
-452
-666
-238
3663
1914
812
-51
688
365
685
1167
1285
1184
2739
9
912
-421
332
174
-931
122
-463
109
-804
-866
637
6101
5557
1315
403
271
1499
4164
3065
6167
-844
409
1336
270
1840
341
1113
3563
2217
434
-2964
7780
387
-693
1503
5049
1931
4965
-240
796
3502
-495
596
843
-528
1446
6482
2414
1142
-892
2975
-937
-247
119
1062
451
3605
6321
3061
792
1115
6008
-1229
16
3560
1827
3791
674
6786
160
360
1017
1259
-1408
1632
6270
140
3786
302
2294
3409
-346
3605
-103
-953
1524
2460
1468
5486
4893
8858
2959
920
5837
-2528
5157
7210
2591
1770
1789
7438
1616
464
3087
2379
978
761
5841
-1258
3038
5534
3282
1111
-740
1951
-614
472
134
2669
1524
4371
9235
2229
968
1468
6343
-351
4132
6527
420
3937
228
6594
304
-1618
4671
-426
1300
1587
324
-915
929
3696
1667
601
-619
-124
-291
3140
234
958
1570
3590
498
2956
2058
3294
250
1162
328
815
-727
1413
2315
-245
1391
1405
1996
-95
-769
614
46
-282
414
3802
1256
249
-834
27
-854
-595
253
1184
207
4839
1336
2767
3669
695
-316
-1872
13
1082
-207
2080
5661
7571
675
-981
1318
-181
332
605
7525
176
4821
54
3341
1797
-148
41
899
178
388
1810
5395
4544
5561
8766
819
1193
2336
-572
7115
5319
-885
2115
1035
1381
663
-1452
2973
-496
1721
368
151
-240
840
234
976
604
-400
-365
-16
3485
95
1200
511
1565
336
784
413
475
-206
2596
661
761
-537
1031
1215
-625
292
-1636
92
-199
3372
216
429
-319
1875
5411
1081
-750
-398
-372
-94
5693
291
572
132
1281
1295
1377
485
192
-173
3158
27
1418
-471
2508
345
-335
239
-1256
4100
25
-92
1003
126
-547
7913
211
4639
3402
-626
2144
-330
-171
2252
3140
808
4255
434
1236
192
1051
1394
-451
78
2364
1231
1004
4267
341
5558
-998
235
-465
906
664
7098
1821
6156
132
3271
-480
2769
-677
5677
2999
435
775
1512
6232
4119
6615
1151
1330
211
755
6202
6198
-1255
1198
1566
-285
1075
-468
4952
-84
379
812
5180
-418
1276
121
1448
2278
-393
-168
-105
1963
2062
326
217
4853
3053
2780
2455
525
2965
928
5263
4407
-1012
2236
3650
-227
161
