3162
1240
-1437
466
147
-1235
3232
1056
-939
3059
-727
2262
-506
-588
-1908
2581
1242
2041
-2779
-825
-1146
-1797
2161
459
-330
2028
2886
-120
-4
3089
2809
790
2197
1786
-100
624
1479
3091
3239
-778
1564
-524
-1587
808
-1303
2029
-1421
-243
2868
-1077
1177
-585
1126
-2028
1513
-357
-24
-429
-2511
956
646
-1968
2117
61
-3032
-2121
1599
1590
2363
-2642
3177
808
125
1871
-2890
-1363
-1960
-2134
419
829
257
2519
-773
744
-984
-1083
-1114
2420
-99
-455
3113
1929
-787
3241
-720
2175
-1688
3247
-2866
-310
-1051
1515
-3052
-2616
-124
3139
-3045
473
-2167
-3210
2369
-2948
-523
-3130
-1729
-1204
-589
-2623
206
-1455
-264
-1871
-2724
2154
-2099
-1120
-2219
-606
-1521
-466
207
1485
1889
-2515
-1948
-2775
-1976
2024
1151
-1772
-635
499
2202
2401
-779
-2241
-1584
-2249
1467
-1765
110
-2793
-1492
-2023
-178
-2128
-1504
1796
2937
1545
846
980
-3204
-2779
2019
-984
261
1589
-2104
317
1567
1709
-2001
-2741
-1992
-2997
-406
-858
665
-1760
-3045
-3021
2768
709
25
-265
2026
-383
548
2828
-1996
-36
-2420
-1773
3268
-2276
-1136
2395
-1100
1914
-2678
1273
891
-1855
-2575
47
-2512
1646
-2991
2916
1066
2358
-1803
-948
-1978
2155
2
3220
2127
-1957
-1667
1157
-1149
2990
2707
-382
-3226
-1221
-1507
-465
-1135
-1357
838
-2579
2250
-1256
1751
3009
2863
42
1194
171
-233
-1025
-1649
-903
-2792
-36
-1488
1804
-728
474
2406
1144
-907
2768
2206
-167
1911
-1138
-1248
-1524
-2309
2314
-3160
1795
-146
-786
588
-921
-248
2157
1933
1774
-3035
217
-746
-882
-1992
2116
316
-1056
2907
-530
-473
-2062
-2273
1737
414
-2251
-1554
3268
2595
-2156
1629
1237
1231
1552
-877
2018
-2291
-1053
712
-3046
-3251
2560
-3054
1810
638
-1675
-1216
1128
-1751
877
-2235
-436
1697
815
1984
1279
3078
-715
2883
387
623
-455
2142
2423
552
2488
-170
2025
3144
1957
749
1521
-2039
-315
-613
-1284
-521
-2348
-2300
-309
1884
-393
2983
-186
-2627
1557
-362
84
1870
803
-1199
-1295
1312
-957
-87
1323
2636
-2661
795
-2218
-1904
-304
3221
1755
1387
-1729
726
-2241
2544
-2189
-1000
-1356
-1429
-1049
2817
-1303
1952
1109
1013
2963
-2375
-2643
-547
850
913
-887
2583
1236
61
-1444
801
795
2208
1748
2902
-1010
495
166
-1722
2087
3256
262
2154
-566
1021
-1219
703
273
-2482
510
1395
-160
595
-383
-1776
-2629
-1770
-2335
1038
-10
-734
676
-2790
994
445
-2499
-1095
286
-1129
-73
-65
-1615
-634
3013
-1585
872
595
-3007
-2213
44
-750
1264
-2205
1378
2024
-1823
-318
-1539
2432
-391
-3149
522
751
2868
-2590
-2185
626
762
2659
-610
-1904
2324
2081
2905
-1555
-1783
160
398
614
-3045
-1053
1339
-1027
-1736
254
-542
276
-1166
-1895
-2233
1189
-176
300
1254
-1637
-2840
-592
3242
-1426
1455
-2200
675
1697
304
-2049
-1158
902
-2475
3238
-391
686
-542
6
-1499
2411
-1737
2158
955
159
-1215
-2422
-2676
2670
-1067
-2924
-2828
510
426
1601
-728
-2769
-2246
2540
-3236
746
-1298
-1769
1766
-1365
-2169
1352
-2845
1053
-2751
-2360
-1083
-1446
2031
-2339
-439
2176
622
-2759
-1940
607
2421
2276
-1183
1897
2845
-359
1160
1171
-284
1426
1902
-2731
-1449
1811
-1096
676
2910
-2301
-1247
-2174
-403
-2303
-1488
-1146
590
-591
2687
2508
-1958
1790
-69
3196
2170
1047
-1615
2422
-1538
2585
-3228
2747
714
1339
2104
-2707
-1150
-696
1873
2804
-939
-830
-1567
-969
-2172
-2816
-2085
2398
-2769
-3086
-2442
579
-216
-905
-3245
2326
2491
-1017
-163
976
-273
-2126
1491
1737
-109
-2984
2642
-3256
-786
1774
2144
-653
70
1217
-3008
-1963
-1450
-1854
190
642
-3155
901
-2421
-1644
595
-2159
-1447
-186
-2193
766
1363
-2568
-1930
-1132
2604
-2272
2682
-366
1429
250
1845
2024
-601
458
-2167
3192
657
2469
-863
-625
2286
2434
-917
388
-2855
1729
-286
-2896
2231
-399
-2245
1560
-921
1603
845
-2969
-1747
-2457
-1777
502
-119
-1256
751
-926
-667
953
2145
-3094
-1007
2907
-2981
-1690
-500
2956
2931
-304
-935
-231
-276
1171
1884
-1655
677
356
2695
-1379
-2954
-3082
-1492
-3214
-668
976
277
274
-2148
3053
1541
-336
-2024
-1787
-2322
1662
1483
-1682
821
1199
1169
3046
-3036
565
-781
-948
3233
2249
3069
-2689
621
-2365
1021
-641
-259
521
-1032
-1542
-62
1578
-2397
-2408
-885
-1393
-1104
1606
-2437
2367
-457
-1222
2604
-1754
-897
-273
-2925
-9
-838
2452
-1773
-316
2045
-499
70
-2822
-2630
-2200
1920
1557
-3142
37
1978
-2436
286
2766
2056
-856
-288
-1405
771
1266
-2246
2820
773
1410
-2028
-1599
-1411
3016
495
-2243
-2516
2784
2111
-2453
2853
2831
-530
1320
-633
-1767
-2120
492
2861
-2683
-2164
133
-2526
969
-1046
2361
-3270
-2845
-1901
-2163
734
-331
1122
-3253
147
1997
829
698
3056
-585
1505
1635
-1560
-2200
1555
-2634
-537
-3094
-362
212
589
-291
846
1115
-401
494
-2602
3110
-3015
1109
-159
599
-988
-604
2263
1673
2518
288
1826
-1885
470
1177
1133
-2586
-1460
-1081
-1546
1693
-2193
1644
-979
-2060
447
-468
1570
1823
-1769
1783
855
3169
-1411
-2799
1281
-1251
2855
2984
7
544
3154
-2003
2196
925
178
348
1217
-879
2715
2896
2216
615
-1624
-2676
1357
-315
3221
233
522
2398
-2734
-3114
-489
-687
2724
-173
3155
-856
-2388
777
-2881
2680
3097
-2327
-1955
3063
-983
-469
1838
-122
1824
2635
1946
2183
-513
-2616
-446
-3227
620
984
188
-3128
869
2611
-2784
-1841
-1187
-2055
-1994
2220
-2709
3256
-258
1327
-1626
1185
85
-2734
2464
1265
-1193
-2035
-1023
-2083
2677
-773
1168
2777
2852
-3079
-2434
-1672
-474
2689
-561
-585
-3121
-2482
3224
-1408
-1240
2882
-2746
1248
2199
-827
-629
1955
1612
-1555
858
3129
-2948
-452
-840
405
-2414
696
-1425
-591
343
954
-1995
-2489
1595
2808
-2296
-1993
376
-70
1378
1368
-70
-846
75
222
888
-1653
3260
-2237
2441
-1106
1073
1370
-14
-1595
-391
1805
2214
-1249
480
-3090
-1926
2625
-2209
2122
3204
-606
-2529
3250
529
-898
-2578
-1868
-841
1376
-2019
-1690
-2998
-2761
1338
-2248
1562
1010
1912
-456
2134
-1552
393
2209
1395
-635
656
1094
3038
-2130
1641
490
-10
-384
-2928
-191
2078
1434
-42
-578
-746
2767
-1259
2943
-1127
165
1657
2243
-140
2777
997
-909
1468
-2191
2902
544
1357
188
1830
-3040
-2491
-1341
-1850
1684
-1177
2736
-380
719
-2491
725
1340
694
-1521
1954
2273
2
-3167
-1083
1251
2148
-2275
-597
-2328
757
2361
1067
-2215
-3110
1459
3103
1797
-3201
-1972
979
-1813
-1022
-1200
-491
-2224
-2489
2411
-2722
2693
-623
261
727
20
963
-3273
-3084
-2410
-593
-1877
-2798
520
2410
2070
-2931
-2098
3205
1694
-2366
1063
170
-2970
-1586
2511
2918
2879
-2897
-253
-133
-383
-2200
335
2995
-1026
-1107
1018
1908
-696
2350
45
-3108
-1521
2737
1516
1145
-2678
-234
738
1487
981
2065
-3104
381
-1712
2670
-1110
394
410
1631
2360
826
-2094
-2004
-2438
-2819
-836
290
-1134
1455
274
1506
2235
-2767
-2600
1197
254
-2010
-2495
1388
232
235
2773
2146
-2998
889
2285
2700
227
-3116
1756
-182
606
-3112
-1611
2360
-867
567
1266
-1570
-2239
-1854
749
2678
-1741
-146
-1512
1619
-500
-1366
2663
628
-2049
1441
819
-14
3020
921
-429
-2423
995
-1319
166
-455
-316
1385
-1059
915
-2390
-2922
3205
-2632
-477
-601
-2681
3266
2201
-2691
-2081
860
-681
1848
-759
-2701
284
1199
791
1385
1424
-1912
2894
-2283
2905
-2731
460
-857
-829
-52
-440
2061
-1463
2249
2541
1044
629
-1573
1182
-818
-534
-812
1293
-576
1154
-1513
1916
-1829
-909
19
-1270
2691
2773
-2338
-2187
1924
2367
1163
2319
954
3001
-2370
-2263
-435
-495
-2377
2274
-3026
455
1727
2137
-823
-2243
2714
-2022
-3110
-2993
2576
-2274
-2757
1481
-2740
-2151
-1642
-2390
-210
-2003
-123
2216
-1862
2916
442
681
-2186
-1152
-2679
2752
3236
2729
2258
-883
-1758
-2699
-2153
3071
-1220
-209
-369
1047
-424
-1490
-2966
-1246
2991
1228
-922
1327
-1846
-182
2295
-2990
-2237
878
1181
2180
661
-3038
-1468
-2344
2871
2179
-2845
2401
-2950
-2302
-1622
1323
-2986
2969
-2158
-2388
2188
-1484
-852
3079
-1196
-3192
3170
-1480
1956
-784
480
2766
-2873
143
-606
1896
484
-3245
-2010
2852
-2626
2962
2507
375
818
-2994
3085
-1526
1654
80
-722
-2038
1628
1542
629
-1267
1690
-647
-2938
-1189
-232
747
-2880
-3115
2795
-99
-1172
1945
-2709
-2212
3202
669
1127
1765
-1872
2799
1751
1950
-456
-1305
-981
-2560
1164
-2989
-1339
-3254
-204
2319
857
-1528
-315
2752
-2872
2000
-1737
575
-365
-1713
-1146
2561
379
1988
1634
-2085
713
3082
-3049
-3139
1028
-2178
1446
187
1925
2833
-314
-565
-2648
-3241
1183
-435
-233
-2540
-2294
-768
-1350
1002
-2441
1662
-1333
3035
-517
138
-1848
1601
774
-1920
3006
-2840
-2417
2490
1053
-116
1526
-902
-1391
690
2791
2643
-2284
-1127
2063
-1919
-2587
2290
-3275
-572
-1490
1439
2516
-2581
1311
2095
2609
-546
-2721
3154
3059
-1406
-3018
-489
-2309
-1908
1329
2044
912
2769
-2580
-254
-906
-1601
-2602
-1482
134
2466
2358
-875
-26
-3254
1718
334
-2892
2096
2683
3120
1249
-2359
-2384
284
1599
1631
-557
1261
-1010
-902
-2448
-184
-1678
-397
2116
2217
-1194
562
-2100
2900
2291
2660
-5
1459
-2750
-2757
-822
674
-436
-1393
-1576
-1450
-2193
-3206
175
-2516
-2937
-1086
970
-1451
554
-1756
132
-2596
-712
-1447
