-1276
-659
-2021
-69
-943
-400
869
100
1528
-1403
-2549
1135
-2190
234
-2162
1756
848
2419
-1346
1354
-564
-1129
1590
-60
-2649
-2359
2422
1208
-1258
2295
-1868
-1600
1661
1210
1786
-1097
-1273
62
1992
442
-2624
481
1609
-297
375
-1478
2
-1975
-194
1696
1795
30
2506
-1312
-1894
-827
-667
1688
-1815
-1367
-1825
1424
14
-1373
-455
-176
1480
935
-1949
-2543
1190
1724
2200
-1729
1832
-2388
299
-1914
-1673
-127
1888
-870
-933
339
-1373
-1959
482
-963
-584
-2479
2562
1484
936
247
2017
-1109
-1462
914
-2179
-1087
-711
566
-178
-2325
246
-1718
-152
-633
-278
-186
314
-2039
-1243
-2320
2378
2568
-1359
-1870
-1499
-1893
2529
-1317
-2496
-926
2344
-11
-2541
-2395
-2560
-513
2521
850
-2449
2064
1928
1077
1009
715
950
1636
467
29
570
-2004
2298
1630
-2565
1280
-1548
-1815
2449
2350
2619
-2465
-877
-1947
-597
2115
-1485
2479
636
-672
1378
-1566
1717
1849
-476
139
-713
1645
1294
90
-1199
-2138
-2245
2498
-924
1291
169
-1558
-912
-1514
2340
-1612
-2193
-641
-260
-1463
1234
259
1918
2363
-2483
-1241
732
-1922
1372
2491
-1684
-1418
2573
602
1496
-396
1680
-2013
-2325
1958
-2393
574
-292
-1196
-1569
1655
55
2628
-2476
2402
2526
-1214
-2496
1525
1550
-2454
1970
1703
2457
-1006
876
2234
641
698
1727
1618
1078
1744
447
-47
476
-1534
1212
-540
48
-856
120
733
626
303
1332
-515
-2007
-2099
-2114
1577
-1689
2652
1785
-1478
2224
344
-1298
-1744
1590
-472
105
1871
-149
-810
1217
-1099
522
-2552
-314
1047
-2037
-537
-549
-467
421
1690
-1163
-1001
-2513
273
-916
-1140
-117
148
-2238
-2224
-1027
-1801
643
-2115
-1620
1364
-1343
2156
1962
-265
273
-1497
-1678
-1181
225
1996
1852
-1876
-779
-348
1130
49
1041
-656
-1930
827
2242
1564
-429
1032
-1764
2263
1079
-1781
-216
-1353
-414
2158
-1132
11
2597
-21
-2547
-556
-2115
-1357
-2583
-286
-211
1864
-1001
2254
-1598
1855
2257
2325
2015
-1009
-827
-1317
46
382
1868
-1851
997
1764
1017
2443
-2628
1960
-63
1421
850
-2623
-149
-1398
-1761
2124
1405
-2255
2175
-1090
-1212
-447
-767
1467
954
-1454
-1487
2120
-391
-2014
-238
2083
-177
-842
244
221
320
201
1138
2619
1774
-1014
2544
-2294
1525
-882
-1533
-2204
-1965
2422
-46
-1441
-1450
-1787
-1625
1381
-566
-1967
2064
-1236
-286
-1825
-662
-584
-2117
1249
800
561
1649
-2316
-408
-2619
660
-116
1489
327
-2572
2619
1281
1138
-458
1701
-2246
-379
1778
143
1872
-854
-1250
-1578
-802
543
-391
-2375
-574
-169
1212
1996
-36
32
1071
-2363
2365
369
1049
-735
1079
-1016
-553
-1104
-570
-1202
641
-648
1107
2574
-2480
-2233
592
-2479
852
628
27
1098
303
-2406
342
1787
-623
455
399
304
-2275
-894
1215
-352
2458
2101
-622
-1881
284
-995
633
1145
-2299
-2514
-1010
-2284
2255
1057
-1565
-1709
-864
1987
735
-2159
1721
53
1157
2453
-1878
-1333
1031
1547
-1415
-429
-2138
-485
-1622
1383
559
1506
2473
2531
2534
1748
-463
-1614
-1141
-1066
2597
1452
1602
1610
1214
-2056
1006
44
-953
1633
-1054
519
1791
1542
1599
745
303
-2635
1994
597
-938
1128
-2097
-2538
1302
2351
1394
-2380
557
552
-848
-2136
-1417
2316
776
-2137
-187
1742
-954
-2116
-1549
-429
-525
1166
2030
1187
2237
2434
-2641
1146
-1809
-422
1578
188
-872
-2006
622
1888
8
1179
2519
-889
2427
382
874
171
1639
1068
193
2262
-125
-2290
1873
-2590
585
-2069
2500
1783
-627
-2618
1445
1702
-1821
-2299
-2439
234
960
-831
698
-1789
-826
-792
8
2595
1563
2278
-1283
-2146
-1633
-2313
-1003
-2176
1582
-2185
2162
647
-398
491
1203
1823
-613
-65
-672
-1540
-1215
-569
348
-2040
681
1336
1467
-688
-2319
-1877
1872
-1260
-1278
2262
1634
-1567
-1344
1535
2264
-2583
216
-1197
-1696
357
-2348
-17
-2121
-482
907
-1280
1091
-70
-2072
2283
803
1158
2
-973
1904
-216
-1274
-794
-1731
-2543
-310
1444
-404
-826
767
1590
2538
199
1588
-1485
1064
-931
712
2101
1322
-1964
1319
-1825
-2169
730
-1893
1181
2083
-2562
913
-2495
783
1325
-2530
429
-390
619
-174
-1386
1121
335
2519
970
-957
2395
329
-2530
505
1193
1528
1472
-766
-583
2415
2436
-10
2195
896
-1424
-1123
216
-301
194
-300
2278
1783
1603
-78
-160
1872
2105
1808
1621
-1553
-984
-2355
1155
2570
1796
1176
2000
-2504
2060
1278
-558
113
-465
-1191
1821
1193
-773
1992
-979
-2380
1042
826
131
-1345
1035
48
1407
100
-1045
-1286
1432
-1106
-1685
-152
-601
-2487
-267
493
-1666
1432
1386
-1339
-1747
-2151
199
485
1044
105
2426
897
1626
2543
1179
-920
2269
1189
1258
-2087
-2205
1160
-256
-1446
352
-1614
-459
404
2116
-814
61
216
1102
1898
-2137
-1132
-1217
-354
648
-1183
-641
-2348
1612
2396
-1049
-2222
1777
2342
1353
2265
-2215
912
-995
2116
1711
-2325
2600
2399
1830
1461
2147
2128
2218
57
-1777
1267
-1514
-1407
-68
-2094
-1649
1286
625
1022
-1057
1996
-268
-559
-1494
-952
-192
1360
-413
-1311
-804
-1074
968
180
-356
-358
-399
-1757
-1315
1898
916
600
2471
-740
-414
136
-668
206
1010
1047
255
-1476
-292
-2477
-891
-1199
1044
2108
-1601
1702
-2613
-847
305
-1521
2469
1210
2223
-2203
-702
-1544
1522
-1176
1664
-2440
2474
-465
2281
2252
1427
-219
254
-2456
290
-97
312
-1035
1415
2634
1662
2068
-2014
-204
566
1171
-2439
604
-1505
1257
2403
1478
-1250
1391
58
-187
2082
472
-532
-1781
-2619
-1301
1176
-1076
-1466
-100
1726
1477
-1565
-1898
-1817
-2289
411
-1185
-100
728
-1394
-2040
-2116
634
2118
1215
1112
-487
732
569
1279
1253
2319
719
664
-2397
-698
-534
2285
-2624
-1706
-2030
589
1548
1293
-177
-1393
229
1138
1722
1411
-445
935
-147
-1434
-482
677
226
-1983
-177
-734
-1841
2315
1816
1954
2257
-707
-1257
-2197
1385
-876
1777
-2163
-1732
-242
-1902
-1131
984
2208
-1977
-2050
-1839
-683
1481
331
-2083
1359
544
-2461
634
2273
-1714
1377
143
-2592
-1343
-2015
2563
-1179
-600
882
-1761
-2427
-1387
1969
2543
-419
-1908
2175
-2231
1
1130
1302
1851
-1608
-1058
-2304
1067
2193
-621
-1080
2466
330
1600
1615
-929
-2526
-2259
-1166
616
432
-2148
461
552
1970
1916
-2502
759
-1813
-156
886
1012
2388
2158
584
12
-2008
617
1517
1846
-984
809
-740
728
-2644
-251
-323
288
-2390
2314
-408
-2304
-39
-819
2452
-856
-465
-1744
-2180
-104
-468
-359
-2100
1591
89
-1528
2186
1082
-1539
357
2118
2206
2370
-36
-2267
-1014
1470
330
-1722
-2352
-1242
1638
855
-2393
1650
327
-2111
-196
2474
507
1915
610
1555
2098
2114
2180
-2028
-834
-1903
39
-128
-875
-535
-1698
1599
123
-1608
-305
1463
682
1453
-2124
2334
-1283
1974
-2200
-1231
2292
-2605
596
272
1984
-946
390
-1057
-279
333
586
-2111
-212
1664
-1966
1608
-2086
-2218
-104
2400
1531
-1330
2316
2107
-362
-2632
1479
-85
1749
-2140
-2470
-19
1650
980
-2637
2431
2569
1807
-1472
-775
-921
-1338
1282
-923
1657
-1351
-1591
2195
-2325
1604
1886
-835
-1559
220
2111
799
-551
768
528
-313
66
300
422
-98
339
454
-68
-702
-1807
-613
-1642
2099
1623
-588
270
2090
-1593
579
-2146
-984
178
897
1399
81
-1543
-139
-1099
1095
2543
651
1493
-670
-1715
-2259
-1509
-1223
-2217
820
860
-603
2178
-1437
-1170
1447
-119
664
-1164
-1613
-2594
-2352
-957
1603
438
-1207
-2359
-1363
-167
-472
-918
-1962
1095
-518
-1593
1697
-2047
1072
-2128
-587
79
-1082
-1248
-984
-467
2041
79
-1206
-1484
857
40
1616
-2357
1437
715
-1586
-1766
-1663
-1867
-544
1519
221
-2188
-336
-429
541
1115
-2598
1833
-1962
1150
2288
1518
-1354
1689
178
655
-1138
-2588
2163
-369
-1616
833
-2020
2297
-714
-749
-2157
-890
1151
1194
-1138
2329
-1321
-301
-1883
1390
-909
1626
1565
-2212
-966
1255
965
1881
1116
117
2257
1328
-2104
-1682
-71
1983
1917
-615
951
-1620
2531
-1188
-2607
1420
1330
-472
-1244
-760
-1474
-1988
642
1309
-1950
177
1598
1470
1752
631
-1293
-762
2032
813
-1839
1238
-115
-1765
-490
2211
-53
720
-2342
-184
2401
-2590
2127
842
-1328
2024
1054
1808
-827
-480
-2
-348
1390
-1603
-797
621
1970
-2021
-1960
-2354
-251
-2310
-2410
-1457
1582
-579
-627
566
-634
-2193
1959
2485
-2122
1610
-955
2594
-1117
1764
2436
-933
235
-2592
-2337
-2065
2403
1519
-1688
-805
243
-1985
-119
-2392
-923
-368
1977
-2146
-611
-1170
-1484
1031
-522
-2128
-1330
647
222
1249
46
2402
86
109
-79
-364
-1520
-2340
-1172
896
2023
-169
1204
-1545
-416
-1885
2211
2203
2320
-2469
1339
2088
1604
2378
2527
672
-2026
-2033
-906
279
-2477
281
1189
2256
-2268
-1756
1308
1103
-254
2059
437
-2410
2033
-384
-156
288
775
-90
509
-1421
-404
-736
-2628
-2170
567
831
1875
-441
-640
899
-2005
664
-159
-59
2277
-171
-596
-952
-713
-241
1795
-861
1806
361
1286
-359
-2526
832
989
-2020
1827
2139
-2124
1969
2596
433
-2332
-36
-783
-733
2471
-2462
-1108
-2525
681
2257
-141
-2560
-1505
-68
-2242
1825
-934
-196
2137
-139
-1088
327
-1398
-687
2024
1283
-2578
1567
675
109
2128
242
2460
-2417
-2576
-1751
-581
-2073
2099
-2083
-1745
1544
2526
-1201
-2274
1257
2026
2017
1085
840
1134
-790
407
-2399
-724
-802
2090
2
1701
-2555
2005
-763
-2598
988
752
-1610
639
1688
-746
-1956
-1081
-980
-2568
-2585
1681
-1917
2518
-2606
-326
1972
2599
-2414
228
-808
-671
2275
-371
540
-463
2340
-2554
-1323
-2195
45
92
-2394
1008
1035
2193
1339
-2426
-975
-1079
-2557
253
-2054
955
-1055
-45
-2556
-2240
-779
2631
-2099
-2456
1941
-2080
-280
116
-297
394
818
951
1251
271
-1676
1899
2605
1774
74
-1186
-1001
664
-978
224
1608
-190
733
2124
-29
-1979
2356
2346
1731
2549
-2069
2625
-215
-1298
-884
-1025
1232
635
-1346
-2090
2247
-890
2593
2293
1334
702
1573
1895
1952
-2347
1258
2415
-489
-2416
-691
-2291
925
907
1849
851
2322
1959
-532
1050
-1990
-314
-893
2542
-1087
920
-2354
357
-2427
1702
1679
1875
1161
-2582
-903
173
-1467
-1803
-1377
1265
2227
1390
242
1052
-1881
412
2182
2444
627
-1945
-279
-140
1766
2526
737
-1783
-2072
2637
646
401
1044
-1278
-2500
-1037
-903
-552
-2111
-1537
-677
-171
1392
-1926
589
-1390
-1578
2521
-2637
824
-2434
-1988
-655
1178
-1104
-848
633
-302
1050
1582
2066
-1070
1518
2648
-1777
-1252
-2308
-2649
-2460
-691
1231
1082
-1185
2437
2003
-2310
2433
285
-2526
1995
1910
-2320
-458
1029
-2009
1930
-1543
-311
-577
1945
-1517
-1456
-1237
-2341
1556
-1864
1724
290
233
2158
-622
656
2046
2124
-349
1362
-240
-455
-2387
-2311
-2474
-1644
-1923
-1721
-477
1633
1384
291
135
846
1104
-1668
962
-161
755
1881
-352
-497
-2030
1931
2336
576
205
903
-82
-663
-1412
-1765
2288
-73
-280
-2151
2180
2376
2646
1790
-1552
-583
-1598
1482
-2634
2547
-2641
-1228
1147
1428
-1528
-2022
-1977
-103
1264
-100
-317
-1480
11
653
490
1474
-1391
1223
-1783
-288
-1770
161
2538
-1846
-1072
2253
-164
1330
-707
-621
-2296
-700
1847
-785
-479
1881
-1727
-2273
-2103
-177
1791
1441
2598
1686
2067
2489
1749
-2235
1533
-1206
400
639
-1163
-1996
-2598
-143
-903
1706
-1449
2607
2076
-1694
-2034
344
1374
-1287
-311
1685
-415
-1625
-907
-302
1414
2601
160
-219
-2094
-1504
-224
600
375
1206
2448
-1256
1027
-1001
2615
-608
-787
1466
-2558
1885
-497
-1275
-728
1092
-2167
-665
2017
-1843
2192
667
-2047
1805
830
1317
-1016
809
18
-1404
-1757
-1287
-1979
2540
-816
2108
-640
1254
-297
2488
2419
2455
115
-311
-733
-1902
1952
-842
-2418
190
-2077
1728
-2291
-789
150
-270
-1033
1755
41
-2444
190
1173
-1600
71
-1552
-101
463
-1257
574
1120
1665
620
-766
-2356
-2302
-1343
-204
-2504
1105
-1995
-1890
2501
-729
-2558
623
-1202
91
-2036
-2529
-2626
-1166
-1193
144
2631
-441
1134
-590
416
-286
2451
-2415
1777
1941
-1556
1266
-322
1520
1974
-2457
2150
986
1321
-2211
2266
-1733
240
-2585
-1006
1202
1596
81
1693
2289
458
-2442
1147
-1002
2378
-1554
327
-2491
-166
-1572
2645
2067
-333
1677
-1429
-2079
155
1264
-319
2295
-1339
1735
-1441
-2491
822
1299
-1117
-1040
-619
-282
-1081
1390
650
966
1314
206
903
874
2363
-2318
-1192
-1962
-1350
-47
-2261
316
-516
-2628
808
-274
-1683
-1565
-2188
2146
2460
1744
322
-1770
-2267
2039
-506
1504
-481
471
-1529
216
-1138
-1911
1750
1992
11
-1881
-102
-586
-1567
-2514
-1584
-2228
873
-1061
1092
-1911
333
1445
1328
-664
986
890
-337
1346
-77
-465
-917
2096
194
-1586
1999
1607
1884
190
-208
-2016
1783
1250
-324
-2654
1601
764
2383
1137
154
1845
-1974
-291
-2133
602
-1064
1300
-1616
26
2527
61
-2269
2339
524
835
-560
-2286
2475
2646
849
-2513
-1903
-2427
-648
1175
2261
-2496
-2108
1602
-1183
-1684
2615
-2340
-708
-497
2055
-634
1760
-2517
2570
97
1407
-179
664
1106
-1672
-1757
1603
-1482
1707
-1620
-1411
-696
-559
-1486
1682
-621
1205
-326
513
1250
-826
-1766
1275
-1198
311
-434
2303
-1764
701
1653
-946
390
53
-2356
2569
-760
2261
40
2410
-1759
1407
593
-1955
-1406
-1296
-2535
-2113
-1578
-651
-2560
2532
-2632
1791
-1111
1655
402
-2043
1104
-386
1029
1785
-2444
-1098
-271
1704
1426
69
-37
2545
-303
1035
1637
719
535
-993
-1901
867
1531
1544
-1020
-1112
-1328
-2347
379
-486
-2364
-1788
548
-2102
2180
2578
1770
-325
-805
-430
-1944
-1953
-744
479
-354
2526
-2143
-1949
479
-51
-314
1514
2535
632
-1708
-1766
-79
-1189
-379
1911
-702
-126
-1962
1588
710
-292
-304
924
-1469
606
1168
-2626
-2456
2067
-1659
257
178
-433
-2235
2064
1255
670
-2310
976
1252
2368
1953
-1045
-1390
1157
2099
1625
-1872
1073
-1800
132
-766
-1493
-1895
1812
-1250
-2320
2040
-2512
848
2289
2064
1158
1800
2067
-1926
923
-340
-2094
-1642
852
2503
1044
2615
-661
-284
-96
-719
247
-2644
1524
2132
-1633
2555
-2312
849
-1879
2348
-1092
100
236
544
-502
2005
-1561
1666
1383
-1936
392
2643
1057
1726
949
556
-2228
1923
1414
-1798
935
1324
1422
-771
-355
1587
707
-2000
2537
184
-547
-913
2016
1877
2312
-1326
-695
2319
-1411
-1654
-1258
-1351
1795
-2051
-100
612
1879
2264
743
-1527
-789
-425
-912
1166
1607
-1069
1448
911
-163
-1627
261
-2286
-1424
2276
-312
146
497
881
408
2654
2244
1176
980
-2331
1096
-1113
-2649
-562
-331
2240
-133
315
-869
1266
-259
-2304
-1596
374
2415
-2432
-2395
1582
-1782
1361
-2435
-1109
202
2311
-1951
1737
-1563
-142
456
342
2651
-1594
1593
2394
2573
-933
342
356
473
-1304
-2253
153
377
1351
1311
-488
306
2141
1145
-1344
-1032
-2
-2379
72
8
-2451
-477
-136
1802
-792
-58
2571
2160
373
-1308
-943
-2378
-2645
1568
-2129
-2381
-1182
749
-2251
1475
1753
455
203
624
2120
2252
702
2108
-1667
1293
-835
-2432
1318
1146
-1966
2383
1081
950
-1662
749
579
-1497
2425
-805
-87
-2331
-2450
-2388
2180
-1514
-1603
1123
-2366
-422
687
-809
-433
1650
1019
449
745
2580
-767
-882
523
916
1662
-31
1279
-1270
-679
-1074
-833
378
-1684
-1916
-1236
2274
-1437
-46
1477
1411
1080
2059
31
729
245
1736
-2099
1155
1595
-2184
-843
-41
-707
-246
254
1727
1959
-2360
-2487
-1441
-1360
-540
-36
-2186
2496
2231
-794
1317
426
105
-2618
-493
-1282
-717
1561
-1400
-647
-1041
1312
1089
-2147
40
839
-1156
1211
-143
1786
546
-20
67
-181
1440
-54
-2627
2454
-418
1629
-1395
-400
-1852
-1082
2022
1743
2035
1616
2201
-1168
-1442
-1035
37
873
438
-185
-1113
-1898
86
1706
1727
49
-2104
-839
469
-2648
2563
98
2077
2444
-1408
2056
540
745
857
-280
-1957
-1550
81
-915
-1192
1852
-1812
-1949
647
2619
-2218
2328
1918
-2619
475
-741
1007
-1763
-361
1917
-583
-1774
-499
1467
206
-280
-1735
-1048
-2053
-2361
-326
2009
-1962
-1236
-318
-1623
-2282
-597
469
-1176
-50
1366
-768
-672
-177
-1521
-1844
1256
463
619
-815
-1048
1571
2335
-1230
1946
1187
-1296
-1649
808
530
1576
729
2645
492
2415
15
-1645
1740
-1922
1650
821
1159
929
-2363
2250
-1868
1843
2149
-2513
1377
758
-1118
1283
-1565
1142
1240
-1494
-1317
1786
-1317
1924
-857
-408
322
1798
-101
-1268
-1860
-1144
-2399
413
-429
1024
211
-1926
-2295
-1112
-2186
-1441
-1286
1032
-986
-1860
-1245
1799
-794
-2623
-837
78
428
-1266
-391
1069
-1066
-1904
461
1351
-2257
1979
-1927
1970
476
620
1357
2534
-1979
-1748
1336
1294
-1138
375
-1782
-986
-1804
2407
635
-1242
190
-1558
2005
2216
-2158
547
1385
1743
-1975
-1819
-2432
-1326
1935
-1625
2564
1606
-290
356
2321
934
-1582
-863
-1313
-2094
1625
-2581
634
-2514
2610
1150
91
-1092
1629
-2208
2333
-1933
-2479
-658
-372
-115
2304
368
713
250
489
1791
-826
1659
188
-1420
127
-160
677
1800
-215
228
-2141
-2512
1949
-1905
-574
-1398
-387
-830
453
-961
-626
-190
-918
-174
-475
454
-1364
-1916
377
-1494
1644
-203
-2141
-1348
-93
-1769
1654
853
1662
-473
1686
-576
-1927
-1343
840
984
2453
873
1098
723
-1083
-1963
236
1703
365
-45
2372
150
2403
-1156
-1731
-2466
-832
2519
1594
-1502
693
-771
-215
-505
-2338
80
2583
-963
-1159
-2373
-1084
824
-1078
2125
317
459
-230
-169
1701
-1834
-813
-2259
-2035
779
707
964
-2551
728
2615
2108
1599
2166
-2399
-949
2317
366
2563
1122
-1782
-2177
-1214
-1847
-1852
-241
1339
843
1368
2397
-658
-495
416
953
1172
-247
681
1108
1458
812
-2045
601
1099
1363
363
-126
1975
-1587
766
-923
691
1284
834
2308
1670
360
-2071
2612
1410
-370
591
283
-2329
2034
1301
2012
2631
2138
2489
534
-1983
-1744
709
1399
1010
441
-869
-1320
-1145
-1180
-2128
2521
-2511
-2343
-28
2359
653
685
666
1434
-1237
892
-472
-2281
2071
-2342
-1945
1676
699
1223
1278
-676
-803
-798
-54
677
-196
-2007
1693
319
-1245
2049
-2368
-1356
-640
1008
824
-1480
-8
658
-1870
572
-630
1579
1265
-1560
299
-1044
716
-534
-2332
2320
-745
-1699
108
-251
126
-625
-2021
-1885
2461
603
1219
2241
-502
-1958
1328
1700
971
1964
-532
1404
-429
-1608
-1112
1790
-637
2439
-203
1108
-2087
2530
988
1112
-1233
160
40
-1186
2398
-2433
-786
1189
910
899
-1552
-711
-695
1575
1176
-2429
-1038
2224
2184
-1057
101
-849
1018
1914
2415
1155
1299
-259
-1015
320
600
-959
1702
1361
-1247
-1330
-1133
-2343
2208
-1525
-1216
-2190
-710
-1855
-589
-1633
-425
1321
-2188
158
2109
-1258
-1656
1987
2477
-1072
1017
-2114
2158
-2289
950
744
-50
1640
-1249
-1061
1187
221
-513
275
-2368
2463
1621
154
2534
-980
215
-2465
-627
88
219
-83
-993
2539
-1006
1100
-1555
-1307
-1700
-2533
-698
-875
-416
-2011
-36
2196
809
-1025
-1462
720
1118
-1281
-1576
-1526
-2125
561
-1130
1663
866
986
251
-188
-1517
406
97
2098
-2310
664
664
-2175
-680
-789
1669
-695
-1337
2356
-285
-2124
1556
1176
1476
83
-2628
488
-2103
1748
-1200
-2371
-1526
2414
97
2342
1589
-114
1463
2248
-109
1273
18
-653
1416
1197
2154
-1324
-1759
-1978
1472
-471
1160
-1577
808
-1979
-1671
1490
1304
-2432
-1215
-2138
1022
2415
-1484
-710
-1752
-2329
2197
190
1013
1236
-2246
-2355
1417
-2478
-1737
1547
1190
721
-2439
1453
2361
1583
-603
-1578
1528
-1482
412
-2239
1629
-465
-1435
304
-207
2006
314
-1043
198
551
1860
-1074
-1757
1121
818
-1578
2158
-1277
-1420
-179
-1971
1151
-1179
2211
1645
-1536
-1175
1641
654
2304
2016
-1398
-817
-2382
1959
-920
1942
1926
1502
-1962
539
-859
685
-2516
1205
-1349
-2495
-1023
1671
-1449
2461
348
2150
1650
-352
2312
1403
685
2353
-2479
2483
2410
756
-75
-2551
450
-1786
-2238
-967
-712
2469
208
-2482
-781
981
-1932
1617
779
1104
2250
670
-21
-479
-1456
1446
1960
1982
-949
397
-74
-858
-1648
-1589
-2222
1091
-2466
2263
-2003
1918
617
-1330
-2251
1213
-1045
-172
2468
-1927
-2300
1703
-243
-548
-1182
-679
-849
-997
-2530
-2081
-2388
-1706
-929
-1534
-1319
1990
45
1158
70
719
1777
-698
-1703
988
-1848
2637
-578
2005
-2137
1910
2274
1386
2051
-1818
1936
2227
-1168
2319
441
335
1266
1433
-433
485
1688
1928
-1872
-2609
-1178
-42
2400
192
-1968
-2226
2386
-1955
2339
2543
-1456
1512
1868
-1399
-2504
2407
-487
2204
290
-2416
461
2015
2555
-1579
1280
-1943
1943
-369
1023
164
-2318
1074
-2008
1760
1344
-1693
1047
-852
1808
-2350
-2046
1304
2081
-2223
-913
-2067
-2254
27
-1812
-519
-1302
-339
331
2259
-1809
-528
-489
-36
-2204
-1444
-2036
-1665
-226
2513
2644
-2633
-1635
1535
-566
1738
-1018
699
-2568
2527
-1058
854
1523
-2252
311
1254
2290
843
-2385
418
2228
-2465
574
-668
-1386
-204
-1324
325
-2029
412
1981
2161
1681
96
2590
730
198
-1669
982
-58
-1781
1154
-361
-2450
2628
-857
252
1642
-1168
1283
1731
-2266
1040
-1051
1995
-698
2224
-1516
-1294
271
1358
-1317
145
-2098
-224
-2253
-2555
2376
2604
2653
1428
1918
-2000
2556
-2052
-765
1637
122
1008
163
-2445
694
-1118
-1268
-2086
-979
1814
-1372
-1251
-363
2506
-476
-2528
-232
-1843
326
788
-456
2205
-1074
-803
-916
-937
-2557
1349
68
1713
-1111
-288
-1954
1381
-13
2042
576
955
1869
1859
-1321
-29
2577
-219
-1903
25
1086
917
-779
-2632
2543
515
1458
1911
-600
-1235
-954
-718
1411
207
2229
402
-1947
2038
-638
-459
-156
-576
992
-1388
1523
1864
-1471
-1378
-72
719
-2421
249
-2075
-1548
-1993
-864
-1937
-577
691
2147
-92
79
-787
-2423
-460
-416
-1992
1327
-1385
1043
2503
-875
-1464
2252
62
1346
-480
-299
59
-2302
-824
-1699
521
-2230
-1524
-1137
1006
-2463
-1360
-1181
1276
2362
-639
1188
-2315
1823
-2653
-2576
-557
1924
2549
327
-169
1939
2266
-1613
-1595
-2276
2551
2005
-1778
-1292
-1775
747
-1009
875
-2080
2329
2572
-1868
-1706
1069
-1348
-1878
-423
-392
154
-2072
-2213
-1049
481
916
-1166
2363
-176
-79
2052
2441
2595
58
-846
-1470
-2373
1442
700
-14
-1941
-749
910
379
-1266
-1525
-1943
-2077
1603
1343
-520
-972
-2596
-469
2463
-327
-1247
1896
318
-2280
-1343
-1237
761
-420
-557
-1116
-990
-409
-2324
-2615
-1126
11
-2337
2227
1942
2107
-1248
2214
-2273
-231
-1598
-418
-1270
-664
-1994
-1629
-488
350
-399
1737
1924
-1963
-1996
493
-658
1239
-1445
977
-2099
-1512
-257
-1048
-1212
-1417
898
2239
-1766
-1941
886
2595
-2082
2504
-2220
1998
-299
-764
2531
-2629
2417
-290
-1287
2419
-996
2451
1924
120
2143
-89
-61
480
-1130
-79
-2470
-1414
-137
-2340
72
-206
38
717
1751
2571
659
-322
2370
1163
1612
-63
-1489
2240
-1450
-2404
2632
230
-49
-2440
1092
1245
1508
-121
-16
-2500
-1520
2044
-2119
-1640
141
1468
2598
640
-584
-2146
-995
-2435
-186
1076
529
1335
1412
2255
2601
-994
-1932
-887
147
1343
1275
771
-21
-2613
216
-1128
697
-2150
-1687
2133
1548
1203
-2290
1160
2160
-1790
1492
943
-668
-2393
-662
600
954
647
-2458
-1232
-18
2338
-2
-432
-1270
-318
-2255
-1061
1672
1851
954
-1308
729
1976
1957
-1682
-717
1700
292
-1145
-884
436
275
-566
-1213
1267
-720
809
-1367
714
999
1619
-2524
1235
-1586
925
2218
-1117
-2472
-2447
-1755
-1148
-574
495
1993
796
1498
-994
-478
-2319
-131
1614
618
1034
2197
2600
-1429
1264
2217
-1308
1505
1808
-1411
-80
-1911
-2071
246
-2494
279
-2613
-499
-1417
-137
11
60
2314
-2526
2240
-2573
1652
1037
1407
45
767
-2254
-815
-2226
-2146
-1611
288
170
-578
974
-40
1431
1205
1789
2161
-55
2645
-1082
-1862
-2034
-696
570
63
-1842
-646
-166
900
2229
-1409
845
1355
-1892
1236
-1405
327
1101
1343
-309
1700
-174
-1313
339
932
-1970
1677
2564
-1031
-2311
897
2632
457
2081
2360
-895
-527
1577
-2327
-1723
-2599
1778
1872
694
-1018
-1872
2025
49
-590
-2113
366
1743
518
-523
-260
-180
2337
836
272
2273
418
460
81
1961
-1785
-691
870
2346
-261
1635
294
262
-1927
-170
334
-2568
-1059
-1374
-1670
2632
2151
-909
62
-1650
1521
1933
-532
2302
1988
-980
2211
-2281
2070
-865
-1215
-1485
-2225
984
-742
873
-442
2274
-1673
1771
1099
-38
629
-2428
803
-758
-2244
1177
-708
2066
-1223
-1503
-2115
2513
-822
1957
803
1227
-1866
744
2427
-2175
-1153
2342
1496
1462
633
1409
-2288
-2448
-480
2000
-824
-1275
1599
-521
-1752
-1739
978
-1190
2244
151
632
2192
2393
-2424
-1535
1544
-1558
-44
-2499
1916
-50
-143
-140
-689
1474
2402
2525
-134
-1633
1074
-1522
-292
621
365
-1164
-2278
1500
1785
2465
-2284
2543
-1143
1344
-1930
693
382
-1586
2612
1082
-1250
1295
830
-1705
2651
1731
2524
1477
-1023
-2229
-576
-899
-2350
-2347
745
1859
536
-849
-2603
-279
2320
2495
1819
672
-439
-1430
1763
2058
-1181
2580
-837
2320
610
-2339
1278
-1242
778
269
-2298
-110
-1048
977
-342
-1731
402
-2579
214
-173
-845
-1048
1059
1996
-1879
991
-2091
-784
2150
2103
-1202
-1153
-1223
690
251
-1381
421
-2644
-2385
-2024
1906
-1047
2163
-1
-1857
1800
1004
519
-96
-2461
190
-1146
1585
88
-1020
2113
480
-753
1342
1319
-1213
-2159
519
-1661
216
1967
-1967
-2306
-1721
-519
-1156
-2494
1689
2363
904
1540
-2547
-741
-2534
64
600
1337
-401
-2483
-871
934
1659
-563
-1826
512
-2190
1897
1420
-903
-226
2183
-1753
-189
-380
1723
469
829
1059
-122
15
196
-2167
-1365
-461
-1752
1867
306
-1791
2374
1862
-1361
1772
2437
-1791
-1229
-493
-2426
-745
-586
-846
-1024
2026
2248
2156
-507
-176
-980
-2590
-1245
-1703
1160
916
-2615
-1961
2407
2110
-1677
1817
786
1309
-536
-1543
6
-2500
-268
-794
-1592
-2094
628
-1164
-1752
923
1916
925
1206
287
-532
-916
-1112
-168
96
-2596
-774
2404
2150
1658
1467
341
1304
-1881
-2123
314
1105
-2464
-1351
-1718
2410
2039
-2385
2403
661
-2244
576
540
1567
1283
2532
-1798
2504
1223
334
1993
-1450
-1753
908
1037
600
288
267
-1526
1834
-409
-228
-2491
1564
-885
2432
956
1999
-2080
347
-700
-869
-2544
912
-355
-1248
1836
2627
-142
1331
193
2188
-524
-85
-1055
-2372
-2455
1657
-1151
394
2365
2640
-1942
976
570
647
1599
2291
2185
-1935
-712
-2063
-2286
-1278
2332
-1778
792
771
770
-170
1634
2021
1872
2176
-606
2060
698
780
-933
2449
1807
-616
-2632
-2158
-337
-474
660
-1109
2350
182
1744
-263
-545
-1689
684
-1812
2649
-939
-1674
-625
-962
538
2003
-1279
1929
-147
-1698
2257
811
270
-2013
-412
-1051
-2225
-1153
-1519
2587
-2557
-1226
-2134
-677
1930
1958
1704
-1493
-879
-107
-1247
-1768
2205
-759
808
-1317
2511
1010
1042
-1915
2629
57
2477
-248
2504
-2469
2425
-879
-1163
-92
-1356
2640
1625
2530
2029
467
-711
-1318
1718
-857
-1334
-694
-975
-960
1067
1001
-2222
1398
1506
-220
2273
1467
-561
-535
-2086
2297
-1830
-356
246
-344
1200
-699
-53
-1899
2091
-400
1175
1507
20
263
-379
861
-28
1825
-1718
996
-949
-1409
-41
-2013
-1188
373
-429
2335
1152
-2505
-766
135
-1929
-53
-2074
-2464
-2032
1198
-615
-2180
2389
1568
-2573
-2626
503
-523
2338
-1218
-2094
-1723
-282
1538
1015
282
1250
284
1463
2163
340
-30
1641
-2205
-2132
-2226
-2490
1167
2178
493
1942
2338
1990
-806
-687
930
-73
541
1296
-2118
-2521
-1659
-549
659
-137
-2191
2617
541
-1067
-1446
324
383
-2126
2144
-626
610
957
1736
-1425
-185
1112
-805
2274
1123
-34
762
809
2643
-639
1624
-1416
-2424
1791
-1309
2602
-2215
-1056
-1760
88
-1723
-2432
-505
-655
2441
1958
-1055
1431
-1718
-698
2205
2561
-2456
-1018
-1438
161
-493
-2483
-125
2054
143
2442
1531
-1847
1129
1103
1301
-2026
-847
2423
-1635
-278
-997
-1872
2117
1202
-1408
2625
1423
-1728
1900
-544
1222
1451
-709
-1481
-1514
-1461
-713
443
1459
-745
-2101
703
218
-1450
1040
509
-1142
1856
1876
585
-1511
-739
-1483
1945
1052
-1119
404
2014
-2602
-1683
2231
2618
1215
-2644
182
-280
-1349
1066
-2430
-292
-721
-1915
1240
1354
-1696
1191
1552
-1582
1637
229
1657
-865
-2248
1301
-255
1330
465
412
1015
1479
857
-1557
-596
2096
-1299
2047
-522
853
-2085
-865
2444
134
1090
2393
-2562
759
-1346
-934
1109
600
941
-1094
-1996
-2101
1092
-327
2508
2390
-1190
485
-1238
-261
357
1108
-1040
-596
1422
-1294
2601
-2366
241
-2389
-666
-2297
-1388
2082
1374
-2226
2060
-201
2406
-2056
-1383
-156
-2457
-819
2646
-461
2081
1778
-1739
655
-2056
-971
1996
-2617
1722
-1911
1248
254
-1762
-456
-1800
-2218
2646
1618
-2167
2535
-165
-2449
437
-1386
2346
-873
2211
1075
1996
304
-2464
-1710
34
-2376
2316
1383
2237
-852
944
943
-2401
690
-1663
1229
-307
-109
2344
1524
1057
713
-664
-1344
-588
-629
1775
-1177
-1368
-1901
-239
373
-870
1090
2101
-459
-1628
1625
998
1355
2251
435
549
-625
-1680
-1426
107
104
-943
2123
1434
-475
683
634
-1505
707
2525
-2107
1205
1172
1030
-1360
1910
-1777
-393
1264
877
321
-136
881
1189
-2013
-811
-1667
744
382
-432
-1969
1834
-886
379
2195
2564
2190
-2654
96
-1439
668
-618
1233
2649
-615
1671
476
1185
-1247
-2541
-1933
2549
261
-1252
-361
1925
-644
-454
444
-670
-1933
-1367
-1534
-1687
-824
797
-1645
-2005
-2286
-198
1736
-1892
721
-1330
-1549
-196
-1355
2406
-1352
2546
-1830
2223
-1984
-933
2303
1222
-1300
1932
-1061
173
1488
-1594
1697
2577
596
-114
-1693
1886
1008
-1994
526
2154
-704
-1323
-467
1003
-147
2508
1345
-1198
792
2095
1866
-1932
-2406
1647
2290
-557
502
1838
2026
-1504
-2523
-2178
2430
-2344
-654
-169
531
-2618
-783
-1794
-1863
993
1682
382
-334
-2085
-2461
2201
1126
-1602
231
452
901
172
-963
168
-1736
957
1386
-1672
2265
-764
-1901
-131
-1829
1762
-2487
2406
-2520
-2577
-341
-15
2154
-1678
997
-2233
-632
1560
-1242
-1544
-2637
-1493
-1136
-1539
1287
442
-1399
-1559
568
40
445
-322
-1573
-755
421
2295
1979
-2559
-2466
-1592
-1452
-600
339
210
-2030
2262
-2461
-1837
-1065
853
1375
-1007
-264
1816
-1279
-2618
-230
-1591
-1322
219
1600
-1292
292
-331
-194
-1373
-1349
2415
-1352
2032
-417
778
-2227
-1015
600
-2571
-1908
476
-2120
-836
2258
1157
-1584
-1271
1799
-1212
-775
402
-2210
-1442
30
1830
36
-2393
228
-714
-591
-664
2467
-1077
-779
-2324
2027
1436
-599
-743
-6
-1855
-2551
196
82
-577
-23
-1806
-1734
-2568
825
266
58
-1398
-988
-2259
763
-1294
-2386
651
1500
-716
2289
-873
-1911
-1801
620
-1270
36
-801
-617
-882
1138
2031
-2287
-1203
378
-567
-202
1470
-2418
984
-692
-842
-639
613
-1689
-318
339
1007
-2357
2161
388
2019
-2446
-305
1608
396
-2394
-2326
1707
233
-678
-1927
-11
87
-1752
1547
25
-2417
408
-2522
-2257
302
975
2417
-3
-969
-983
-1758
2006
1121
1226
39
-268
-830
612
2071
-317
2337
-1927
661
1892
-1926
2497
-758
858
488
946
-1530
-294
643
1945
1577
721
-2017
1102
-1518
2377
2281
856
1926
1760
366
624
-1249
1827
1114
-2150
1633
84
-908
1945
2523
-860
160
792
-782
1666
1182
-2402
1035
310
-1657
-1851
-1289
1788
143
-2043
2604
-317
143
1242
873
638
-1496
-782
-1384
2458
-583
155
-1442
1710
-225
-1936
1956
1135
433
1163
1620
-1838
1708
1179
482
1763
2269
-839
1157
-981
-882
2112
1171
1552
-1843
1426
-1415
-2590
1176
-1542
-2409
-1193
2553
561
140
1444
672
-150
2608
2217
-592
2028
-85
-1643
2628
1703
1853
1242
719
-2109
-2349
2550
-2142
-2070
2547
-2419
2233
-1274
2417
-1250
1408
-560
2511
2120
2265
658
-2357
593
309
173
218
843
965
-824
2619
1143
2185
-1920
1674
1374
-2056
-397
519
1138
-1341
2155
1317
-787
1471
-648
762
-1748
1307
-2343
-1988
-2499
-515
895
-816
-50
1898
1616
2590
-2214
2652
971
1991
647
-332
2015
-1232
-2217
187
88
-1307
975
-480
-1233
-912
-660
1045
761
-280
-1497
-2284
-22
1983
-2218
-171
1994
-1664
-688
2209
-1011
1393
-976
-79
-1801
-158
-554
2033
-1798
666
1782
-1209
-511
1092
-374
1019
2264
-378
-1257
-892
-1032
-96
-1035
-1462
-651
-2189
24
-1082
-1529
1680
-216
176
2414
-2161
-1672
-2305
-758
1129
2396
2552
-2294
1626
-1428
2299
544
-2024
-331
-2497
-2070
702
79
-2114
281
2120
1276
2590
-2049
1228
2181
1001
572
2083
1586
-630
-1158
2256
1454
-2123
1975
-2545
267
-117
-2037
-1636
-177
2340
538
-709
-33
10
369
-152
189
-906
248
1979
2453
-1814
-720
-1005
-1951
-863
941
-1585
1863
-1021
1427
1047
-1847
-284
-1367
727
-386
-815
2252
137
1167
-1881
2067
-2096
-1233
-2082
-872
-941
2197
-1773
1983
-1633
-1517
-1160
-1138
-1504
-2615
-1142
2158
1106
-2048
-2035
-911
740
-2044
195
-1888
1795
143
-1514
-2602
-1228
228
2292
-217
432
-287
-1432
707
-1135
-2258
193
2232
-2599
2048
1525
-1872
1294
404
-663
1944
1046
1035
-1442
2373
-1075
-2178
-1539
2545
1511
-2513
-164
1628
-22
-2572
1060
-818
1025
-167
-1335
2004
-31
150
-1808
1935
1318
-2510
-1153
-1353
845
1871
1285
707
-637
-1377
2055
947
1524
-459
-746
-1223
-2428
2218
1730
1625
763
-623
526
-650
-234
-2133
1263
-790
-2543
2292
305
2304
2523
530
-722
2100
-2427
-1543
-1201
2534
-2361
-520
-31
-920
-613
1017
-1860
-1706
2611
-934
286
1441
-1114
-2622
522
-284
-1460
221
-665
2572
841
297
188
1208
-2297
571
1272
630
-2062
1737
725
-480
-2478
-2231
1630
108
1356
-650
-258
1523
572
2605
-185
-2641
1913
156
-2635
-1462
-1142
-1623
-2614
-1227
2145
-2299
164
1251
1159
-1211
-1595
-456
-1152
-2285
1062
-41
-1203
-2212
557
-395
1787
154
-1796
-318
1522
-2359
-113
13
-2555
2268
598
811
-1315
1512
287
-331
-2616
1203
-1263
-579
1156
-1576
-1383
454
-518
-2340
1441
2085
1257
2077
-1142
-106
-780
23
1040
443
2237
-186
-2269
-1355
1020
762
-1061
-2188
-1411
-2284
786
-2267
-314
930
-2604
-554
-2312
-276
-1720
2284
-1720
2430
-717
-41
-89
-691
-2496
-970
-1456
-1641
-647
-1377
1342
-1329
-805
-1323
1741
497
-2026
640
-1847
1224
2582
724
394
-1963
2276
-887
-1937
-2430
2022
871
-1931
-1640
556
-1760
1661
2225
-1498
791
-1563
-1594
-316
-1831
862
-1897
-2232
1231
-256
-2387
-1422
288
157
-1468
-1458
-693
-1890
2254
-530
1804
1209
105
2416
-866
941
-1309
34
-1917
653
-1396
1343
-2605
-815
2515
-571
-1581
-2166
434
245
1857
-1823
39
-1929
827
1605
230
1046
-2212
-1962
1575
1044
2060
1270
2214
1187
-2561
-1850
-1428
-1372
-2286
1333
146
-779
-1904
-1176
1668
-2620
647
126
99
2453
-335
614
1780
275
-2098
-2043
582
-1125
-1415
96
2363
623
-1321
1122
663
-129
2036
-2443
-1016
-1511
-2276
980
587
1418
1795
-2055
-1587
291
-1328
-1767
1272
2175
-575
2321
-2305
-1465
-1065
-770
-1206
372
-643
-854
1059
773
-452
355
-388
1392
-292
-481
-1317
-458
-1587
2368
2325
1761
1894
-1514
767
-2322
1919
-764
2427
-2210
-829
-2499
-1057
-352
-1352
2584
541
-574
1381
1628
1042
1216
341
-115
-1945
-1206
-184
265
32
-739
-2140
940
933
381
1266
-766
2352
2612
-2382
-2011
372
890
-386
-2209
1359
343
216
-2405
-1902
1620
2477
675
-863
-22
-1966
-2432
93
-2122
-1974
2215
2007
2212
940
114
-1831
852
2138
-302
777
1371
-269
-1049
-969
377
-2456
-2214
-111
-2651
-1554
-2629
-1874
-1371
-2253
-619
-749
-383
-54
-1670
1728
231
1118
1938
-1215
-927
2485
-436
2550
-2297
506
1832
-2304
-335
1040
-1495
1710
908
1268
564
959
-1027
626
-5
-2252
-1920
-2369
-341
1507
-2273
918
812
-2552
-885
-1377
193
-543
-2573
1374
2611
-1219
2623
440
2030
65
2107
-122
49
67
-1555
170
15
1229
-1216
205
-52
1305
1379
2074
14
1597
608
83
124
103
52
-134
389
494
1303
406
259
187
376
363
2304
441
1628
290
387
572
-1824
247
540
753
-1854
245
-9
1708
1476
1986
173
1433
904
170
37
66
197
-154
631
98
2194
788
736
336
679
100
-38
226
897
-415
338
479
784
1084
240
975
1378
1036
-91
135
42
15
2885
215
1313
1265
187
76
2054
596
3576
950
-400
-142
2750
1254
2362
-47
-79
661
253
474
159
241
1334
818
70
-282
371
1608
698
143
136
148
105
36
915
440
1137
1152
271
1124
1997
-85
-203
-52
539
616
1044
-13
-41
67
37
-122
114
159
739
686
87
20
511
936
-17
99
62
49
1124
10
802
628
35
0
866
603
2021
290
-219
-70
1218
693
1245
-21
-33
161
97
115
13
29
561
379
5
-103
-45
700
255
64
57
59
159
14
421
234
378
420
192
479
953
-9
-97
-26
327
324
523
-32
-92
95
137
-172
177
250
1642
1375
141
-75
1406
2017
-16
207
142
126
1897
27
1606
1165
28
350
1519
1335
3948
326
-424
-134
2186
1291
2369
-28
-51
99
136
74
12
14
871
605
19
-139
230
1071
289
100
85
87
375
21
684
401
455
571
383
732
1573
-10
-163
-45
617
515
878
783
2846
209
3783
-390
236
335
-2112
182
137
2419
-983
276
-129
1595
2036
3302
1172
2655
625
35
285
199
462
-186
344
1149
1059
213
280
138
258
-54
-79
1289
304
917
444
656
1302
675
376
-365
72
1554
1036
129
141
163
61
41
733
223
1670
1476
21
1112
1455
-153
-140
-27
24
423
660
-13
-51
97
34
-176
160
226
937
891
121
100
830
1179
-28
128
76
58
1550
11
1048
836
56
6
1181
757
2661
396
-289
-94
1651
903
1649
-52
-28
3007
319
2120
1312
1917
350
56
1366
-468
-1228
381
1767
48
72
119
322
34
254
130
2763
1848
272
371
270
-313
1083
568
843
177
402
-44
-19
2753
275
1939
1214
1774
199
66
1272
-411
-1240
208
1595
150
55
97
303
29
287
128
2479
1619
259
242
284
-281
1118
564
810
180
406
149
1783
1520
578
1054
834
1222
-1467
238
989
11
-1989
199
542
1516
1058
1211
273
768
888
199
686
6
275
-121
655
-97
2331
903
963
364
747
-83
-131
1724
471
1232
549
808
2192
1208
425
-552
622
2603
1469
222
230
261
53
64
1336
506
2422
2242
50
1852
2765
-226
-274
-62
379
798
1340
-47
-26
2697
287
1900
1176
1720
316
49
1224
-420
-1138
349
1589
38
65
107
288
31
226
116
2479
1658
243
337
241
-278
966
508
754
156
358
-49
-37
2518
299
1777
1077
1575
510
19
1104
-423
-939
584
1535
20
81
121
255
34
114
91
2406
1676
209
492
158
-264
674
397
635
109
264
-14
-19
117
59
82
17
35
322
222
2
-63
-196
417
178
37
34
35
76
9
242
135
239
254
100
282
545
10
-56
-14
175
203
300
-46
-34
2350
279
1657
1004
1469
477
17
1029
-395
-900
548
1435
19
76
113
238
31
106
85
2245
1565
195
461
147
-245
626
370
592
100
246
255
1160
51
1297
-96
48
65
-882
89
23
782
-792
114
-35
709
792
1233
97
955
318
36
83
65
11
-76
196
373
649
192
90
85
180
-7
-31
78
1
-144
126
177
581
603
94
174
441
751
-24
84
45
29
1169
5
710
598
52
13
872
470
1836
353
-201
-66
1204
644
1159
214
662
94
1187
-174
119
167
-469
18
76
823
-306
57
-49
264
499
922
786
764
54
151
108
67
456
-42
9
513
-10
-13
516
100
157
157
218
115
976
-214
160
225
-111
208
108
764
58
7
-53
13
224
590
1216
538
266
412
115
62
800
-11
896
571
-106
-43
1011
380
689
222
-17
255
1462
-469
370
525
443
915
258
1331
1247
638
-110
103
6
516
3025
618
1127
1215
228
105
2097
308
3214
1102
-365
-135
2757
1161
2203
58
-8
97
526
-180
142
200
194
380
100
492
219
296
-40
44
6
169
1177
206
458
488
86
39
820
148
1298
467
-146
-53
1081
492
887
-21
-8
1237
122
869
545
803
73
30
570
-183
-777
94
737
69
24
42
136
13
132
57
1108
717
116
104
129
-112
509
260
365
74
182
-48
-104
24
240
-40
82
114
1825
1337
78
-221
1185
2214
290
213
170
169
1212
38
1539
975
524
929
1087
1505
3625
12
-382
-113
1657
1153
2078
350
2099
200
1599
122
261
389
-1653
216
393
784
-1643
221
-16
1520
1357
1865
133
1363
791
143
50
68
159
-140
545
165
1889
668
603
286
580
857
3416
182
4058
-340
186
262
-2571
253
96
2498
-1435
340
-124
2059
2390
3730
626
2947
885
90
277
207
25
-225
532
1078
1724
462
143
245
470
-14
973
2657
105
1861
1284
1875
-886
202
1425
-240
-1983
123
1297
1128
446
157
365
3
776
212
1926
904
340
-69
615
-239
2252
947
1135
359
751
87
837
386
457
262
241
361
-677
97
301
163
-1006
89
101
646
511
662
88
449
361
73
44
15
94
-56
258
9
910
344
340
132
284
283
1232
61
1431
-115
61
85
-933
91
31
875
-781
121
-41
739
849
1335
187
1042
324
33
96
73
3
-80
196
423
641
181
66
83
174
324
1692
24
1549
-48
4
17
-1312
156
96
851
-1218
174
-29
1144
1122
1630
54
1226
563
89
75
72
80
-112
374
303
1276
427
334
186
380
87
-48
248
873
-455
374
530
971
1264
267
1013
1648
1264
-98
161
57
9
3220
144
1527
1438
201
79
2307
743
4124
1025
-460
-162
3102
1432
2703
-7
-17
29
15
-53
49
67
308
301
38
11
-36
413
-6
43
27
20
488
4
345
277
16
0
375
261
876
171
-94
-30
526
325
544
0
-24
101
275
-184
154
216
464
574
111
371
459
619
-37
75
31
10
1351
0
683
628
78
29
977
368
1826
456
-202
-69
1321
653
1187
-59
-92
1124
324
803
346
512
1544
875
254
-376
344
1846
998
159
162
181
26
45
968
391
1629
1530
93
1307
2029
-142
-202
-47
341
604
1003
232
1693
569
1053
385
395
584
-1352
190
514
434
-1560
181
47
1291
1064
1393
156
980
702
138
8
39
170
-114
497
9
1740
641
622
265
543
278
2100
879
1209
600
569
837
-1685
244
723
455
-1913
227
142
1635
1312
1679
214
1169
901
182
34
42
229
-141
643
-21
2256
837
830
348
708
358
2212
324
1620
209
326
484
-1746
233
470
772
-1755
234
-13
1622
1423
1935
154
1404
852
157
44
67
179
-148
591
131
2053
732
674
312
632
-28
-71
54
125
-97
109
153
1259
1016
90
-90
874
1549
-3
156
113
103
1251
23
1178
824
3
393
1029
1032
2861
190
-305
-94
1501
939
1696
-33
-31
1331
188
939
547
805
475
96
543
-253
-531
570
876
35
63
83
120
22
63
31
1359
1007
93
435
17
-134
130
136
267
15
69
119
-14
163
885
-301
239
337
331
627
167
827
677
478
-69
72
9
278
1969
351
765
808
144
66
1372
242
2162
730
-244
-89
1809
790
1472
-69
-89
2167
401
1537
825
1209
1436
601
771
-506
-165
1693
1545
130
164
200
154
51
623
6
2489
2034
98
1242
1030
-253
-87
-3
228
253
310
439
1728
109
2168
-204
118
166
-1294
118
66
1362
-833
168
-69
998
1216
1946
513
1545
412
32
156
113
146
-113
238
654
756
185
2
97
195
160
-46
298
1261
-548
444
632
965
1377
316
1328
1907
1272
-122
170
49
101
3771
350
1674
1632
250
104
2676
724
4582
1237
-514
-184
3575
1599
3038
92
-54
273
935
-501
413
586
1097
1409
295
1102
1883
1421
-108
180
65
13
3560
137
1703
1595
220
86
2554
840
4589
1118
-511
-180
3437
1587
3003
-45
-61
1234
255
876
450
665
999
476
404
-314
-131
1195
939
96
111
132
75
33
505
98
1495
1266
40
863
938
-138
-86
-12
69
269
378
-5
-17
43
5
-80
69
96
305
332
52
102
29
413
-12
46
24
15
644
3
386
332
29
8
479
254
1004
232
-109
-35
659
372
638
72
972
771
345
533
427
631
-799
126
508
33
-1234
106
284
808
574
678
141
430
472
104
325
5
143
-65
346
-35
1233
479
503
186
392
221
-1
201
1375
-371
286
405
127
573
198
1164
705
248
-89
56
136
657
2275
671
715
857
188
93
1547
65
2134
906
-246
-94
2005
804
1515
-18
624
2386
124
1673
1132
1655
-602
156
1243
-244
-1680
84
1213
832
234
7
314
7
606
174
1815
932
289
-45
490
-218
1807
778
954
287
608
-16
321
1646
98
1154
771
1131
-330
96
839
-181
-1215
45
870
489
85
14
210
7
376
112
1289
694
191
-23
309
-145
1149
505
628
178
388
-16
-1
1004
87
704
451
666
-28
34
477
-137
-763
2
587
130
12
26
116
8
146
53
864
530
101
15
131
-84
503
244
324
72
175
231
475
135
1320
-250
181
256
-300
116
121
985
-3
32
-65
46
409
888
1325
779
167
393
141
80
844
-28
712
669
-89
-41
1039
336
615
50
-21
134
544
-246
200
282
447
638
142
585
618
608
-53
80
24
29
1705
136
769
749
111
46
1212
345
2101
596
-235
-83
1621
755
1393
-34
-39
1069
187
756
414
612
625
249
391
-238
-331
754
766
56
74
90
80
24
248
4
1194
953
54
552
375
-110
-29
21
136
106
82
57
-31
170
629
-313
257
363
637
854
183
712
967
844
-67
108
37
3
2204
121
1030
981
139
56
1575
490
2791
732
-311
-110
2114
985
1837
894
3508
197
4240
-368
205
290
-2635
254
109
2625
-1415
347
-132
2094
2463
3865
759
3063
889
86
294
217
103
-230
529
1147
1704
444
105
241
459
546
1649
204
2765
-378
254
361
-1179
64
160
1884
-334
149
-112
747
1242
2192
1611
1820
199
230
243
154
900
-105
55
1040
69
-19
982
61
139
101
-49
260
953
-479
392
556
987
1304
280
1083
1727
1287
-104
165
56
7
3368
181
1578
1495
212
84
2408
753
4271
1076
-477
-168
3234
1483
2805
-52
-71
1372
292
974
495
730
1165
565
440
-357
-65
1390
1051
112
129
152
80
38
604
132
1685
1440
41
1002
1139
-158
-106
-17
60
323
473
255
1566
132
1202
78
186
280
-1234
160
283
593
-1315
164
-12
1126
1010
1398
97
1019
586
105
38
51
116
-104
403
149
1396
495
443
208
427
313
1768
4
1475
-12
118
181
-1383
173
221
769
-1355
184
-21
1239
1156
1634
86
1211
630
107
59
66
110
-118
427
228
1469
508
433
218
444
228
1379
40
1102
14
129
198
-1084
138
211
559
-1173
143
-13
976
893
1253
76
918
503
88
40
48
94
-91
344
167
1187
418
364
174
361
