-2523
-835
3540
1200
1596
-2082
1918
19740
1993
-2182
-457
3628
479
-807
-1289
1161
1478
2075
-2216
-633
3360
89
2794
-1077
2288
3486
1683
-1533
-1568
2897
-388
164
86
-1785
14812
4023
-1535
-2326
2168
-400
1174
-378
-1045
4132
2455
-1942
-2608
2826
-295
-72
-504
-2229
1128
2678
-1074
-1028
3231
1573
1423
330
3796
16230
2115
-1413
-533
3864
1412
838
356
2826
3989
1343
-888
233
3337
1198
1518
495
3091
5744
2265
-2659
-1856
3779
1960
-625
-1270
428
17059
3382
-2400
-2199
3375
1359
-974
-1403
-34
-147
2874
-2780
-2508
3686
1239
-9
-1391
-177
-955
2119
-2409
-4086
2995
1124
1875
-345
885
19864
2037
-2040
-4630
2672
1618
2186
-103
613
2733
1363
-2632
-5074
2819
1618
1462
-128
2
3053
1509
-2599
-1713
2789
971
-1371
-1339
1364
18673
2292
-2863
-2069
2718
460
-1048
-944
990
3523
2133
-2782
-1570
2986
845
-411
-1422
1480
4082
2316
-3202
-3236
3376
1135
2511
-371
1377
20166
2031
-2976
-3284
3365
1720
1494
-209
1065
4162
1950
-3315
-3376
3250
1168
1805
314
1319
4513
1398
-2361
-3570
2684
1447
-1743
1609
-41
14659
3920
-2328
-3020
2734
1209
880
1180
512
3682
3647
-2036
-3134
2292
2014
-1403
318
-570
1542
3586
-2765
-722
4969
1467
1997
914
3615
19193
304
-2548
-1512
4533
2807
1365
-36
2360
1189
620
-3202
-1871
5066
1760
-412
1145
3741
4862
873
-4210
-1493
2317
2256
-1074
524
1553
20797
3821
-4064
-1414
2081
918
673
247
1578
1260
4576
-4270
-1634
2168
1793
623
-823
2070
1009
3728
-4726
-1893
3217
-311
2091
-1744
2079
20041
504
-4621
-2288
2888
674
116
-1429
2762
4417
1549
-5002
-2479
3285
-417
791
-539
2909
3005
330
-3241
-1929
1642
2330
-2152
1038
1668
19877
1822
-3416
-1544
2008
1230
-926
1040
1649
2946
2597
-3075
-1041
1567
1878
-670
152
2390
4180
2726
-3327
-1722
2865
1386
2025
-244
1829
20492
1919
-3123
-2249
2496
1897
762
73
1766
415
1869
-3612
-2531
2810
1329
1395
632
2447
2032
2120
-4695
-2406
2160
957
-833
-825
1130
17738
1849
-4519
-2496
1917
244
-449
-682
1413
-1245
2357
-4845
-2756
1933
590
191
-1192
1112
-1875
1559
-3655
-1731
1686
-464
1198
-878
1089
19860
1120
-3532
-1524
1610
-28
633
-635
1505
5918
1567
-3634
-1699
1532
-366
773
-448
978
4144
588
-3318
-2571
78
3834
-1211
304
-195
18321
3545
-2946
-3741
-556
2828
-75
-233
631
4520
2984
-3731
-4187
-46
3006
-302
-761
-212
2863
2926
-2115
-1275
2472
1365
407
-276
3008
13199
697
-2193
-659
2953
1741
-1571
-195
2666
655
1063
-1800
-296
2392
729
-297
657
4134
2904
1196
-2196
-1227
2020
2491
-1721
-307
2008
16445
-720
-2227
-2302
1657
1433
-903
-429
1709
4092
333
-2826
-2151
2287
1844
-520
-1052
2126
5030
-169
-2279
-1430
3278
-227
602
-1815
3167
20293
768
-2336
-1199
3529
450
-516
-746
2520
4006
1548
-2204
-970
3372
275
481
-659
2962
4315
747
-2982
-1357
3148
-266
-458
-64
-2844
11084
2527
-2776
-959
2994
204
926
391
-997
3045
2898
-2902
-1254
2863
814
-288
-75
-2598
-2146
1158
3465
-1105
3788
-38
949
-551
569
10044
1019
3223
-1299
4235
174
731
-514
528
6348
717
3389
-623
4007
-60
543
-365
7
6497
1314
943
188
4130
1842
-758
-471
1357
12591
-66
735
-241
4207
739
-1468
288
312
2249
12
690
289
4458
1026
880
-96
1805
5247
605
-3512
-1150
4367
-128
1927
-3356
1239
17354
2133
-3317
-1587
4152
584
233
-2409
1395
4212
2256
-3776
-1636
4458
138
1760
-2007
1185
2494
913
-1473
-558
4132
782
-1393
638
-1502
12512
1162
-1582
-370
3891
74
-737
1050
-557
6614
1475
-1535
-439
3839
642
-328
423
-764
6297
1924
-2970
-1035
4879
723
1174
-1719
3812
19276
1418
-3047
-2019
4899
2070
-291
-876
3759
3080
1713
-3354
-1555
5334
1358
18
-271
4005
3142
1548
-2977
-1306
3986
1158
-2824
333
-952
16017
1170
-2942
-1766
3489
-127
-984
677
-538
1919
1490
-3344
-1941
3802
978
-844
-601
-248
2109
1560
-4340
-816
5774
-584
3227
-1331
3373
21967
1270
-4160
-485
5697
901
678
-767
3208
3190
1935
-4153
-823
5646
-358
1414
375
4518
4834
1813
-4508
-1700
2835
1609
-1268
479
-1610
19213
2448
-4209
-2241
1920
286
1102
719
-929
999
2535
-4941
-3015
2428
1591
729
-722
-994
860
2712
-3993
-1081
5205
-1248
2447
-1812
3382
18943
1261
-4040
-629
5474
-230
225
-1445
3735
614
2191
-3867
-493
5165
-1301
1077
-536
3721
800
1815
-3370
-2359
2016
1604
-726
541
-1535
20029
2360
-3163
-2860
1428
557
688
530
-648
2265
2371
-3727
-3294
1719
1239
620
-358
-1328
1022
2271
-2530
-38
4164
-640
1530
-1250
2238
16361
2511
-2821
479
4487
-550
-41
-960
2648
2179
1862
-2343
964
4117
-1162
1366
-542
2235
1857
2527
-2800
-1442
2395
2394
737
-365
-17
18453
1871
-2660
-2028
1985
1642
799
-91
2
4579
1656
-3221
-2145
2361
1952
1835
-440
-237
4636
1548
-2126
-1275
3850
-811
1181
-159
3491
20096
711
-2086
-614
4333
-361
661
3
2462
6528
1101
-1767
-373
3812
-612
681
183
2687
7771
846
-371
-2756
2362
1040
677
-571
-1645
13660
2754
-36
-3334
1773
1174
721
-600
-1475
6407
2519
-637
-3830
2224
1094
358
-436
-1917
4990
1890
-1863
-1478
4442
-1318
1931
-1383
837
11012
3600
-1534
-851
4510
-2061
2586
-1295
471
6136
1653
-1368
-1216
4118
-1532
3066
-1977
-1013
4533
2080
-118
-1364
4080
-1720
1253
-409
-2079
12691
2843
72
-1419
3656
-1746
753
-760
-2940
5934
528
-138
-1805
3892
-2181
785
-344
-3575
4916
1111
627
-1178
3480
-1176
1125
-1050
-692
14326
2132
963
-1209
3203
-1081
916
-1087
-1966
5945
479
682
-1630
3339
-1220
863
-896
-2539
5234
396
2038
-343
4564
-1395
-1023
-533
-538
13011
1104
2080
-76
4801
-1148
-1302
-663
-2306
7011
385
2251
211
4667
-1385
-1449
-336
-1677
7759
117
3970
2183
5713
-2994
-1091
-2942
-1382
9646
842
4203
2189
5730
-3425
43
-2444
-2428
5794
917
4105
2199
5902
-2492
199
-3265
-1762
6055
99
4644
-255
3161
-1142
-1864
-1280
-2412
6582
2359
4284
-952
3302
-806
-2595
-1810
-3459
5332
1372
4316
-22
3660
-1503
-2819
-1002
-2795
5722
1573
231
-1251
3519
-894
228
-875
255
8559
641
248
-863
3781
-1373
1222
-643
52
7566
191
435
-693
3492
-710
1239
-1363
-689
6327
-56
1850
-1212
3470
-1594
34
-2231
-2453
7859
3574
2096
-910
3502
-1319
-685
-2758
-2862
6326
2348
2036
-1011
3235
-1908
-791
-2148
-3899
4391
1787
1275
-1284
4302
-1603
-232
-1298
-1275
7480
751
1393
-980
4344
-1597
-267
-954
-2162
4958
-462
1478
-990
4189
-1485
27
-1044
-2412
4661
-313
1701
-1845
3730
-677
-171
-860
364
12587
740
1563
-2707
3406
-551
-330
-955
-1113
5797
-336
1291
-2496
4092
-760
-622
-728
-944
6516
155
1134
-1324
3416
-1604
-93
-1683
2320
16784
477
693
-1438
3983
-1810
965
-1414
1083
5742
748
1086
-332
3995
-1089
619
-2079
1811
7126
693
-1378
-2415
3718
-1399
1320
-1410
-2003
18159
3302
-930
-2663
3343
-765
798
-1036
-2208
3848
2034
-1400
-3150
3442
-898
729
-783
-3027
2660
1860
-1376
-2604
2293
-302
1945
-663
104
16489
3132
-1208
-2393
2073
-699
2692
-67
-434
2754
1453
-1247
-2737
2055
-122
2877
-702
-780
2782
2325
1987
-3094
2250
44
241
-1304
1029
15009
1111
1791
-3493
2533
1443
-1956
-1831
-180
4399
1218
1818
-2877
2616
12
-2453
-199
-21
4790
624
-662
486
2220
-1318
1625
-3008
2133
10440
2238
-183
891
2075
-3133
5169
-1887
1368
4172
1172
-435
269
2040
-590
5622
-4505
497
3099
661
966
-1591
2848
-484
858
-686
-1868
14124
4514
1168
-1519
2677
1313
-2586
-1673
-3038
8396
2503
1137
-1715
2697
-964
-2820
823
-3399
7279
2354
256
12
3902
-1999
991
-2510
1531
10493
1689
260
576
4026
-3579
4061
-1339
346
3817
-214
601
616
3875
-1243
4588
-3707
-26
4094
679
-341
-2712
2774
-1286
1613
-1763
-2587
16195
2186
-210
-3258
2286
2
-530
-2291
-3314
5134
1405
-645
-3420
2859
-1382
-864
-654
-3255
4404
787
548
-1568
3064
102
275
-1204
1651
17726
3643
647
-1438
3227
-156
1574
-550
396
4334
2707
763
-1316
3064
682
1370
-1432
68
4760
3088
-597
-1884
4054
-2553
1809
-1821
11
19022
2773
-498
-1231
4069
-1821
807
-1620
-561
4511
2145
-248
-1393
3820
-2160
848
-1164
-482
4344
1949
2087
-1267
2652
-749
29
-1839
-702
18104
1977
1997
-2121
2526
-679
768
-1219
-1177
1779
1633
1712
-1695
2980
-98
565
-1680
-980
2431
1824
-1757
-2337
1574
-480
2321
-450
2769
24182
2848
-1908
-1645
1965
-532
2146
-76
2273
4799
2507
-1448
-1417
1458
-375
2540
-349
2302
5511
2947
-1407
-1934
461
449
1701
-345
1556
20226
2150
-1315
-2335
244
490
1484
-379
1606
3945
2135
-1552
-2447
462
334
1446
-290
1563
4216
2237
-1321
-1536
91
-156
2080
-838
776
22282
1841
-1379
-2083
-282
-185
2416
-618
1182
4923
2248
-1733
-2161
172
51
2220
-896
1419
4718
2030
-2299
-3372
-16
-232
1896
-438
2213
20297
1144
-2607
-3164
316
-112
1766
-107
2479
2122
1196
-2289
-2727
-39
-42
1804
-268
2072
2855
1942
-259
-981
2354
-455
1460
-1351
1328
23848
5321
4
-1092
2205
-342
1726
-768
1314
4255
5017
-113
-1416
2179
-13
1776
-1203
1248
4364
5226
286
-2687
1636
-1936
2978
-1357
-296
22404
3168
59
-2789
1465
-1847
2746
-1310
-117
1105
2170
14
-2738
1487
-1899
2612
-1302
-990
1344
3196
774
-1908
3345
-910
1820
-1374
-319
21828
2785
1037
-2393
3032
-841
2147
-1038
75
3257
3155
511
-2718
3166
-601
1902
-1365
-657
3022
3012
-405
-2390
2864
-2236
1796
-1752
-1031
21449
3634
-385
-2575
2590
-2048
1734
-1217
-610
3045
2954
-594
-2770
2627
-1943
1752
-1474
-1544
2343
3548
-822
-1516
2904
-1666
2378
-960
-742
20516
2701
-505
-1535
2430
-1584
2421
-732
-84
4546
2918
-890
-2254
2545
-1528
2262
-919
-189
4006
2722
-2681
-3435
1414
-584
2771
-374
964
21713
2919
-2591
-3045
1247
-591
2591
-279
1288
3658
2570
-2566
-3464
1031
-602
2650
-410
717
3319
2910
-2376
-32
39
-1715
14
-1721
-609
16612
5481
-1988
-100
-443
-1763
-3
-1733
-544
851
5220
-1863
52
-395
-1744
7
-1723
-746
778
5304
-786
-67
-386
-2875
273
932
-1040
20128
3455
-434
-239
-880
-2928
247
947
-1034
1298
3316
-358
-33
-801
-2918
219
897
-1048
1229
3280
-2908
-79
1035
-2227
910
-518
-1086
18719
4843
-2167
-195
247
-2296
862
-526
-869
876
4364
-2034
53
335
-2296
844
-495
-1394
778
4614
-1217
1342
99
-2713
1264
36
-695
20288
5072
-463
1141
-862
-2764
1269
56
-577
920
4723
-290
1443
-720
-2740
1262
15
-820
694
4720
-2410
-84
1693
-3432
-433
-1681
562
20663
5540
-1311
-222
460
-3592
-526
-1740
806
-866
5039
-1081
144
597
-3565
-490
-1715
350
-1138
5101
-1318
-349
130
-3346
1541
-634
-350
20630
4562
3
-586
-1393
-3425
1559
-565
-50
-59
3776
276
-160
-1209
-3376
1570
-615
-764
-299
4073
-3549
-454
1911
-3297
-190
-1523
179
20726
5891
-2059
-654
210
-3481
-299
-1565
601
-2043
5145
-1717
-174
385
-3456
-291
-1539
-184
-2305
5407
-657
581
705
-3433
701
568
403
21497
4828
335
372
-418
-3462
719
667
540
1214
4260
475
692
-260
-3417
733
632
46
1019
4436
-3488
-873
2548
-4285
946
-2322
219
16595
6235
-2856
-948
1843
-4423
849
-2400
320
-511
5997
-2665
-648
1909
-4432
867
-2360
217
-640
5965
-1322
158
666
-4063
2784
698
-542
19254
5758
-404
-85
-475
-4067
2784
760
-339
518
5267
-245
241
-310
-4046
2784
712
-813
388
5516
-3273
-455
1549
-3591
99
-1379
-560
18054
6039
-2160
-570
338
-3759
-30
-1479
-289
-1216
5435
-1878
-161
459
-3765
5
-1416
-806
-1363
5658
-1303
-564
883
-3603
1652
-317
193
19708
4915
-97
-773
-489
-3652
1671
-214
478
-252
4156
122
-417
-304
-3578
1708
-258
-250
-427
4521
-3219
-1381
1271
-3480
348
-852
-936
17165
6393
-2500
-1489
442
-3590
257
-910
-743
-438
6047
-2329
-1209
528
-3584
281
-890
-999
-526
6137
-1060
690
-352
-2838
1337
135
-1281
15944
6014
-875
562
-667
-2841
1302
126
-1312
2043
5965
-817
729
-588
-2828
1293
107
-1285
2031
5986
-1647
-43
691
-2893
70
-573
-140
15265
4709
-1052
-118
40
-2978
-10
-610
-35
1421
4347
-918
95
111
-2974
17
-575
-341
1379
4535
282
-673
-55
-3324
-497
-190
482
9636
2605
695
-834
-655
-3387
-481
-155
523
2928
2402
824
-595
-511
-3303
-469
-242
481
2896
2441
-3211
-951
1009
-1395
-14
-1867
-1196
13635
5875
-2260
-1031
-30
-1508
-81
-1894
-931
2184
5276
-2015
-734
65
-1468
-67
-1859
-1486
2047
5496
-32
431
971
-3563
2253
-1038
-86
15877
3203
712
248
48
-3638
2250
-1019
95
1419
2891
897
572
217
-3596
2279
-1075
-183
1293
3016
-2541
97
1420
-2532
1632
-1941
405
18676
4077
-1694
48
568
-2640
1556
-2008
578
-84
3595
-1532
303
650
-2654
1572
-1937
146
-244
3730
-2082
871
1226
-2104
-16
2113
-1242
22031
5746
-1417
682
371
-2133
-63
2139
-1089
925
5465
-1283
904
475
-2130
-64
2109
-1335
769
5462
-2215
343
2415
-1622
743
-1590
-111
24700
3209
-1143
233
1308
-1751
703
-1588
234
75
2646
-966
530
1432
-1732
723
-1562
-436
-155
2822
-1238
0
1014
-2063
2881
-1339
-1136
21255
3477
-479
-165
111
-2123
2914
-1301
-879
-111
3135
-322
89
253
-2090
2926
-1361
-1249
-285
3229
-3919
679
1705
-2317
-30
-982
-433
20725
4612
-3031
537
659
-2468
-155
-1085
-213
-1752
4153
-2763
904
774
-2490
-187
-1031
-636
-1914
4257
-412
-318
728
-3320
1402
260
184
22719
3498
572
-583
-481
-3350
1446
356
397
-709
2930
795
-205
-282
-3293
1461
288
-175
-846
3225
-4693
-269
2493
-3312
951
-1731
-588
19009
6092
-3560
-360
1311
-3519
830
-1820
-281
-2210
5476
-3297
4
1413
-3514
835
-1777
-767
-2423
5578
-573
559
575
-4036
2132
-19
378
23167
4906
439
273
-710
-4093
2144
62
576
-1740
4373
677
675
-501
-4027
2157
-27
94
-1909
4606
-4653
-932
2005
-3898
405
-2368
72
20464
7630
-3719
-992
1055
-4047
299
-2456
259
-3072
7026
-3475
-642
1125
-4056
327
-2377
-211
-3196
7239
-503
30
635
-4730
2409
1459
113
23001
5140
185
-245
-301
-4750
2408
1529
233
-2219
4831
324
86
-119
-4714
2417
1442
11
-2279
4990
-5079
127
2056
-3391
1453
-790
-1455
23435
9051
-4235
56
1225
-3486
1329
-884
-1221
-2637
8524
-4067
364
1289
-3527
1339
-778
-1739
-2733
8778
-771
32
662
-4026
1436
1092
260
22794
4529
-22
-183
-273
-4083
1411
1136
421
-1650
4190
109
112
-114
-4044
1433
1082
155
-1768
4298
-3833
-202
436
-1806
205
285
-1833
21987
7003
-2692
-352
-798
-1911
117
255
-1545
-15
6229
-2452
-17
-705
-1907
117
312
-2291
-214
6551
-1421
-74
1245
-3241
866
616
-675
20071
3587
-397
-321
-38
-3335
830
630
-388
-399
3106
-159
50
150
-3305
843
587
-871
-582
3288
-3374
-219
2148
-2711
966
-1695
94
25481
4710
-2067
-338
820
-2835
909
-1711
430
-2060
3944
-1844
20
932
-2835
940
-1627
-416
-2300
4268
-655
575
1756
-3010
462
370
-904
23048
1401
-65
391
1026
-3083
460
393
-735
474
1212
38
660
1169
-3074
462
353
-937
391
1241
-2432
177
373
-973
-879
-577
-1041
22491
4479
-1742
6
-414
-1000
-882
-581
-917
-121
4059
-1600
282
-331
-1014
-920
-548
-1418
-230
4284
-1405
0
969
-1875
-519
207
-1494
24713
2223
-325
-222
-263
-1988
-533
226
-1232
-844
1690
-121
118
-121
-1984
-533
216
-1786
-986
1923
-1269
385
1586
-1666
-265
51
-981
25524
1716
-194
192
396
-1768
-270
74
-692
-358
1207
-20
518
528
-1775
-250
73
-1250
-511
1414
-1939
910
2788
-2002
467
-856
-410
28516
1224
-708
737
1482
-2117
482
-790
-74
-1636
560
-507
1059
1624
-2107
509
-786
-804
-1826
831
-2230
108
3049
-734
481
-1003
-937
32065
2406
-1005
-66
1702
-816
512
-925
-584
-1485
1796
-781
253
1819
-824
568
-939
-1234
-1712
1973
-1615
232
2182
-1107
1497
-747
-2039
26436
-78
-850
91
1335
-1210
1520
-691
-1758
417
-413
-721
316
1466
-1190
1495
-723
-2147
279
-371
-1563
662
1636
-1127
47
-1013
-621
20309
2629
-969
538
955
-1177
26
-1008
-481
1083
2320
-834
760
1046
-1182
18
-999
-866
985
2473
-1495
1196
1891
-573
62
-88
-1195
24271
1650
-216
960
399
-670
69
-22
-841
1369
962
50
1338
580
-640
43
-38
-1646
1144
1241
-1853
595
1933
-841
-73
-851
-782
24111
3169
-316
383
234
-977
-94
-808
-372
-165
2369
-18
786
400
-959
-72
-806
-1230
-437
2660
-733
721
2108
-2822
1334
-1285
-1131
22515
1390
413
543
864
-2951
1321
-1279
-842
405
846
609
893
1022
-2952
1353
-1292
-1397
216
1058
-2638
8
2360
-2784
1053
-1539
-710
27608
4013
-1182
-157
847
-2877
1035
-1490
-282
-1189
3179
-962
220
969
-2888
1075
-1473
-1220
-1418
3576
-2315
305
1605
-2638
-202
206
-328
25899
3814
-1130
84
248
-2746
-221
257
-15
-2075
3204
-925
425
379
-2723
-223
225
-651
-2259
3426
-1578
-11
827
-2275
-1042
230
-1575
20953
4454
-676
-155
-157
-2368
-1109
205
-1390
1322
3944
-542
96
-58
-2375
-1067
233
-1870
1213
4184
-476
1107
2178
-2697
1185
-802
-1518
18655
1368
545
962
1095
-2769
1230
-728
-1192
3325
861
676
1243
1224
-2749
1250
-780
-1764
3203
1105
-1788
353
985
-10
-1690
-384
-1351
16668
4425
-1251
238
325
-25
-1793
-470
-1274
4364
4133
-1125
434
368
-99
-1768
-386
-1654
4340
4375
-353
772
1110
-2158
81
-102
-982
16194
-651
304
592
317
-2205
167
-10
-825
3160
-1077
434
822
442
-2161
119
-82
-1280
3114
-844
-1805
-7
367
-331
-1122
-713
-922
19862
5158
-834
-154
-716
-373
-1172
-708
-756
2299
4564
-649
98
-659
-412
-1145
-678
-1344
2157
4858
-856
344
1677
-3172
54
258
-1668
22619
1943
270
123
381
-3267
77
324
-1348
398
1415
471
473
533
-3256
91
264
-1884
273
1646
-2017
591
1916
-2099
167
-405
-297
23094
3595
-736
471
615
-2230
111
-396
-22
1101
2873
-576
737
724
-2237
160
-339
-706
871
3102
-1897
213
1007
-2347
174
-526
-483
25904
4355
-317
-7
-727
-2434
176
-449
-107
111
3401
-48
400
-600
-2418
199
-461
-1101
-160
3818
-1690
228
1880
-2561
11
-343
-948
25440
4200
-462
93
558
-2697
-42
-302
-627
901
3563
-288
353
659
-2680
37
-317
-1205
658
3715
-1441
-591
184
-2831
195
-820
-72
17061
3930
-931
-633
-285
-2860
157
-828
-1
2237
3529
-905
-510
-265
-2870
176
-788
-394
2224
3799
-581
-933
52
-2792
-174
-514
-986
13326
3887
-262
-980
-268
-2837
-203
-512
-935
4187
3705
-248
-883
-247
-2828
-163
-514
-1056
4216
3822
-250
-1412
-1
-3190
52
-227
-635
12551
3303
40
-1461
-315
-3238
-3
-239
-579
4122
3171
59
-1362
-298
-3248
36
-252
-631
4203
3296
-773
-861
-528
-2651
294
-731
-786
11471
4981
-742
-843
-473
-2649
248
-751
-825
4308
4903
-805
-835
-494
-2653
264
-727
-865
4395
5030
-1266
-1248
-241
-2876
59
-1225
575
15576
4778
-950
-1259
-501
-2915
54
-1200
568
3031
4533
-968
-1208
-513
-2906
77
-1189
442
3057
4631
-1275
-633
-253
-2764
1278
-71
-312
23059
5406
-339
-742
-1234
-2832
1203
-87
-82
1414
4898
-250
-518
-1174
-2844
1221
-55
-616
1234
5099
-2044
-564
1742
-3039
987
-572
504
27563
5735
-339
-742
-80
-3210
913
-543
969
-1159
4904
-89
-339
66
-3191
986
-522
129
-1481
5143
-1788
-751
525
-2802
1154
-481
271
24481
5020
-430
-901
-907
-2934
1083
-482
600
-777
4291
-241
-576
-792
-2924
1106
-450
-121
-998
4557
-1345
-1661
347
-2848
662
-891
313
21232
5184
-409
-1780
-662
-2938
628
-876
548
137
4743
-269
-1516
-588
-2930
662
-877
140
35
4908
-869
-991
-277
-2821
378
-643
8
14859
4571
-255
-1070
-923
-2863
329
-658
89
2583
4221
-186
-896
-879
-2867
340
-635
-216
2529
4402
