-190
-1248
-786
888
2854
-2143
-2993
-2607
-145
85
-1112
-1924
-1045
-592
-865
-2421
-932
-3120
2850
-1838
-1933
-2329
3089
2294
-3079
-607
2815
-322
-2466
-2197
2226
-2203
376
1565
-1098
-993
2221
-3083
-2735
2003
832
730
-2161
-3028
-3271
-492
410
-1164
-68
2624
-1114
-1188
-395
-2740
2512
2495
151
575
635
1572
2973
233
2564
2442
-2170
1092
2587
-959
2147
-716
502
-790
-3164
247
-3086
2340
-2149
670
-2542
3233
-97
-2625
-3110
2097
-1566
-1239
3034
-2505
1350
1583
393
1527
812
1009
1520
-408
2430
-2149
-2718
-2414
993
1712
1804
-27
2671
3229
3244
-2003
1358
1051
-543
-1088
-2876
-798
3229
1871
-570
-3007
-1023
2895
-1732
3092
-406
2000
2302
-3142
98
1142
1316
-1444
343
-1150
-91
2401
-1618
-614
-2451
-2187
-1474
-1486
1842
-3117
-2244
-2946
-2342
1904
2547
-746
2580
2172
-2699
515
-3084
-2238
582
657
-2189
1664
-151
1658
1256
271
-485
3146
-479
1021
495
3084
3119
-2411
625
2792
792
214
1281
-221
662
2774
-3140
-3108
-2076
-224
1381
620
762
2925
1774
84
-664
325
-2568
1098
-1709
2950
-3264
1659
-644
665
-3148
1344
2378
3101
-796
10
203
235
-1715
255
1674
-2956
-2019
-265
247
2395
-2334
-2594
2946
-2461
1996
-810
-2869
-1739
711
1822
-1611
1112
-286
-2339
-386
-1422
2158
2816
100
3251
-1251
-310
-291
-3169
2366
-289
31
-2863
826
39
-1582
1273
-1875
2245
1349
158
2433
593
-3218
1832
2335
949
101
923
-1759
-168
1673
2157
-1928
-2179
93
743
-2929
1342
-359
-2777
3181
3093
-1629
328
-2338
-1170
-2802
2534
2260
1012
-3264
2763
-3164
1680
-186
-2522
-372
2435
1585
-2451
-1701
-2758
2959
-103
1587
2302
788
199
-1874
-1514
-2669
2153
-1143
-2214
-1913
-1644
-2303
1755
-2457
-1951
-3064
-1630
3181
2571
2456
1931
1479
-932
325
-3131
1873
3233
99
-2624
1354
-955
-830
-835
169
2492
-1413
904
2322
872
661
490
2146
56
3163
-2633
2575
2691
1344
-2390
-2860
-791
2355
1729
-738
2256
1474
-26
-1604
-1862
2665
1109
-2926
3116
1136
3143
-1226
-2738
-1514
-831
-2920
1335
22
-3130
2068
-639
-805
-3186
-1912
1871
-325
-240
-1652
-1997
-2168
-2035
625
2482
1204
2666
-1913
2501
3135
1352
-1261
2616
1855
681
-2034
937
705
-2172
2616
-1004
29
1352
-1492
779
-1865
-2043
-429
2511
-2503
-1276
-403
1942
1300
1765
454
-1185
-856
1384
2936
260
-945
2429
420
-1943
-3099
1110
465
-808
-141
898
-965
-292
-2083
405
-1042
1909
2638
-2601
-2988
-484
1218
1549
-2484
-99
499
1703
-3012
711
2998
-2111
1070
386
-666
1206
2795
2027
-3154
-1278
-894
403
-1652
1130
-3171
9
-2611
3073
1472
704
812
-907
-602
-944
2765
2339
811
-856
3051
2126
1627
685
-296
1877
-2390
-3204
587
211
25
2674
-1118
-1939
-2350
-1808
-2255
-1223
2852
2720
790
2618
-83
1626
-3113
3139
1963
-2894
1973
2871
-2669
2505
-2868
-941
-1287
-1570
-2988
2257
364
-2063
-2804
1610
2048
-46
-1936
-119
-414
-1674
-2110
-511
602
1193
128
-2993
-1205
902
1363
-93
-2921
-627
-2801
2702
627
-1685
-2800
995
927
-1572
2188
3040
-664
-2289
2151
1843
-1029
2202
-2112
2152
2970
2995
790
2875
1053
1677
-1919
2833
-1474
2999
553
-947
-3234
-165
480
565
-861
1633
1985
-2595
-3053
-2936
-2984
3195
2240
244
1807
-2378
-1291
1855
1135
-2526
-828
2833
-822
1305
2571
3080
391
-675
-1511
-1772
-1173
1931
61
1514
1427
2665
760
2194
132
1620
-462
2004
-2790
-2467
-14
-101
-1425
483
-246
1213
1609
-2724
-777
281
197
1787
-1495
631
-1679
3144
-242
1069
1769
2848
-613
-962
2080
-999
1515
-2337
174
-2409
-1939
-2923
-2481
881
-1634
-2291
2004
1722
-438
-1130
-2863
2566
-630
51
-3224
-1567
-738
-3029
2564
-2853
-2809
2562
-1356
1730
-1153
-104
620
-2238
1621
1154
87
2852
3099
-2574
-225
2619
-1360
-2362
2614
-1070
-2417
-598
-1308
3238
-109
-936
-3063
92
-1957
-248
2848
3048
742
-1409
-3133
1976
446
2623
-1215
1907
473
326
589
-82
-3236
-2395
-244
878
1880
3094
131
-2540
950
-1735
-256
-2002
-1192
-2307
-1220
3244
1225
-1088
-1715
-2115
-2480
-1977
-429
-1915
-2556
-1826
340
-2668
3073
16
1536
-858
724
82
-2167
-686
2476
-1251
287
1299
3084
-587
-964
-1492
1871
-2076
-1892
1868
3193
1213
3081
2147
-2720
235
-6
724
-2280
399
3149
2126
1883
-903
-2765
2128
-580
-1220
-2214
2586
-83
2847
-3270
-1220
1603
390
-503
-2145
-2728
1723
-475
2034
481
-1671
-1397
1134
838
759
-972
1115
2482
875
1293
689
2283
1306
2475
2671
-1577
1464
-1389
1256
591
2789
1865
2244
2178
3002
137
2944
-1425
955
-1458
3139
1636
-252
3031
-2084
-2251
2173
917
2347
-149
-1108
-1528
-918
-1799
614
1211
1304
1866
-2662
2564
-1114
294
1188
-1116
-1546
-92
818
-181
2657
3225
2774
-164
-239
-660
780
846
1202
-1657
2787
-2531
-527
-1661
2536
-2825
-2696
819
1953
-640
374
-2735
722
2417
503
-1061
-1514
1937
-399
392
-2827
365
1271
-476
-959
1209
-2984
-883
1284
-1623
-965
-2027
1350
-805
1947
1570
2468
1108
-246
2885
-392
-2731
3199
1895
-3001
-2314
2575
485
2201
-2336
-2688
-2800
-1836
949
-3011
2897
2448
-2086
-41
1819
1776
847
3230
2757
2324
2023
2809
1113
-609
2001
-1994
636
-1307
2986
-3138
992
179
819
-2263
-295
1122
2339
1008
1259
492
934
-1727
-2533
-2676
-3155
-2878
-1762
-2690
1920
1340
-1687
-1501
-3133
1391
-1663
-1804
1407
-2110
-2412
2884
1724
-102
-1871
-1697
1641
3129
2175
1133
-694
-1134
-1574
-2464
1550
-2531
2649
803
345
-1895
2712
1188
1604
-2705
691
205
1644
2177
-2239
-2856
-2096
-1572
1415
2310
1979
-2330
-1681
2346
3048
-2122
911
-64
940
125
-516
-147
1625
2977
-393
-2949
-2434
-2706
3023
3025
37
2413
2660
638
2160
-199
141
-2347
2037
1584
1297
-1477
3135
-3223
-2456
-617
3054
-2679
1521
720
1438
1291
-2345
2800
44
-932
431
430
2020
-1203
-310
2627
1351
-3236
-3048
743
2302
2221
-124
-656
-2654
-1607
526
-627
-2053
-1745
-3093
-853
24
-1231
-1567
2745
2397
-903
-2531
1386
281
1759
-3067
-953
-2385
-199
1741
-1647
10
1138
2227
994
1950
-245
2717
-2424
2989
-2952
196
-3209
1504
2031
-548
1594
1713
168
2714
-2102
-2751
-2934
511
290
913
-162
-749
-995
447
-976
-439
-2896
-1859
-532
-2723
720
-842
1768
-2970
-1356
-2161
512
-3056
3102
-1359
-2918
-308
-1289
-1885
-427
1448
1513
3149
2049
899
2345
-958
-2675
-3105
104
-2775
-2399
3108
276
-2133
424
2942
-1350
-2535
1169
-175
704
1253
2608
541
-1937
1396
1607
-2675
616
-1824
64
1602
2886
-2182
1733
-1199
715
2474
1583
446
-563
-2398
1463
-1771
1727
213
1939
1260
2685
-990
-1281
2800
792
-1094
-1445
-1220
-224
-1121
2657
-815
456
135
1208
1836
-1419
-219
155
3083
3028
-2604
2975
-2569
-469
-130
-866
-1912
-2999
460
1707
-1453
-1294
3155
-202
-1963
2657
-668
-3029
1437
34
982
-325
2593
2024
2283
1122
3040
-1552
-1211
-1567
2116
-2867
-1457
1634
2779
-2250
-2300
-2561
2728
-2871
-2478
2515
1964
3031
-2270
-2208
-2908
-221
-1567
1840
-1624
-1411
-629
-1909
2742
-2530
-3026
1808
98
1136
723
-855
-2253
-2779
1541
1492
-30
1343
-1449
2370
1435
-24
-2375
-839
-373
-3260
-357
-1344
2797
1942
-3005
849
639
-3198
-764
2127
-1754
-171
1233
124
3208
2024
-105
-1646
-1762
-19
236
-3152
1857
130
308
-2746
1719
-61
2526
-648
1004
412
-1302
578
1617
1522
1939
-3137
-1191
-696
1816
-3261
58
1703
396
-133
2480
-273
246
-1287
-3266
2061
-2382
-1950
-3220
2474
1699
2093
2973
-1832
-1015
3276
364
304
-2965
1030
2359
-1648
-290
3157
-1511
-3098
137
-2041
2563
42
-2949
-809
2307
3139
1998
2026
770
-240
-3262
-2751
3032
506
695
2613
-4
-60
-1336
-82
-2795
614
-2944
422
-832
858
1766
2247
-1131
-1081
-3195
-454
-1082
-674
-2414
1479
-1168
755
969
976
3032
-883
2964
1495
591
2389
2481
1923
1419
1959
-2568
2656
-856
730
924
809
-519
-1137
-3124
-1856
2720
871
-392
-2566
1007
-2306
2810
-3109
-702
1342
-1803
-971
-1346
-2354
1299
2933
3041
1132
1856
532
856
2223
-1135
-725
2851
174
1870
733
2633
-1119
-1819
-794
-1402
-1826
459
1858
-230
1526
865
-807
2464
-785
-1669
4
-2665
-2305
1055
2228
70
-2575
510
-2175
343
320
-172
3224
-1073
1998
-2582
-3156
-393
-650
2243
3027
-2827
-1138
-105
-3097
-1377
-911
650
-289
1998
-708
-1682
1901
2605
457
1136
-1322
-2030
1626
-655
2000
2801
-313
-2643
-1004
1531
0
2498
-190
-274
1510
-2935
2989
-1757
-1565
-2696
1811
-1051
32
1989
3157
1117
-729
2890
-1142
2565
-1060
-1749
670
2398
-1073
-1238
109
-200
-726
-869
1533
-2112
-1433
847
-1684
-2066
-2124
-1723
-2339
-1431
3175
-772
-1644
191
338
286
-2762
-885
930
-3154
-1223
1418
-1603
319
-2377
-2755
1497
-2199
1531
-3092
-2398
1568
1330
1571
-1161
-3203
-2414
1279
-3034
911
1312
2178
-1518
1298
-2224
812
-2640
2830
-942
1650
2522
2879
-1677
-2904
1317
277
1427
-368
2399
-490
1624
2452
-329
1024
3133
2834
505
1430
-2029
320
1318
-2514
708
2811
-583
2324
3106
2629
1750
-2498
2444
1170
-2165
-209
-1027
-919
-732
60
-1302
-54
3105
1941
1056
1048
-431
-1031
2560
-2437
-2445
1961
-2913
-771
-1893
489
-3268
-2995
-1654
284
-1841
2727
-2658
-3182
2801
-2366
265
-151
1579
3099
152
2280
2696
-1109
-3193
-585
1986
-833
-2946
112
-2161
-1578
-1967
1185
-776
686
929
1018
2080
473
3201
1988
3079
1298
-2009
1224
-527
227
3042
733
-1000
1561
2283
1643
-264
-810
-2332
-860
41
2597
-2023
1791
722
-2834
2624
865
2943
-763
596
-527
-1079
1403
-2707
881
-302
354
-959
-2061
2203
3161
-699
-773
3105
-2223
-680
1646
730
26
1926
1489
3053
2303
799
1311
-1359
-2028
-2195
2564
1620
-2026
-1561
3215
-170
856
456
1160
2729
1974
2159
990
-149
-2408
1137
-1671
1258
-1386
-2679
-2156
2215
-2426
-1613
-366
1424
-2132
1674
2604
2027
-356
1250
-156
508
1742
-2111
-835
1860
-3076
1541
339
559
-2219
-1029
-2488
-300
2074
-1085
-331
2247
1160
-1420
-2776
-1648
1767
-2945
-1096
-2914
-2975
-2238
-537
1552
-3245
-2362
-463
1237
-906
230
-1786
244
-856
451
-1039
1767
277
1302
-2199
1039
-2372
-2172
610
2342
-2618
2639
-3086
-2661
2458
1779
-3102
1858
-3007
795
3243
627
1269
1293
-1216
-2256
-998
1681
2145
-975
747
-3249
-1036
1489
1057
1942
730
-1043
1782
-24
-16
-2064
-2922
-647
3114
1168
2839
-3128
2742
2154
-453
3049
-362
-856
893
-887
243
-2954
-2550
2837
1496
-1746
-867
-1706
-1642
-1017
-152
278
-2052
-2252
-1735
2786
-1996
2001
3152
-2956
729
2089
2168
-1275
-2584
-3107
2391
-1225
1373
1702
2351
1830
-1762
1379
286
-900
1181
1126
1471
2404
-1389
-953
-2202
210
2014
-3
2909
1474
751
50
2641
-1408
902
2812
-2239
1758
512
2730
27
-424
-523
1117
1056
148
1890
1852
-2810
3179
-2344
1928
424
-939
1168
1157
2200
1529
-1416
2920
1546
2119
561
1196
1111
527
3077
-279
-2375
642
714
271
-1320
-677
615
-126
161
1433
-2207
-2437
-2168
-410
-2002
-43
-3125
-2354
-2891
-1230
-1807
-1248
-280
33
1750
-3004
-691
-1273
222
-3132
1176
-126
-2233
-147
167
1600
2457
-1661
349
2633
-2388
-1418
2307
-1818
212
2451
-1898
2688
3204
-3250
2200
2253
-2859
-1399
-206
-2545
-2843
-2005
2464
-928
3219
-1546
-547
-1737
-2102
-2820
1393
-175
788
-2168
-368
-2022
2363
1443
166
2459
1083
793
-910
-3131
-526
-1049
-2767
1857
418
1959
-1120
-3065
1312
938
1299
-2236
1375
-2491
2785
-1105
-1895
3147
2782
-1585
-2891
-1030
2690
-2046
478
-61
477
-1293
2931
-1058
-952
2426
-1308
485
-2569
-415
29
-752
-2749
2213
1646
1354
-2760
-273
2263
731
-3042
-2457
2521
1450
718
2438
1138
1782
-1975
-617
3213
-1959
-2924
2692
296
1536
-702
-2685
201
-132
-469
261
1376
86
-1700
168
1635
-282
-3124
-537
588
166
-3215
-2066
-795
1953
-584
2035
1421
1914
-343
2095
-173
-300
713
-2543
1001
2948
-189
-579
1460
1468
-1217
-2429
1531
-2429
1117
-14
-2085
874
504
-386
713
-992
2362
880
1834
-252
-2132
-1611
-1532
248
3240
-3211
3011
1302
3111
876
-407
-2200
-54
-3151
-1065
1582
466
-920
2886
-1624
-2250
-3074
-598
-1680
5
-374
2455
-558
-3119
-2346
2698
2665
-597
-462
3106
3043
2528
-1749
2625
2921
2190
1615
1094
2964
2644
-2827
351
1658
-772
-3256
1115
2295
-1104
-639
-1783
-1260
-2149
1845
2703
1999
-1116
-472
544
2445
28
-2224
-1131
-1878
-355
54
-78
-1904
-2657
273
977
2702
2329
966
1769
2923
-3170
903
2736
-1214
-3020
-1672
-2090
2552
-1661
-482
-2421
1226
-1180
-2329
-3043
-2829
-76
-1947
-1283
977
2536
1737
1161
1470
-951
3222
610
2480
2105
-314
-1529
418
-1797
2164
295
-571
3087
-1015
-3054
-2569
-1535
2952
-1613
-3071
-2147
866
-2258
298
-3175
-2739
-560
1972
-784
1433
406
2983
1191
-2891
-2561
1257
-3162
-555
-1488
-3133
656
2411
-2812
-1425
-1634
1122
946
-948
-3051
-2463
1033
410
2662
82
-1464
2871
-254
2068
-1103
-3211
-1957
522
2058
2040
-2560
-583
-381
2961
2745
1436
2693
2744
2764
1701
3267
-2226
2017
-2021
-851
-3074
-2298
-1894
-1263
-892
2716
1660
-1139
1682
2639
937
-318
1545
-330
-1707
-2434
-991
-1446
-1251
1271
-2605
-2032
-672
2011
-477
-2203
-682
1835
454
1370
984
3134
356
-3080
2628
-3087
383
-2911
2226
-2037
3049
1576
820
67
-2425
1003
80
2349
1145
141
2593
-2148
1264
1859
1182
1445
-484
2114
172
-1192
-2061
-1026
-1039
-44
603
-3134
3070
1102
3043
-97
119
1661
2739
3041
863
2807
905
516
1566
1403
-1917
-651
-140
2021
-1445
-2147
1334
-1784
1741
756
-2580
-782
2802
-1169
-2846
-791
-506
132
-1424
1861
2834
2266
1547
-1037
190
-1174
-868
-941
-2407
1687
1094
2650
-1568
813
-2032
-3210
-1224
-2558
848
-1628
-2733
-2572
-1095
966
1004
-1865
2715
-298
-1391
2748
-3151
-1891
-295
-2779
-1335
551
1228
-1452
-2713
-914
2406
-1471
2428
2525
1852
-3172
1546
-3078
-628
-824
1483
-2326
-1876
2444
2334
-749
2003
-2610
1152
-718
-2091
1158
-2962
1253
1765
2035
-184
437
-1021
2104
-2660
-3236
-704
-909
-3263
772
1387
-854
2145
3262
477
2401
-2983
-655
-1567
-2725
-1985
1060
92
771
-2329
-2121
-1205
2047
-2281
-1811
-1810
-1595
1491
-2737
-2022
-2280
-1714
-1275
170
-2194
-1186
-759
-2668
635
-2244
-272
-721
-2280
-564
914
-1427
-1758
3180
2496
3082
3126
-352
1912
-2401
1795
-2690
448
-1116
2839
-201
776
-327
1495
-366
-156
-2714
1319
1406
1711
-1782
-2949
1230
3033
-744
1922
2561
345
-2112
-313
-2267
3187
3258
1170
304
2240
-1384
-2014
-1645
-636
-2016
3055
3107
-2686
2565
417
-1438
-782
808
393
2826
7
419
-2974
1189
1207
-3010
831
1214
-880
2448
-1964
-2431
-2318
1461
-1224
1559
-2521
-1674
-1991
1794
1272
-2230
-2187
2294
3265
201
-146
-585
-1863
840
1695
-2690
2311
-2186
-389
-1030
-2823
1588
-2578
-701
-1678
2369
-1237
2338
180
-435
-2040
1073
-632
1219
-1754
1989
-1849
-789
714
-558
1549
-1861
3182
325
-841
-735
-345
1561
-2902
770
1440
-908
66
1988
2028
-2203
-749
-2676
-74
1161
-2941
-1284
1142
-2898
828
126
3074
2184
2728
1096
1997
-2955
-2909
1963
603
1327
-510
-850
2076
-494
2208
3078
510
1827
-1390
-1532
-308
-988
-491
-12
-1482
612
2905
65
-1051
-839
-2310
1281
-95
1637
-2343
2963
2384
-3155
-2420
-690
-858
-2799
-158
1836
-225
706
1768
-480
3198
-553
2581
1593
-2481
2284
2022
-2997
2267
-2485
-2172
140
-2809
-1588
-1020
1491
2978
-2825
-975
-3166
1780
-731
822
571
990
2443
-2711
-205
-1616
2815
297
-3099
179
-1304
-342
2439
2603
1847
-248
347
198
-1324
1944
3216
-2249
1614
-470
-1416
-1861
-1220
1085
933
-774
1757
1197
-979
332
-1027
-1333
2907
234
188
-467
-3002
1118
-1058
2409
2308
365
-1758
-1423
2694
-2849
1854
-3042
-3078
-2558
3009
2167
-1020
234
-2790
774
2451
1889
-3043
-1380
-169
747
-1568
1661
-2288
-2843
-2540
-1368
-2233
-203
2625
2767
2578
625
-2642
1010
-2209
-59
2552
237
-401
-1016
2068
-619
-552
191
2186
2147
2483
-828
-930
875
1399
2325
-640
-110
1996
-2926
-2578
2730
2162
-1406
1106
-2151
-1232
-1036
-492
-1465
-1456
2307
-1966
-1506
1548
1743
3079
1473
1894
3033
2572
1101
-3035
-3151
2472
-70
3066
-3055
2837
401
3093
-2303
2283
-2941
-3260
-2671
2845
811
2144
1909
-2383
48
1846
221
-287
569
-2161
2918
3258
-499
2349
501
-406
-1329
-250
81
-1638
799
-1381
2862
1462
-689
-1578
-402
3170
-2373
-475
-1743
-2507
2078
-2985
-2847
55
-3117
-3046
1912
554
580
-1930
2044
2298
2771
1531
-1717
3133
-1733
1356
-2111
-2165
1994
221
309
1699
158
2066
-2461
1410
3265
-689
-2331
1940
-609
1063
-2720
1811
-2913
-3094
651
1701
-2
1145
2743
2365
-1366
2604
2037
-2890
954
-3049
-2671
1674
3170
-2981
2573
-1449
-1864
-3126
-1098
288
-1232
-2020
-2234
2126
-1025
1256
131
2736
549
-1597
-863
1891
163
229
-684
3247
1646
-1147
-201
2850
1084
-1140
-3122
2136
-2261
2649
-2853
355
-2918
-2518
-384
2283
-1662
-877
3223
-1759
-107
206
-3204
-1565
-1082
1082
473
-97
2927
-2125
2941
-506
1139
2396
-2444
-159
103
-370
845
2090
-471
-2591
2374
-2408
-1116
1005
-1128
1597
-178
-2005
-2651
-2033
-2807
-2321
-262
-2940
-1126
1546
-2886
1467
1167
-84
-984
-2974
-899
3178
-2138
976
-155
2130
408
1324
-3143
-1371
278
-2300
3169
-3099
3073
-119
-1105
1136
-2935
-2067
-317
-1734
-312
-345
-2487
-428
1276
3256
2610
3254
-2987
3125
2968
-69
75
-285
-142
-2316
-69
1627
2476
-2040
-1911
3220
-626
1780
3147
2927
-565
-1938
676
-1099
-32
435
-1485
-1169
-1621
1486
1197
-1555
-1668
-2659
1635
1685
855
-1723
-1583
945
2316
842
2729
796
-914
-2956
663
1302
-86
2670
2025
2091
676
-1595
490
-400
472
94
58
-921
-2110
-3197
1293
2584
110
-1129
-1801
-1673
3132
-2091
1536
-141
-2478
-2425
2333
-561
-2793
464
-1184
-265
-578
13
1212
397
-3008
2251
-2020
358
38
-2972
252
2166
1109
-619
3265
138
-487
1158
1162
773
-1333
-249
-2691
80
-21
2729
1303
2694
2984
581
-367
1447
244
-3024
-2497
-960
-3042
-2880
2566
-382
3128
-791
-779
818
-206
-925
-586
-1413
1722
-1040
1263
-2696
2402
508
-2845
874
-832
-1719
2071
2762
-3265
-2359
2393
-1839
2612
2694
590
258
-575
-2876
-2785
206
-2778
1875
1740
-2008
2116
2024
947
-3078
680
-3234
2433
-1444
1427
1037
-3248
99
-2790
743
452
1007
1876
-157
1402
-1499
-1101
-2211
-1793
-1134
-842
967
2566
-2653
-1702
-303
1314
-330
-695
-1653
2254
-1985
1548
359
293
742
-206
-2767
-1543
-1651
2887
-1125
3163
-536
3010
665
-2755
-3063
-3120
2077
49
2606
-2189
-908
1289
-1494
42
-3198
1627
-1925
-2055
-2760
79
1913
1234
-1371
-1358
-649
2287
-2210
1273
-802
1921
779
-619
1709
-267
139
381
-810
1469
-2443
1074
2487
-2179
1290
549
2897
3256
-982
-296
-1147
146
3153
-2732
1778
1411
2990
-2766
2951
-1928
489
2182
342
978
-3236
1572
-2165
484
-3260
-2133
2030
-878
-2288
-267
-2279
1487
2561
3212
-446
3003
2521
652
2908
-2433
1337
1421
1591
-589
-2800
-2423
2829
280
-182
1351
-1801
2736
2475
-105
613
-1770
-2741
-1623
1932
-774
1895
-2334
2155
2368
-1638
-2505
-175
-1180
486
-2500
2898
1834
-2695
-2559
2655
-2781
-1883
959
-1922
-2743
2490
2379
-338
-1574
-2189
-2249
-503
1519
-836
-1541
2792
2748
1818
150
1745
-905
2871
2315
2277
3053
-2053
2841
300
2611
2347
-380
-3027
-892
940
-933
2195
1733
2217
-2008
1671
2091
460
-1187
424
1986
34
-621
349
1903
261
1464
-2424
-2964
-1722
-1300
384
-2879
1517
1247
-696
-3258
-2106
-1740
-2447
1917
1761
-474
2021
-1383
-1533
-2858
1819
-346
-2736
350
119
-342
-357
949
2947
-188
-1815
-3086
2502
2035
-1372
811
1405
2264
255
-1451
815
-1593
986
951
-2330
-1107
152
-802
2126
854
-1074
645
-1425
70
3111
-1266
1159
-2990
1664
-2714
-143
1326
-977
-2167
-721
-2675
1710
-535
97
-1876
2953
237
1556
129
1147
-2699
-2580
-1701
1101
1165
-2277
1287
-1562
-2931
-1295
-3129
-19
2844
-2217
1746
-3037
3240
-557
1180
252
513
328
-2530
-96
468
-182
3146
409
-3249
3049
-1631
-1147
-2151
1300
-825
-2562
-1495
3130
-44
-2086
-253
-2257
2431
1460
2275
2484
52
2662
-2211
2171
1380
-2360
-2290
-3011
3088
464
3269
-923
1298
1386
-2765
-1095
-3136
93
2861
3236
3109
-167
-3226
1950
346
951
2379
496
-1176
746
-1810
695
-546
-304
-1903
1733
-800
-2340
1883
2578
2954
-750
-2773
-299
-1275
713
-3147
3226
-2027
-1073
1112
-1106
2421
3087
-3101
-2729
1560
-729
-2926
-2773
2123
1226
2279
2380
2805
819
2782
-1835
-322
539
-2535
-2963
2674
1582
-3053
-1764
1668
2156
-2674
671
3160
-2890
29
1663
2194
1060
-2079
-1560
2499
1591
-3125
1404
1574
-2750
2385
732
3266
-446
-1759
-3247
1476
890
1409
625
1601
1482
-1221
-1010
-594
-1709
-1769
24
-2970
-1968
1512
1260
-1949
-1408
-356
116
1247
433
2726
-1150
1032
-1042
-458
-1552
-601
-1436
-3228
1796
634
-2703
2979
-2067
-1496
2722
-2931
1230
2082
-602
-2955
-3163
-3180
445
-274
253
-99
-3020
1976
-618
1178
1498
-1752
-1698
1274
373
1604
1767
-2144
-3267
-895
128
2054
-831
-240
738
-3025
741
3119
-2891
1275
1684
-94
-3224
-1053
1871
1716
378
-2055
2271
-831
-2016
1564
-2662
-37
-2842
2593
1198
-1898
2902
3114
888
2350
-2062
-3000
3053
2908
-1848
-446
-3227
1226
148
3252
-2095
-2830
-1976
-2549
2011
1222
-2334
-3057
2871
-2294
2911
3244
3224
-650
-3018
-2116
-517
344
344
822
-1198
-2956
445
-3241
1782
-3226
-987
461
-2406
-1067
-2488
-260
-1684
-39
-353
3131
2981
-2937
3140
-3104
1799
579
-1286
-2136
1290
646
-2251
2304
-175
-1560
-2894
1261
-1979
-768
-877
2653
1311
500
-859
1924
-2128
-2119
2155
925
-2091
286
-1192
-2224
2589
1156
1672
-2948
-1404
1683
121
-1017
1415
-3083
2257
422
-1773
1681
-2137
-854
-2553
-1372
1226
-2227
-3239
800
6
892
-2545
3073
-3089
-1277
-340
2844
1296
-2941
2317
1917
-2994
1184
1472
-1808
-139
2851
2344
-558
306
-1252
3226
-2709
478
-2379
-435
853
-1781
-2357
-516
137
-1115
2174
2096
-167
2892
-361
72
3084
-1742
-2690
-95
-1710
-645
-776
2173
-1601
-1716
1092
-1900
-1845
-1572
-747
-3001
-3243
-2389
217
2631
2177
717
-2819
-1922
2807
-2205
2455
-696
-150
2435
3272
-2872
-1800
781
906
-1546
-2181
-1923
2777
-1512
2329
-662
-2662
-1023
2247
1176
-1031
2590
1813
2452
1978
-1540
-1931
-1895
-1929
2675
-2987
-1637
133
1017
174
1119
-1521
2407
-295
-156
580
-387
-2222
-2247
1268
-1894
1241
-2836
1066
-1650
838
2117
-1874
-3054
-348
1883
-2980
517
2887
1950
-2051
88
2343
2664
2122
-1783
606
809
-1998
1704
3227
-1746
-202
1449
465
-13
-633
286
-2670
74
-3
-1868
-1227
-959
-1270
1864
545
1215
-1320
578
-2713
-2558
1145
-2680
-3236
1590
1627
-2941
-214
-455
1597
1518
2243
-338
1537
-273
266
1690
-519
1149
2155
2735
80
-2804
2045
2464
1441
-2572
1844
-2402
-2642
2662
-1104
-1321
-2456
554
-2834
1195
-221
2539
-949
-2419
1724
-257
-3239
231
2309
2067
-2045
690
864
-2960
-2311
3263
832
-2833
-2345
1284
-1351
1938
-347
2505
-2964
-2539
27
-920
1042
367
1331
1957
272
-196
141
-2282
2814
2496
-1702
-3085
-2280
1743
2064
546
2572
1715
2731
261
2201
931
1904
-1370
-1650
-2039
-737
225
-1125
-1097
-2873
2079
-131
2500
2641
-3274
-3124
912
-1369
-2372
-1866
-974
628
-342
-1472
1878
2082
628
-1700
2216
2258
-3069
2407
-2070
600
-1075
-1958
2681
-1145
-1020
-1147
1425
-2774
1720
-393
2082
1288
1993
1421
2833
-258
305
-2294
236
-670
-1613
1375
-2683
819
-2484
-246
-2929
1750
-3050
402
316
-1082
2309
1613
2975
795
-310
-1432
-1628
-878
617
3026
-2557
1771
19
2986
-713
-2421
2085
98
-147
2999
395
-1950
-2175
-1543
2018
-1075
2170
2023
-1620
715
2281
2858
1839
-465
-1136
1300
2301
3029
-2475
-1265
237
-1616
-2695
-2769
1264
-410
-1720
-136
3147
-1670
-3244
-1450
2068
-1342
-2568
-1005
-2300
-779
3077
-740
2632
-1384
3131
-2611
2562
738
2915
2983
-80
3014
1881
-21
-270
955
-298
3023
2782
-301
120
3137
1787
1911
1889
2344
-604
1397
-1148
-2710
2194
-1519
1133
-2831
2851
2698
-2856
-1723
-27
-1118
-1637
2653
-149
-2555
2434
-1623
398
148
-2901
2922
1763
-2189
-481
-844
2020
-409
4
2617
-1296
401
1064
-1505
-2429
525
-163
60
608
-2161
-1456
-1775
-1408
-2591
-487
-1896
2652
-1211
-218
-2958
-1347
-2174
295
-2523
-2603
-1073
-2632
-3050
56
1021
-728
2277
-1593
-666
-2420
-2047
-1139
1642
3025
-964
2985
923
-3120
378
-302
-1074
2197
1377
978
810
-3257
-1223
3143
-357
883
2835
-3043
-488
-1852
-2874
3004
-2475
3159
-1744
490
867
286
1295
1494
-511
649
-1643
-322
3232
-1654
-3009
2902
1707
1699
-543
2666
510
-2313
-2440
-1572
-278
-1626
937
2457
-369
-1454
1371
-2829
2934
78
1873
2254
3093
646
2848
1873
2070
2491
672
-2056
2078
664
1702
2994
-237
1612
-215
-2913
-396
-1405
-2882
969
1425
-998
28
-1673
-1267
2574
2340
-2155
1647
-890
465
-2382
1202
-1835
505
-654
749
1820
604
3028
2522
-2229
-1424
1949
-191
-1192
-994
1251
-1753
169
2184
2566
-1040
1953
-2410
-2051
119
-1426
890
-2378
887
-1356
2292
2429
2128
-574
2961
-1413
1074
-393
-1349
-1629
-156
-1352
742
2722
-193
1779
1745
-1920
-3039
-960
-1520
428
1276
837
794
-2776
-2766
-913
270
1176
-2885
-614
2571
-2850
-2888
1958
199
469
-566
430
271
-3074
543
1955
-3195
1648
2925
-2896
2895
2488
64
177
-2571
-2544
-805
30
3224
-135
881
-1338
-3103
-2757
3109
-828
1072
6
3194
71
1698
-2593
2026
613
-186
2765
210
1544
-2217
-632
2414
-2848
-2326
-3225
-2251
-417
3222
-1294
-3201
1032
2711
-1027
-3266
2922
1945
-2943
2582
-2014
-1076
-2608
498
228
2069
790
-2353
2720
1314
81
-2593
264
-2794
467
-1339
965
2472
569
1080
-10
-2350
-3154
-860
-1872
-2282
-2065
2054
1557
-301
-28
-2337
2252
-1274
-3082
110
656
3056
-2407
952
-3230
1409
3014
-2321
-1555
-822
-2
-1538
2011
1970
-1729
-3115
-1838
225
2769
1390
-2711
470
-3168
1756
3153
3060
940
-1925
940
2481
-2669
3136
62
-968
-645
2413
-1221
-1928
952
2964
-2774
2272
-408
-218
-238
14
-2769
496
-1764
-759
2869
1662
3019
866
2879
3194
2933
-2269
-2046
-3090
1728
-2346
43
-108
47
-297
2671
-1526
-3276
2089
-1704
175
2926
2814
-3057
2448
-3223
-2990
-785
-652
-930
275
-1068
749
-2165
1415
-1152
-2333
-2001
2962
-3055
1384
-2513
463
-474
1025
2638
-3276
-576
60
1192
-2579
-875
1697
1671
-1299
-520
-2731
-659
1880
1161
1788
986
-1158
-758
1008
-312
-2795
-2604
-1723
-2230
844
-1198
-675
307
2820
2419
-2513
-1707
297
-1616
2496
-984
-1699
-1886
1125
-1859
1579
1119
2507
-1573
238
-1683
1167
2790
-383
-2172
3016
574
-120
2932
3047
-34
270
2368
-660
829
-583
-441
-450
-2137
-2425
-1864
1354
256
1881
-2327
284
3194
-2634
-1384
-2305
-294
486
-409
1795
660
3069
2092
2253
1584
3199
2079
-1399
1445
2527
-971
-776
-996
-2420
215
2937
2293
-1670
-317
-2205
-195
-2025
-589
805
2746
977
-1616
-2973
851
-3109
-2668
788
516
2956
1267
455
1328
-2598
-2053
2616
1769
-1485
-714
-2947
234
-96
-1997
-2584
-1662
1494
1023
295
3037
753
1076
-612
2290
-681
-2133
-222
-593
980
-2963
-1179
1310
-1469
3091
-697
1375
3132
-2310
-366
603
-504
-2362
-2855
3173
1779
-2048
-44
999
1949
-3106
-1795
-375
-764
989
887
-1621
1691
-1977
2540
-2106
-829
-141
501
-2912
-1494
-1927
782
637
-1747
2093
-1587
1569
2225
1309
-272
1206
200
2533
-360
-2577
2035
-2916
943
912
3028
1586
1554
1835
-1225
1543
-755
1369
2564
-397
201
-245
-524
304
1306
1434
2424
1199
-703
-1320
-1362
-1959
1337
-1199
874
572
-2441
-40
-1704
-3271
230
2526
-2447
2521
-1025
-654
-268
-1245
-233
1618
1322
302
-1216
-2553
1580
576
-1210
2744
-2069
1295
1896
-1350
-1251
-1238
845
-2429
-1067
-1002
-537
-363
-2634
-2206
800
-779
582
-1733
3051
255
600
276
-2964
-1543
2952
-539
2549
-1273
1916
-1018
2253
2145
-1465
2213
-2956
2329
-1880
2392
-227
-2032
-628
-2997
2279
1726
-1744
1752
758
-1029
-2486
-2733
1724
848
-790
-2837
-3210
-2107
2880
1724
-2597
-219
-751
-57
-1339
1241
-1719
-2541
-2388
118
323
-2307
1124
-1857
-2577
-309
3107
-1565
1605
387
2661
3177
-811
3069
2226
2323
-3001
-1243
2609
1628
3050
757
-671
2970
265
-2403
-3155
1283
2028
-391
593
-118
2061
-1737
1623
268
-2954
2693
-2235
3030
2419
-677
932
2177
852
2860
-1441
-1088
-497
102
706
-2840
-2010
2049
-3261
-2172
-1949
-3006
-2389
3247
-1396
-1600
748
-593
69
969
2129
350
802
1307
1456
2437
1954
893
-2655
3031
-515
257
1303
-618
1987
2884
-1148
-314
-2981
-29
-2470
512
-389
2591
-1092
628
-934
2047
-1178
-1478
-866
-266
3085
-2072
1143
2319
-2774
-2856
-1450
-37
2261
-60
1181
-2171
-429
-2288
3262
2886
1075
2421
-459
-74
3166
-714
2000
1036
464
-2490
1117
1184
-1960
956
-3021
2622
-91
-706
1620
-43
2887
-969
-1208
1087
-2869
3130
-412
-447
1250
2628
-1103
1293
-588
1399
1030
-1024
2581
728
2856
1685
-814
-516
-1997
607
-3
2261
-1999
-3116
-901
2168
1776
-2318
735
-875
-1034
2136
690
-1981
-1174
3188
1374
-686
-1906
-722
-2257
3182
1544
3261
229
2578
2193
1886
-1602
3071
-2324
-563
1563
1958
-99
1700
400
-1264
924
-2029
713
-1490
-2850
1879
1451
-1158
-939
-3196
2684
1187
-661
695
273
3073
3243
1185
-2182
-1315
-3139
-1266
-1113
-766
1914
-2714
-1362
-2812
2695
2625
397
2049
1162
3024
-1691
-222
-1358
641
1334
-226
2730
2847
-2501
-1172
-1769
2841
2726
272
3151
2204
-660
-1028
-273
-232
-2429
-3129
-2533
-510
-2237
1376
-625
-242
-1339
-611
929
-1645
1233
-593
289
2149
-2587
1523
-2116
-1832
-1334
1945
-3099
-3207
-1473
-1251
-2328
-1603
1410
1731
407
-358
1512
-1222
677
1120
-1434
3180
1434
-1726
-2661
1601
1329
-1421
29
2084
1917
1636
2445
-484
-715
1451
-325
2165
2075
3055
1813
-1994
459
-2923
1196
2612
861
-511
1205
-542
-2234
-999
-1959
463
-1002
509
-360
-1001
-412
-1620
1435
-805
18
1668
2927
1936
1723
2917
2629
-1655
2757
2330
2061
1195
2631
-1421
-1783
2843
-2868
-2275
225
-712
2622
889
-1915
3051
3041
-2828
-2037
-2573
-1278
-565
-794
2049
1981
1070
-2806
-1378
-2372
-1157
-2757
795
-2906
2227
2139
-1420
2971
-719
-3274
1073
1897
2109
-1940
-471
-1181
-795
2314
-951
1597
959
1410
206
-1572
-693
1393
937
943
-1648
1900
-1875
3040
2374
-1387
2571
3022
-495
26
2839
-276
-2852
1067
2554
2761
-573
1502
-3222
3157
2684
158
43
-1452
-563
2397
-2713
1186
-1371
-454
-348
1543
-2934
2193
932
3263
2547
-2590
-1099
-266
-2821
2753
1449
1663
-2811
1817
2766
766
-2967
-599
-2262
2463
-2470
546
-2334
3048
-1238
241
1490
-2017
800
3125
2509
-1014
-1861
-18
880
-1902
450
-648
-1254
903
1077
-354
-2733
-2124
3078
2550
-2538
2201
3079
1779
518
1376
-1535
1026
-392
-704
91
-1493
-2134
-1865
-823
-980
-1930
-330
2031
-256
2390
953
-1510
1803
89
-1124
2144
1894
-2167
1608
-420
599
-2562
3100
3161
-2083
191
1495
-1929
-748
1585
1724
26
-1210
2327
-439
2496
756
-934
-1206
1711
-777
-962
995
-3054
-3104
2163
513
2648
2224
-2617
1131
-447
-2416
-802
-690
-2825
-2639
-2688
-1039
1354
-21
342
-2176
94
-2162
956
411
337
-731
3024
-717
391
2668
1974
2744
-1837
1672
1017
1542
3119
-2682
-1656
-2732
-1719
-2032
2604
-2829
2413
-2150
-1732
2919
689
-2913
2947
1944
-2407
56
-17
2960
2079
1394
-3125
-388
1159
-2669
906
-2306
-3009
-836
-2036
2422
-1299
2351
-1192
-962
-1161
3022
-922
-2751
1209
-1188
-3145
-2943
-170
-1981
-1629
1959
-810
3116
1462
-1721
-2637
700
1064
-648
-638
-2528
1187
2038
3039
1812
56
2657
-2928
-1361
-1057
638
-2034
-670
1161
504
-3
-1304
-1783
-762
2434
-1734
-38
-2876
2577
2287
1672
2356
-315
-890
-2005
120
1949
2667
-968
-1801
-398
1413
-1301
1269
-431
-380
585
924
-1010
1520
3274
-921
-1736
-2161
-1562
-1408
1170
618
-552
-1441
556
-2904
-2890
342
-1878
2406
850
-2111
-1828
-1558
492
-2858
1001
-2392
-2905
-3223
-1520
64
-1636
-149
-180
1718
3158
-2270
1247
2541
2308
-574
812
-692
-122
923
557
2663
-437
196
1118
688
-3130
-2067
-1385
2235
2939
-1708
2362
1862
-2667
703
-1164
-1236
-1969
-96
-447
891
2178
2905
1547
591
-659
345
-631
908
2682
947
1349
-2788
-562
-1213
2945
2742
1974
-839
97
-930
-1666
-1991
460
-917
3227
1034
2040
-3063
2794
2492
3050
1774
-1801
2303
2903
-375
1774
602
1793
2765
2504
-710
901
1763
932
-1387
167
-2070
1101
1696
-1099
-335
-2932
-1454
-186
1122
-1222
-2348
1220
-2404
2953
495
-2206
-473
1124
-544
70
92
2795
-3170
-323
1043
1564
-3081
-898
200
-2979
2689
805
2124
60
2719
2607
2381
-3255
2680
279
2067
-1275
-1290
549
-1833
-2121
-84
280
1432
1367
-1150
1753
1976
1171
-2449
-1174
-2453
-832
2514
1009
1252
-2584
-791
-2352
-2915
1897
-1346
1100
-673
-27
154
-1665
-1956
1355
-2431
2827
-1100
298
-3256
1390
1312
3131
-3033
87
-886
-551
-2815
-1390
800
2267
152
2743
3028
1747
650
1717
2706
2593
2776
1857
3110
226
-666
-1968
2527
-436
-1803
1023
2639
683
-648
-631
2842
-2407
3222
437
-2747
-2170
1648
-2586
2905
-2738
-2722
2803
2094
2536
355
-26
-200
-3232
129
895
-879
-1597
2327
3191
2193
-443
-890
-342
2913
-1471
-1669
-199
2731
1698
2076
-1180
1052
-1440
-1652
-1214
-1668
1170
136
614
-2185
-1709
1584
1319
3003
2952
-2805
2452
1587
-25
1735
2557
155
-298
2582
2698
2785
-1737
-2593
-1973
-1639
-3
1868
3039
-2588
-3250
915
935
-1165
2585
881
-2252
1969
463
-1379
82
1376
-3012
1949
-13
-2212
-1555
-512
-1824
-1776
-11
-3104
1909
-3027
2122
-3118
-910
-1238
-2124
-125
2365
-704
-2871
1677
1757
2052
1192
-2021
1543
-286
-1190
-740
1466
2433
724
-1478
2467
-2662
2539
401
-2023
97
-704
-2943
1249
573
-448
-2056
-1499
-1766
-2804
-2902
-869
-3270
-1600
1902
-1850
-1559
1028
-1239
2786
-2854
1090
-2766
2505
-2352
-1255
1109
3071
-2787
2811
920
-2141
2345
2577
2748
3175
-2941
2914
1048
-394
784
-2669
-1053
2771
1405
-1126
2116
2179
128
-1598
1603
3148
2590
1180
-271
3083
840
1260
-2481
1556
-1911
-73
1060
2498
726
439
-2315
-2843
-672
-2383
-1010
-2944
-588
-2961
1617
-2146
-2793
-2636
1735
-3168
2875
-2411
755
-1806
-811
-2261
-2844
-3066
918
3008
-138
-2740
-311
-2538
-2553
-235
-1752
1385
906
-2430
706
-2438
-721
-1595
-28
-1633
1779
-2968
-680
-2482
689
419
2549
-2277
-3044
-2091
-1415
507
-774
-330
-407
3254
472
849
2058
1397
-2381
2134
3020
-721
8
2157
37
1364
1220
1966
-842
-2786
-2109
-1632
253
3244
2832
1591
-14
2536
-1507
2833
-3026
-273
1627
2022
1036
999
-471
-2661
-1884
2169
-824
-1145
974
1021
2685
2638
186
3015
-297
-2820
-798
-2066
1798
524
-2426
-2580
2539
-883
3241
-643
794
-2165
-1013
-55
980
2964
2317
3208
-2566
-2477
-3054
2652
196
1830
2007
1230
639
-230
-1553
2218
3146
2560
2780
-2292
3203
1664
666
-909
-2931
3215
2259
1524
1471
2303
2097
-2283
-675
-3188
-1287
2208
2954
-499
-204
-1791
-3223
2055
1913
1718
3261
-171
1342
2894
1309
863
0
1385
1593
1520
1900
931
2065
3193
-2753
427
-3209
-1973
2158
-1461
1582
2135
-2318
-3161
-662
-3153
-1089
-3034
-1347
2514
1949
1521
-132
-482
1306
-1952
-1757
-1761
1207
3028
-181
2157
1181
-3211
2480
167
763
16
1087
1598
2501
-655
-3249
-913
-2211
786
1581
1094
3236
1983
1723
1481
-2795
39
-2446
2319
-229
2704
3058
-1476
-2417
45
948
3152
3024
933
-390
2104
-773
-2984
-871
-820
1308
-695
2698
454
177
-694
-3097
-505
2997
-1096
1757
-1718
-439
1437
-3160
-2863
-3013
1857
781
-495
2847
-2899
-182
3254
-3160
-2085
1466
-1344
1427
2644
144
-363
2458
2297
-2803
485
2697
-1460
-1065
1817
-2942
3062
2271
-2953
-2302
1582
-866
-2798
2423
-1145
-3125
-295
-2333
-820
-1877
-2580
885
2080
-1759
-947
-84
966
-714
-1958
2982
49
-2892
698
1964
-644
-2841
-1524
2211
160
1056
1744
-943
1195
-63
107
-375
-431
1329
1976
-470
934
1353
1050
-37
-3161
-2608
-812
1501
1778
-2695
1827
-2127
-562
629
-2627
-2052
2497
-3155
-2995
-2549
-2933
-1504
-2341
-2257
-179
-737
547
-579
787
2457
-786
1976
-1175
3253
66
-1814
-2489
1286
-2582
638
-580
-1673
-1767
-516
-1292
1135
1830
2286
-908
1053
-999
2456
-2105
-3189
2861
-3123
2545
1373
149
1121
-978
-1877
-3132
-1182
-2026
-2524
-1298
-2105
-2652
-1218
-2908
-2751
-1904
3225
2308
-2733
-2660
-2786
3191
1422
3260
1668
-241
-1176
-2512
2064
940
-1060
-1395
-918
-1526
-2568
819
-259
2956
2943
2092
-2720
222
3006
-969
-383
2666
-1410
-153
588
2914
-2126
2239
255
2900
1159
565
2295
-441
-430
-1247
-2373
-255
2983
2949
-96
-307
-2767
686
2334
-2706
2323
625
-2875
122
-2340
1169
124
2705
-2519
3123
1288
2371
-2922
177
3158
3136
-2806
-2118
426
1528
-2826
577
1126
2380
-3261
-1472
1882
-1773
-1165
2636
-447
-723
2791
-380
1600
-239
3257
-1023
-3128
2168
-1865
1692
1482
-2085
-1454
-3217
-2300
-2915
-2489
119
3237
-2720
-1301
2732
1831
182
2028
-862
2224
-527
2552
2362
-2004
1748
615
-948
-1630
-671
-315
102
-456
-146
-510
-2042
1524
1775
-2584
121
-264
-1193
1417
-13
415
1575
3257
1577
1106
2247
2530
-770
-1296
2812
97
611
2110
711
1476
2645
-693
858
134
-2754
-3080
30
1536
1739
1973
-2656
-1537
-2391
1163
2899
2712
-1719
2063
-199
2150
2175
2334
2785
-1700
-2607
3146
1017
3167
-45
-108
3237
-3110
1042
2126
983
-1257
-834
-2801
3006
465
-510
-1034
-3089
2090
-2963
-1677
2547
3199
-145
1991
-1371
2734
921
-1055
510
304
-2832
1587
1728
2639
417
-1342
1337
1505
-1255
-2581
-315
1793
-343
-3051
2483
-906
2149
-342
2121
2152
-3190
-1242
-966
435
86
-2623
2861
1179
1592
-726
2805
2254
-3197
305
-767
1766
-1315
1437
2640
509
2890
2927
2064
-2711
3266
922
-3183
903
-1294
1007
1106
-603
-2465
2850
-1303
-1273
2349
3147
-145
-1312
-1437
733
-559
-36
-1014
-962
851
3004
3149
665
2814
-765
1925
318
-2704
-3187
2943
2856
-2468
1063
-1800
-1197
-2527
2124
1197
-715
-1669
44
-2425
-208
2185
2402
-2935
-3046
2475
-2535
2462
-733
1673
-58
-2831
-843
1733
1824
-3028
-2765
-1415
2705
-1918
-1700
1423
1761
-2904
-604
359
2596
1416
2038
282
-2471
-1863
-3027
-2094
-1949
-810
1649
-2239
-395
-1360
-1768
2300
-52
3132
431
-933
-2846
-2525
-878
-164
-2089
-1595
2005
-3114
1107
-667
-553
-2290
523
-2332
1934
510
-1878
3031
-1869
1283
-3029
-2153
-920
2304
-2046
1328
-545
-3148
3002
-2918
-1880
-517
-2538
-1393
-1222
666
-2903
-3128
-2584
-472
-1430
2373
1391
113
104
336
2590
3037
-1139
-914
-98
2649
-1162
2489
1777
-2109
-2639
-1130
-3101
329
672
-2857
385
289
1198
1952
1918
-1558
1049
-976
-1371
2650
-935
424
-2480
-262
-828
-299
2458
-926
-2760
-2964
-2347
961
3120
864
428
-2597
-854
2851
-2555
1351
-30
-3098
-2045
69
1764
2582
984
2752
620
-1549
2562
1745
-134
1817
947
-2035
-1805
117
3111
-2929
-1865
-2223
2321
-2859
-3124
1888
-2792
-626
2717
2453
2699
397
-2226
-1235
57
-790
2152
-284
-63
102
-2416
-784
-2041
2705
1871
2458
-391
2516
2857
-3137
-2511
-901
151
748
-158
-1465
-633
-1545
2655
1751
-2069
778
-1148
-3090
-329
-2935
-2033
1146
-2529
98
-113
1495
-371
204
1875
1367
-540
-312
-3170
-318
-2890
-1246
-1283
2742
448
3088
-1927
-1985
138
545
-2256
-713
-159
450
2867
-675
-2906
798
2842
487
1053
-988
84
1375
-2697
-556
1483
-144
-1651
6
-1604
-1344
486
471
1764
-1233
-917
-2666
1024
-969
-554
62
2676
1595
1356
-2166
1849
3102
-2733
1053
1279
-2631
-2206
3227
-816
2020
1075
710
-1284
-2783
-2607
267
-2286
3169
-82
1309
-2530
1928
-2385
-1612
-2883
-1315
2316
2314
-300
3112
1688
-103
-1857
-589
-1340
3186
3164
3161
2736
-2783
2227
2750
-2629
888
1020
-1112
1385
-565
2423
-1478
-484
1443
-2031
-2224
2508
2255
-1969
-1706
-1591
-1095
77
-1062
-1637
1035
-2495
-2225
-1181
1626
1058
-2091
1304
-913
-468
-1521
-1135
-587
1548
1926
-138
-1163
1982
2192
-2362
-2720
384
-497
1711
-1459
-824
2437
819
-1776
-3059
-1829
2824
-1875
1736
1499
-671
-1219
2071
1927
214
-2372
-410
-1051
2613
153
408
424
-2211
-339
933
-1702
237
2616
2020
-1338
-2791
154
-2919
-2474
2028
3107
1973
-2874
2252
-1646
2502
-466
-739
-1694
-2343
1746
2114
-3265
1051
-2394
-2068
107
2751
-2265
-722
-3108
-1
-2842
-2623
-103
711
1081
-283
-1793
2512
2513
-622
-2820
2461
-417
-2116
-707
-203
-2478
3072
-86
1969
-487
-1060
-2043
707
-1686
678
-3085
-172
3088
-499
2971
-712
-577
2146
-1905
-445
-1530
-1259
-268
-2045
-2331
-228
951
2050
3168
326
46
2028
-2174
2024
-1812
-2430
1171
3182
3157
3056
1232
-2186
-1536
3200
-810
2426
-2040
-2975
-274
-823
-1600
527
1498
-799
-85
1932
-1486
275
2784
1120
-1557
1951
-53
595
-1011
813
-2687
1208
1076
-2527
-1213
2511
33
2298
-1872
-1676
-2803
-1049
-1615
-2452
1750
3232
-1629
-2848
757
-2570
1282
-1773
2913
1970
2614
-660
1513
352
605
-1411
-2625
581
1386
1243
-1209
-3275
2302
-554
-798
1316
589
-220
-271
540
2293
-2424
895
-2314
2751
-613
-1231
1276
41
-2024
-303
1275
2360
-3087
1497
-164
-1718
1481
-1759
-2487
-156
-2210
-2973
-2874
-2480
1687
-2404
-563
919
1513
334
-283
-2599
-2478
-224
3222
-486
1983
-42
-1975
-488
3210
-796
2956
-1815
3213
-3183
-2366
2605
-2857
1606
-1993
2829
-1764
543
2863
2420
-3273
5
-472
1996
1769
-278
967
-2425
3240
2502
-830
2781
-2983
2896
2017
2453
1639
-340
-1475
2520
2350
-296
-1983
-1369
2239
-189
2207
-3044
235
-2260
-2697
-244
41
-2910
-309
1754
824
2510
-1458
-199
911
-1657
2786
-2992
-352
-819
-1671
2471
1751
1395
-550
3117
-171
2148
-1794
-378
-30
202
-606
1154
1114
2563
-3053
1112
3047
-3027
-1422
2481
-876
-1285
1377
2180
3251
-2484
-1977
-1900
3070
-2592
1900
-2771
2416
511
-708
-196
918
2236
-882
1618
-3159
-1919
2899
2104
-2948
1073
1603
-912
-2410
1239
960
1114
-1383
-2418
-655
1967
-2317
2308
-1049
121
-2044
-1189
1702
2456
-440
1864
1298
-3257
-1484
-1076
2437
2783
-1669
2584
-523
3145
864
-1381
-547
2315
1908
-446
-92
-1666
844
548
311
-3120
2023
1976
-1568
-2158
-2697
180
-1651
2961
2707
1826
368
64
2888
476
2126
-1098
689
2095
1615
792
2059
2295
-384
-2297
1557
-1895
-939
-697
1056
357
-1376
3115
-2511
521
-1303
1548
2995
-1564
609
1099
-2005
-190
1476
2590
3166
1004
3197
1174
2206
-516
2356
-156
1649
-1259
1562
3238
787
-2477
-2265
1450
1010
-984
438
2281
-2888
-633
-586
633
288
2603
-1558
1246
-1773
-1747
262
-1145
2670
-743
-638
-1990
-707
-2336
-2454
2612
-3206
332
-1928
2058
435
1477
-1811
-144
-1369
-1107
-1989
320
823
-3079
2934
-647
-1500
-684
-187
334
-2268
-3065
2330
2288
1998
-59
-815
-3230
1129
2556
-2811
-2533
-2676
-263
250
-1376
-2062
-481
1503
2008
1578
1699
-1534
1401
538
-1374
2664
-32
-1758
-1777
-2591
-308
1712
766
-474
2282
3200
-2444
-2698
1363
3249
2594
2728
2173
673
2581
-1705
-3168
3123
838
-879
1142
1364
1115
-2179
-2404
3146
2332
2444
-1906
2960
261
-2224
-701
-955
846
-3224
1658
1678
-1227
-116
-3012
-2054
1513
2086
1821
2036
2628
-399
-740
-1208
793
2806
3057
1155
2870
-1048
605
-2075
297
1997
2138
2522
3048
-1253
1417
2869
294
2641
-386
-1834
-3050
-569
3047
511
673
1340
-2959
-2972
2075
1111
1193
-34
2008
1544
1512
71
44
55
-593
-2120
-50
-1716
-794
26
1281
3174
-1031
-472
-1203
628
-1938
-519
1368
907
-2785
-2152
-335
-1412
-197
-769
-211
-161
2129
764
-754
1793
2302
-2201
-331
-2122
210
2435
-608
2867
-2166
1411
2900
-964
1530
-1331
2612
-1315
-2500
-1182
1529
2504
-2709
2272
655
910
1525
1905
3177
889
15
-1294
1732
1676
-1678
-2905
1877
-3237
-2397
387
575
860
1657
2107
-1209
3132
-1992
501
1810
-1973
-1488
-1847
2376
-2189
-1543
1057
-2551
1144
3145
-2775
-1625
2950
862
-1744
2748
-460
1984
-819
1300
1284
-3131
2564
-169
-2397
1559
2563
133
2689
-672
3268
-3085
-351
-1765
-1007
-3135
-517
259
-451
-2016
2194
1258
-1284
-527
-181
-1517
1672
3118
-400
-2852
-1522
-3001
-1070
1867
798
494
563
-2226
-1014
2074
2046
-2718
2741
-1300
3265
-485
1675
-3226
-788
633
-1836
-899
2130
353
1047
-1896
2840
-735
-2896
-1109
-1885
-778
-514
-1086
-3142
-2652
1986
-1061
-1924
3117
-2652
1861
-2142
2480
746
2607
2519
2009
-2858
-2778
-3238
-1275
2092
-1399
-142
-1016
-3181
1019
-979
2709
897
1711
-1659
-2807
-1755
-3138
-2530
1013
-3043
-3062
-608
2924
-1134
-2868
-1742
-1945
2990
290
2976
3004
-3271
2807
1462
2040
1010
2817
-126
-742
62
1926
776
2984
1795
1780
995
-739
2778
1958
2266
3073
-2487
-1741
1441
-1148
2472
3158
2649
800
-805
1621
75
-2858
-1977
1225
-1364
1657
-487
1489
-1302
2684
-1216
813
2056
2821
2274
429
-811
-2750
-2392
-552
3054
-1777
-1833
-604
-101
1467
-203
1688
-2507
2807
1779
-2070
-747
2425
-2825
1308
-2737
-436
33
-195
-1179
-294
1195
1452
-2154
860
-1317
-1552
-95
-1573
-2028
-2991
1550
-804
-652
-1716
441
-2792
-765
2996
1877
781
-2581
887
-1410
1299
3183
335
960
2174
-3239
1692
1354
967
3070
-3237
475
643
-706
2240
-2819
2394
-1467
-1329
-1656
1553
-1085
2572
723
2680
708
-1357
1533
-820
-1
2361
-1458
-3175
-920
-1969
-1642
-674
-496
1318
-3254
302
1842
1779
2584
820
-2446
-1876
1443
216
-369
1124
-3094
-1693
441
1608
-1002
268
-2725
-828
-3132
-2350
-51
3023
860
-1410
-2897
2614
-2177
-776
-706
2058
2065
3159
1669
2178
-919
-820
-888
1627
1580
1241
-2574
-3104
-863
3107
2182
-1375
1302
-1349
302
-571
-1374
-675
950
345
-1823
485
314
1015
2909
-241
2150
-2335
-947
47
662
-1179
-806
2298
-549
2101
-1656
3143
1090
-3167
-1330
498
-1676
1593
3116
-1371
-412
-726
-2545
-1717
592
-1773
1045
-2622
2723
-1154
-190
2738
-2178
-339
2433
2356
1101
1695
-911
107
2895
-2876
-1435
-116
-1675
-2585
2780
1676
961
673
-2103
2157
-196
-2799
-1844
2975
70
1631
-267
657
185
-633
2296
-1545
2665
2673
11
1790
-266
-1679
-414
2230
1787
865
1852
1664
2997
-3130
-2861
-512
-2054
689
101
-441
-2836
2795
701
422
-993
-1497
1399
2058
2339
-2861
-2101
2060
1208
-908
-145
2007
-2144
291
592
-561
767
2536
1865
649
-1245
-710
-1434
-1580
2278
-2288
-3014
861
-1287
-2631
-681
2012
1674
1902
1840
1813
56
-1726
-1927
-700
315
1612
272
-1217
1993
-2583
-1457
1503
1242
-593
2192
1622
1933
3056
-54
-1089
-1920
2808
587
945
-171
3181
-2934
1347
-1920
-1019
-2153
507
-1178
-3051
259
1698
2050
-2217
-1737
2775
-2908
837
-475
115
-3218
1813
187
-573
365
573
186
684
1845
-986
-1364
275
-2542
-1751
-1893
-32
1569
-76
1918
1362
-3275
3256
-160
-1377
541
-1368
2985
-944
347
-1484
2486
1309
-935
1885
2176
-2791
2296
-1243
650
2262
617
-1192
-1524
-2141
3130
1705
2253
-2117
-1133
-203
-1166
1417
1159
916
106
-2926
-1908
-2912
-1872
351
-2934
-2110
-1371
3060
2096
-1346
-1449
2945
-1953
-1285
-780
2527
1624
3057
-841
1871
-737
-777
-2920
-167
1480
-466
-2977
-739
-588
144
-1395
3210
-1862
-2069
-540
838
2087
-1282
2175
-1202
1324
2816
-837
781
-928
1690
534
-2044
-1597
-1392
2734
513
-2898
1128
-1594
-3192
-2701
1854
641
607
-1007
-2130
-2482
-1093
2974
897
2827
1209
2588
-2974
-127
1291
2190
-287
-146
-1830
1382
-2997
532
-3257
-157
3133
1964
-1278
-2039
500
3092
-2165
-1009
-2174
-173
2839
1693
587
-2550
-73
-2495
2876
-2675
618
409
2260
2413
-1181
-136
876
3144
2889
1522
-1836
945
3185
-2065
-2531
-860
324
-1919
-2948
1260
-2066
254
954
2572
2430
-915
430
3263
174
182
-2814
-716
894
966
-513
2566
1556
1683
-168
-3092
-1043
-2628
-2203
-1883
-204
2326
3040
3224
-1199
2916
1455
599
2990
-1161
1584
-2040
-548
1713
-560
1818
-1642
-1636
-2199
622
-3024
-3153
-2783
-1325
850
-1794
-3037
-284
867
3111
-918
-1898
-3205
-2242
-441
1515
-2555
-52
76
-2731
261
2895
-955
-1122
-1532
-367
1827
-1176
-1597
-711
-1323
1735
1823
2165
-2325
-32
394
2858
400
19
2587
2232
-2653
-2639
-2768
-580
426
-2606
1588
877
944
-1655
-67
-1540
-580
-2773
2915
2489
-2178
-71
1949
3013
-1070
-365
-721
2053
-2372
1780
2317
-516
-1463
-1030
-1565
-1128
-1510
330
-3115
-1207
-536
-1297
-1012
1558
-46
-1392
-1914
-1604
-1783
-1867
-3228
1134
-2417
2126
1826
2833
2303
-1386
-2938
-949
-2139
122
2251
1114
3086
-2856
2497
1191
2907
356
-1520
-1148
509
65
-2376
168
-1747
-3224
411
1515
765
-523
2422
-1452
-2551
2810
-1048
947
1020
-276
161
2796
-1543
-305
-658
3174
-1852
2272
1479
-475
-170
2120
-2557
3146
-204
-2586
-182
-290
-639
-1205
-284
-1581
3250
243
1659
-928
-347
1315
-1386
2384
-995
-2778
1760
-57
-2046
171
-3269
-1093
-280
2921
-2555
-1195
-3078
-1401
-1078
200
-39
-740
-2507
-911
171
-1781
572
1961
242
-1460
1102
2665
-2907
757
-88
2097
-498
1620
2528
2702
2402
-538
1932
-2342
476
-1603
-1616
-437
-1229
952
2592
1651
1376
166
-2011
182
2081
-1613
1572
2522
2469
2109
538
-329
1704
2547
-1834
3143
3047
645
-2383
2950
-647
-1671
438
-2970
-2055
873
2813
409
889
2429
1586
-2555
-2916
469
-336
-2990
347
-244
3088
533
586
3009
789
2227
-2894
2623
3107
-395
2089
789
-2972
-477
526
1928
1354
-3129
2321
-3231
2334
-430
-1979
2886
1713
-958
-2850
-202
-1122
2138
3112
-619
2819
-834
-541
2116
-2986
-1781
-947
777
-2894
946
-1062
1935
-1445
-197
1753
-2890
-1763
968
-2499
2278
1713
-1366
2696
2318
280
877
3269
-891
2889
2808
-778
320
-999
2729
-2724
1354
2400
-2951
-3231
-3248
-315
-82
-140
1845
1983
1743
-1004
2812
3247
-93
650
682
-2429
-375
-323
-2778
2693
-2476
2825
-1687
-475
-2272
2508
437
1381
-523
3219
833
-1057
999
296
-892
-2089
2999
181
91
-170
455
-2580
-1997
-2761
2282
-1889
3077
1268
-469
-2126
478
3203
-2490
-2645
-1085
-2003
-1668
527
199
-773
-318
-1509
1123
1961
-539
1164
-3046
-2214
302
-1149
-840
3040
-173
-2567
-517
-2397
-2169
-972
-3061
2690
1538
-1958
-2011
15
-2252
-1990
1656
-2987
-2585
-3230
-1689
3212
2693
-2398
1024
-454
1749
-1553
1795
2555
2518
-291
-1138
-2950
-3154
-1564
1692
-2836
-1233
197
-2295
668
2979
1713
-1888
-760
-561
963
-536
-2049
-2952
2244
1929
-1567
2161
966
502
-2413
95
-424
333
-2794
-879
2954
-2890
-664
992
1242
2414
5
-731
-658
3008
2479
1653
2257
-3060
-1405
3144
2148
-2451
-2897
-2377
-1082
-1933
-99
-3185
-60
2421
-1644
573
1285
1802
673
1485
674
-664
2938
-2480
-2363
-551
1842
2676
-2438
-1339
1049
2300
544
-198
334
-59
-1028
484
-948
2821
-594
2249
-1156
342
-472
-2991
1598
2205
-1557
-684
-2422
-2435
-1812
671
2120
2109
1342
2185
-2620
-715
3089
1271
1776
-1123
1799
-2600
3028
2253
119
-1192
-992
-1857
-2222
211
3104
3119
1529
-1507
3212
1658
2060
78
-2469
-563
-2997
-1450
-1590
-2167
2790
-1107
2766
2022
-3120
1124
-318
-90
1668
-157
-2293
1684
1207
598
-1330
862
1955
-1690
-577
-328
-1669
1060
-2112
1620
-263
345
-2572
2802
1219
2213
-288
-2099
2971
-496
2003
-577
3273
1566
2125
943
-573
-2860
-1545
2466
-1712
-630
-3275
55
3181
-2524
-902
3154
-237
561
-2448
-945
-640
3239
1570
-2952
121
-1091
2765
-3186
-2948
-2324
2224
-831
2906
2776
-71
-2256
215
-1557
1734
2080
1398
-264
-616
-568
-446
228
596
-2384
662
-1988
1173
-2994
-370
1650
371
-582
1585
941
-2797
2975
65
1801
2935
1046
1450
1080
1743
1191
372
-175
1085
1896
-1145
2549
859
-217
-1388
-3034
635
-2773
-29
-672
2350
1309
1583
-3211
1741
954
217
-2472
877
-26
-688
969
1654
-1766
1625
2923
251
1260
-60
-1338
-214
924
3238
-2938
-631
855
2969
-1345
-2612
2198
-2242
-733
-2377
1627
-1454
3073
-1835
-2052
996
1857
-2996
-859
1021
-1494
2598
507
-193
-3081
669
-1304
-1407
1711
-2273
1818
1828
960
1208
-2821
1607
-2825
-1508
1144
-2456
1845
-976
3030
1674
-898
-220
1411
2110
-1539
1058
-309
-1519
-3085
-2192
1754
-2307
-1337
2457
-2826
-1892
2492
-2064
-1630
2435
1077
-782
2530
-1109
2858
-565
1626
-2147
2578
3074
2726
-361
2718
-2451
583
1711
1278
2954
629
-1129
-2563
2404
-173
1719
-2454
2231
-259
-1166
-66
2026
-2170
1541
-1466
3155
1414
-1317
-2421
-2922
-1224
-134
3139
-2891
-1947
-2315
-2805
904
3032
1130
-1300
-2909
418
443
-3088
-2450
-3159
3102
-356
-1088
378
-1236
-2218
724
-3245
-1268
3105
1586
1654
-2043
-2334
1491
1336
-2770
3219
-149
1754
-1041
287
385
2427
131
-1563
1831
516
-2921
2326
25
-602
-1906
2830
-2737
1136
-2176
-580
-993
-146
-640
1096
1733
1090
-290
-2895
-2835
1481
3078
-1175
2861
-2191
-3026
2479
1290
-1200
-3171
3122
-2777
-532
1423
392
178
2316
-2368
157
-2060
508
-2643
2164
-1856
-1725
1820
-2322
490
-2291
2334
-1207
1631
-1345
-143
-1774
-1977
-2406
-319
-1322
-2724
518
-19
-258
2377
-2707
1578
-1850
2638
-2126
-1345
-2450
512
-2835
-3242
-862
862
-132
84
-2532
990
3141
-677
2490
-1867
-2353
3071
-304
1072
-2198
185
-170
-3134
-1248
-415
2111
1385
-1812
-19
-484
-2828
2079
1797
1967
633
1203
-1352
258
-2622
-2843
-3034
-267
2600
575
-3059
-1556
2123
-582
-282
3017
-2435
2663
1115
2623
-2062
-84
681
-2551
61
-2597
2759
-2051
2991
2961
-148
523
1195
2005
-835
1849
2894
-3204
2673
740
393
-1369
-1000
-2005
1206
-1630
602
-1198
2208
-853
2303
1984
2757
-2782
1760
-1753
1159
2149
-257
2058
2701
-1365
-2672
748
-51
-462
3199
-872
-2695
-438
-2449
1431
-425
2812
-143
-2689
1105
-1494
2486
822
2472
756
-3236
-1363
-1341
1805
-2448
-3225
2256
814
535
-2877
1536
-3233
-320
-2831
481
-3164
-2781
2957
1323
717
2147
-1987
2295
-2622
-2019
-1703
-3196
-253
1214
-655
248
-1043
2756
-2232
369
160
-2946
-1453
-365
-2890
-681
1172
-1589
2694
-2005
-2777
739
-2122
-300
3221
-1565
-2024
3198
1429
1660
1531
1474
-2349
-1105
3196
136
2839
415
-419
-2138
2205
646
-121
-1045
-533
-2837
-1316
-1249
-2627
-642
-836
-2680
868
-1096
2056
-2333
190
-815
-2690
-2768
1523
2695
1463
-1243
-1303
-2526
1259
1281
-2032
3224
-2353
-1101
2640
-2408
1514
-1875
1375
-907
-6
1684
1117
-72
-1592
-1505
1776
-1085
790
-2968
91
-1891
1185
206
3189
232
2405
-1792
488
1300
-1471
-3032
-1619
253
423
-3165
1985
-2160
1807
3268
-1533
517
-1810
-575
152
649
-2750
-924
-2335
-2661
-2272
2153
1667
1617
-2670
-1845
708
-3262
1045
1130
2215
-941
-370
2085
2829
3240
-1719
1852
2241
-2818
1981
1487
1791
697
2524
1246
-3178
-2078
-357
-254
2379
1816
-182
-2637
-2446
-377
-17
1090
-2446
100
3090
1311
3048
-822
-745
-3130
340
-1278
-2847
-307
-2223
-139
-2166
-2112
-2488
1603
2372
-3019
-693
1811
1642
-461
800
3139
3156
-1926
-1427
3015
-1236
-1436
1812
-146
2726
-5
-885
-750
-780
-2809
-2959
-222
1413
-1421
1009
1232
-2312
2707
1638
229
973
-2003
1105
3234
2353
-707
-546
1933
-2612
2459
-2339
756
847
739
-1594
-3107
-3250
1942
126
-2828
64
2182
-1117
-221
761
2732
2790
1549
-2072
441
343
-1421
23
-2938
-967
-441
-1334
1418
-3006
-1487
-2848
-1866
-1304
-2061
-2342
2691
-1087
-981
-2883
-2239
502
2796
-1856
-445
-2688
1551
-545
-2390
290
563
2066
-1695
1899
1446
1523
1657
2327
-1725
160
1573
1679
2453
771
1081
1597
708
-492
1024
-2679
1690
-918
-2584
2618
-2935
1087
-96
1377
156
-2544
2563
-1089
2314
2927
-2667
-2947
-2464
-596
-1955
2111
-115
-1798
235
-1053
594
-81
-696
1937
-822
2247
-547
-2160
-1646
-2100
-1119
-436
1445
2186
-3189
-188
-2072
174
-2017
253
-2651
-2830
-2376
-2069
1609
1141
294
-212
75
245
-830
2488
3234
661
1522
2471
219
2457
1634
479
2879
-650
-287
-252
2852
1313
2201
-3235
-280
-574
-1684
-807
724
3014
2860
-511
-2572
2349
-986
-2237
-43
-2840
-397
873
342
805
2860
-1786
-1864
-1358
-1710
-1511
509
1063
-2386
-2203
-724
142
141
1030
-2094
-2091
-720
-1877
991
1765
2921
20
-1155
-1187
511
-2990
-1003
622
-1256
-1541
3149
2229
2214
-784
-861
1472
-418
-2385
-807
2313
-2323
-323
-1076
-2963
-2699
-815
-3089
-1531
2241
710
-2136
1806
3228
3099
-948
-22
-833
1444
950
-3164
-2337
-2109
-376
-1967
-893
2064
-2440
-702
-1945
2675
-2290
26
-2899
-513
-2059
-1900
88
-1177
-108
188
-964
-404
-2848
2116
-769
755
1914
-2993
912
-1576
1948
1018
1359
-347
2258
2514
-712
-989
-3239
2850
-1312
-2228
-576
-2971
234
905
-483
-2558
-277
-460
-2836
-172
2340
2928
-396
3235
-336
-850
-2463
1935
1235
-489
2860
-2534
-1585
-3003
1281
1541
-906
1427
3025
2310
1310
-2107
1667
-2899
785
74
904
-1912
-323
1894
2415
2186
-2674
-456
-1979
-364
2213
2847
2860
285
2524
-1494
293
1534
-2086
-613
1313
-2239
-1839
-2506
2369
-1310
2264
-2101
-2673
525
-2263
2602
-3098
1344
-1612
1297
-2406
-412
-2680
286
-1060
-3185
130
3021
164
199
-3270
2152
1285
-352
-1821
-3051
302
-2897
-615
-1566
1948
1664
-1781
-1401
3217
-2377
1644
-3056
-61
2348
-2138
-1170
-1116
-2403
659
2352
718
-975
-3114
-2051
2721
2987
-2648
-2933
111
-1249
1543
-1112
-2618
-98
290
1962
-1933
1071
-2868
-2304
3082
1811
2828
837
2602
-2225
2712
-1762
-2479
1311
-447
-1758
-1925
363
-265
2941
1446
-2813
-1236
2900
-1970
-3041
-2625
1584
-1254
-2662
-1183
2771
621
286
3082
-2339
886
-313
-2401
3037
-2694
-1874
-198
97
-1501
-597
-721
2078
2958
-2979
2138
1101
2962
2646
2823
1473
754
2974
2058
93
-3090
-2075
-3186
1021
-1531
-1624
898
-1221
-1683
1233
-2808
-462
-1633
1323
668
-1870
2545
-1977
-3275
-1307
-494
-1232
10
-2317
-2371
-2178
1846
2516
-3226
-81
771
-2766
2503
-1142
-89
568
3020
274
1535
-2927
1735
2010
2727
-2798
-2115
-2764
-1011
1623
723
1989
-305
1338
-3214
-1196
3201
1365
1982
-1688
-2949
-388
105
1398
-179
-2514
1468
-873
-2256
-1023
1933
2347
-2998
-2927
2389
2431
2723
-2858
1626
-1209
1602
119
1338
-1130
-637
1083
1944
-1110
-1355
1240
652
-501
1783
-2551
3258
-1471
-1944
-869
2603
-2328
-1408
-171
-1735
-2405
-1470
746
3210
2781
-2086
1850
-1237
893
-582
1533
-1701
-628
187
-2064
-2721
-730
2687
563
-158
-562
2324
-658
1737
3112
2784
-2012
855
1747
32
469
1352
3151
-2108
-641
-971
-311
-2588
-891
1668
-1424
1413
427
-3110
-1431
-1339
98
-2580
-3153
-2537
-891
63
-662
-828
-677
965
-1878
-35
-762
1458
910
-1216
-3272
1728
2451
-2125
-3188
-1560
20
2947
-127
-17
-1962
2443
2402
-852
-641
2286
782
-1792
1857
-1805
-2927
-2714
-1388
1923
2436
-2876
1106
891
-1384
-3253
-563
-1615
-839
-394
2889
435
-650
181
11
964
-231
-1189
2151
888
-2626
3083
1006
-2876
-3273
-2396
-2798
-660
2867
419
1746
-657
355
-2124
656
206
-94
-1758
2295
-2124
-1245
2023
-117
-686
2283
268
1088
2108
1127
2913
-1334
650
1876
-2786
-1064
-1562
2432
1212
-2194
1604
2401
-292
1640
3222
-2984
3211
1811
944
1664
1927
-902
960
-244
-1436
348
3034
-357
-22
-307
-415
-195
-2352
389
2243
-2562
-2863
-1883
-31
-713
1759
2377
-1112
2953
985
-279
682
2336
-1951
1315
2954
1194
1514
-496
2085
1888
3207
3034
-3184
2249
132
2270
-2978
-2260
1541
782
620
2036
-1685
3185
2628
797
-1278
-2510
1287
-3228
-629
-2841
1652
130
-1481
-2459
1986
-2144
1303
-1616
-499
466
-2912
1339
-1444
634
829
11
-2886
-819
-1486
1644
-1500
252
3148
-571
1824
2994
-370
2477
-1061
-2076
-595
-2379
-1237
-2411
48
-260
659
3120
-2026
-1888
-81
-2175
-456
-1153
1091
-2393
3101
3116
2343
-2737
-3224
-3167
-243
2726
-2685
-979
3011
1259
-123
-2936
574
-398
-3270
-1938
-1813
3202
402
-2459
768
-2038
878
830
815
1355
3205
-1929
1426
-813
755
3197
-3058
2887
-1311
2530
-1572
-2103
-1678
-522
1938
-2119
1465
-548
809
1163
2581
2028
-2363
-2381
422
1178
570
1085
904
-897
2620
-1639
-2149
2093
-2915
-2677
808
1226
-1318
248
3164
955
1088
-2158
-2288
-947
-3027
2821
679
836
2101
-434
359
627
-2721
-175
3106
2648
2541
1364
1080
-884
-18
2802
-2093
-2389
-1028
11
-2421
-2384
1101
1738
-92
-2385
730
-2780
-2262
-330
-2407
-1416
-2401
1864
1974
-2623
-3192
-2801
1781
-3253
-462
-1281
-295
2078
1921
-138
-3032
714
3106
-2441
-2195
2768
986
-1232
504
1235
2931
587
1530
2593
-2633
-627
1845
605
-2844
-2807
454
1610
-1922
1047
714
-233
782
2087
1613
-2281
-1642
838
-835
-2655
-298
-2588
586
-304
81
-65
-2037
-2977
3273
-977
2451
-2565
-677
-3044
-1824
-2113
722
-2859
810
1819
2792
2122
130
-480
234
-99
-150
-1996
43
2015
295
-3074
1310
1932
138
-3183
-455
717
533
1803
2984
-2338
2293
2402
3266
1314
2152
-1569
1859
-135
2214
1323
-3070
3107
1227
2537
2334
302
1274
-3179
-919
-3244
2406
1023
-2791
1398
2297
-935
-2769
-2848
-253
633
-2201
-1556
-1999
-975
413
-3005
-2024
1423
366
-927
2945
-2820
-2664
3174
3112
1989
-2041
-1176
-131
3069
2798
-1156
-2444
403
850
291
-2708
712
2113
-1533
650
1263
-1353
-3041
1155
-2520
3062
1983
965
1834
-1147
1771
-254
3147
2641
-948
565
-2620
-3002
2239
-746
1185
-918
-3245
-132
343
2373
112
-1215
-1722
1115
-1439
2825
2466
-1281
2488
-492
534
-211
2420
-2765
1892
-2402
2095
-1682
551
719
1653
2648
-2985
1901
403
-328
-688
-3001
-1143
-2868
-537
-1070
2577
-892
-571
1332
-1164
2764
-2570
2846
1822
-177
1441
-1927
-775
-1125
-2802
-2776
512
-325
-1082
-1511
2935
1410
2522
2304
-1044
1203
615
-2308
-2523
1392
-43
-2959
2272
-3214
2925
2045
-890
-1410
-2395
-2572
-1125
-541
-3249
-2994
-766
1597
593
613
314
1210
-1026
1692
2070
-661
-137
-321
-1004
1840
619
1916
2933
2268
3261
1061
-438
631
1578
1035
-2875
-2643
2563
-2858
1712
1089
606
1656
3124
-1075
1319
-836
1590
1904
-3142
-2149
1358
-3106
-1456
356
-2605
105
489
-1023
2910
467
-486
-453
-2078
-2041
837
-1929
3100
2903
-1344
-1474
1325
-2452
-717
2700
1354
1216
1206
1805
1882
2177
15
1776
2005
-1967
-2457
1930
435
2281
-600
-3152
1165
1445
948
2615
-2350
-1291
-2176
825
1416
-49
2541
-2669
-2810
-2369
430
-2182
-1404
-2675
-2704
2976
2655
2250
2187
-30
2546
-1699
965
-937
-2371
-2452
1180
-508
1220
2163
-2905
-1526
-2974
2247
-1306
2232
-353
-1377
2300
-2017
1170
2759
2603
-1999
-960
-2959
2532
1123
-517
972
-3195
-1629
1061
-3185
1726
1153
-2830
-145
-1313
-2456
2281
2602
-2436
-2631
-1152
1169
-2932
-2779
279
2281
-1869
-2007
1288
1767
1299
1058
-1227
-522
-133
975
-2264
3049
2508
1518
1190
-13
-1669
2072
972
2213
667
-1054
2589
-2580
-920
1854
-1945
-3276
-1135
3060
-2748
2272
2934
1202
-2571
1397
2012
961
-3158
786
-2751
-1623
252
2270
-2640
-3220
1982
-2776
-655
-537
-1376
-2945
-721
-3050
1064
1649
-537
-124
1601
1366
1021
-229
-978
3133
-77
-2538
-838
30
-975
2180
-2643
-950
2333
1935
-1369
778
-2500
187
1484
2751
-1180
-3269
-2886
-1772
-3075
3253
1217
270
-15
-891
3127
1037
2071
2283
-889
-3017
-1193
1656
-2092
-1712
2689
-2665
-2953
2459
-1901
73
2311
705
-773
-281
-1224
-587
-1032
1910
1300
-1230
2436
-976
-2654
-3035
-910
80
-1174
-2227
1838
-3212
966
-1093
3070
-2833
977
3051
1163
-1562
21
-2261
359
-3244
1250
-1587
566
1951
-2379
-1767
-470
-1262
2359
-2580
3160
2570
2335
2268
1613
1627
2563
3209
1762
-1064
424
1333
481
392
2858
2078
3235
899
-547
-1161
-1464
2640
-2526
-2675
-157
1361
3233
1024
19
88
-2508
1889
-270
2439
252
3143
2561
2771
-924
-535
1442
1220
-1747
2451
-235
439
-687
-964
2473
-3163
-248
665
-2182
-3179
3002
99
1781
2837
-213
3238
2449
-2321
-2391
-420
573
2171
-2068
-2083
1539
1809
-1779
101
1681
-2429
801
-792
-2710
855
-1191
-1745
-2519
-917
3138
-901
1787
246
3258
200
99
-765
-3253
-714
-1046
-1356
-1656
2207
-2863
3080
-1574
2324
-235
-239
-9
-1029
-1528
-1653
1440
-2640
-860
-949
1685
241
-1262
2025
-1065
751
1693
-196
-1024
-2006
2867
-767
-3243
-2255
-1930
1563
2624
-2585
2438
2812
-150
1352
-2573
-898
-1697
2609
-2611
-454
1052
1112
2848
-443
-1331
-1791
-2257
799
756
2247
-1606
-1466
2485
-804
-2237
-1511
1078
696
2851
-533
-1982
1890
2897
-111
1766
2212
259
-472
-2426
1585
1462
2035
733
-609
-1478
3261
-2276
2886
-2013
-3153
-1586
3133
2411
3243
2542
3270
170
-1544
1339
-607
586
-162
2565
966
-817
-1469
424
387
286
-273
-2960
1698
984
-772
-1037
3268
-1596
2669
2801
-868
1616
-3161
-1726
-1235
-1096
-573
-1113
90
565
2876
2377
1787
3194
2415
581
1683
1699
-147
2869
1621
1437
810
104
-2553
1547
-2107
2010
2906
658
2474
-808
-2328
1372
-1196
2667
-1895
-2197
-1594
3112
-365
-2096
532
-1223
3051
-1958
1405
1965
-1495
2932
1696
-1075
-3005
2215
1532
1865
-246
-1790
-692
420
-1331
-3202
-2700
2031
2048
3111
183
-3156
-2976
130
2708
-1618
-262
-2479
-995
2093
531
3074
230
2398
2336
-1114
-3127
-2474
617
2350
522
2647
-1549
-772
-814
-2911
2385
-1172
-951
-1010
-937
2457
1339
-227
-1621
1651
1672
-1674
-2279
900
-1591
-1533
-1712
858
-874
-342
-467
706
-2730
357
-1773
1399
52
-3166
1724
1191
-2799
700
2023
872
-657
-2218
-675
-1366
2469
1751
-2060
-209
-1808
1329
-422
2333
1684
575
1582
-1356
620
-2903
-2401
2310
1439
2945
2674
170
1497
-1090
-2772
380
-732
-1629
2277
1454
-2053
-171
2806
-1937
1389
-1526
-2815
-2272
883
-613
1719
1452
1846
-1694
-1077
-2879
1063
1136
-27
1113
783
2921
-468
1396
3260
1831
2317
-2270
-3158
-1956
1108
-882
287
-2391
2177
-434
2355
2211
1864
-2438
979
-3097
2957
1986
1743
-2806
3067
-3256
-1125
-294
-2910
-123
2170
2339
1605
-1404
-2455
2513
1904
2610
-1540
-1901
841
-639
-274
2158
216
2824
-395
113
-1063
-96
-621
1616
304
1776
1894
3164
2868
2492
1260
2568
1341
-2312
1766
910
2940
-330
2569
-3108
595
-2882
-2300
-2286
-221
13
2998
2951
1681
-528
1038
3264
3169
-2498
3165
-2504
-745
-412
-1046
516
-912
-2195
-623
841
-1476
-1588
755
-2368
2879
-1002
1689
2345
-1321
1078
-354
561
1026
1179
1927
740
-2226
3086
627
1651
2231
-358
-2755
-2223
-507
-1683
-2651
2203
-950
2525
3270
-2622
334
1905
1281
-1711
-2355
-263
938
-2690
-3120
1940
-851
3006
2013
856
1499
-441
-785
2347
-873
-807
3202
-1390
272
-1772
1856
1084
-1256
344
-1000
1855
-2147
1245
113
2057
466
-2246
1686
1939
-3168
1753
-3220
-1567
330
166
2776
911
753
2942
2421
1579
1463
-1735
-917
2063
1722
618
-1752
-941
3252
1120
856
1503
-1178
-2230
-1748
-2149
2923
2721
1201
1707
1453
-2059
456
-338
-386
1690
-695
-2582
-1470
-839
2207
-964
-45
-1731
1642
-2967
997
674
1746
1388
2980
788
-1562
2530
-2147
1286
2115
-332
327
2139
-544
-1200
1458
-1488
-2842
970
-1057
-1215
418
417
379
1600
-728
-2648
33
314
3124
-2642
-793
-3065
875
-1140
-772
-688
-3165
-1661
843
-1901
1024
-1413
2740
30
-2075
1766
2260
2977
-2146
-200
2297
810
2975
355
2166
-2226
-466
-2539
-150
-1593
2488
-1123
653
-1747
-3100
2618
-629
935
-1046
450
-956
-3066
1725
-3248
1888
-3200
2267
-919
-1185
-1750
-2150
-2632
2205
219
2404
-2689
617
1700
-516
-2147
-703
-2657
2751
171
-1905
-769
1730
-2261
-195
1168
-2701
-3039
2134
-93
-1237
2746
1654
3032
1217
2219
-1091
-830
371
3042
3127
-1115
-1681
244
-159
3004
1620
-2650
1784
-1856
1727
-31
2723
387
1634
2949
-1277
2584
1810
-1071
-2264
-3061
-765
-642
1492
1512
-1945
3259
1344
-326
-95
2164
-1134
-1959
2169
568
3193
-406
-885
1186
1812
-533
128
2051
1392
647
1007
2274
1420
-2577
-460
-1068
-704
-2309
3117
-2964
1972
-1906
1494
2115
-3217
-1601
-1419
2625
1131
-2806
-1857
134
-1942
-2113
2119
-2427
-2191
-2713
-2775
-2737
-959
-2970
-735
-482
2108
326
465
3263
2762
1118
-1620
1317
-613
-148
816
-1366
-1384
2829
-3130
-2
3187
757
937
-2663
2107
-1979
-1668
-2381
1168
3092
-3247
523
1610
-1173
-993
-338
-623
39
-1275
2186
2236
2816
2207
-395
-371
77
2666
-1272
1260
-1770
629
1037
-1276
3052
-370
1303
1046
-2228
-1724
-629
-934
-2117
1746
238
-1147
-2312
420
232
-1858
-1955
3068
1609
3105
-1329
1251
505
-1907
-155
-1975
-100
288
-905
326
991
2245
-2314
2487
-1465
-977
2387
-1989
-2841
1096
-2182
-3240
-1094
242
197
133
-2159
314
-2696
1761
418
768
-1045
-3250
-2457
349
922
-3123
145
-712
2533
-560
2306
634
-1138
2614
-1451
-2485
-578
-812
-1308
1804
2656
-2575
704
-2884
-2740
-2276
-3147
2844
282
2657
2464
909
-2832
-2940
1036
1896
2081
-1049
-1453
-814
2614
-2491
-142
1234
92
-2600
-855
-1384
1129
-3045
3222
-976
-2953
-2791
-620
2609
-665
2503
-368
2580
-1119
-917
532
-2402
-903
-2394
-335
-2213
-2642
-33
2932
-369
-878
297
-84
1437
809
1006
898
361
-2533
236
-548
2539
-203
2185
3124
2839
-74
2442
-2686
2799
-270
3160
1093
-703
2354
-2410
-536
272
1443
438
1863
-2641
-1480
-672
-2560
25
494
-1804
-840
3099
-1667
-1957
3035
-2103
-131
-910
3249
-1780
-2703
2048
-2846
2545
3218
-169
-2989
2513
-2528
-3163
-2159
3068
1210
-2327
1627
-927
-1436
2912
-3155
-56
-5
2675
-2710
-1220
-1897
-1957
-291
3244
953
3211
-2459
-2861
-3099
-609
3133
2259
-3098
1223
1215
581
-65
-2703
3039
-2790
1800
-371
3116
1187
-2760
-958
-1398
-350
3047
-2825
-1458
-1938
2677
588
1155
3254
3192
2038
2821
1345
3236
1049
-2355
2661
-1905
-170
1536
-1368
382
1468
2572
-2383
2613
1546
-512
-872
1583
2717
-1005
-2235
1014
2546
2151
3243
1130
414
1407
-838
2149
329
-1739
368
-1683
-3275
1945
1232
1509
1435
-1087
-2674
-2376
-1636
401
16
-405
-880
2399
-2878
2494
-545
668
861
393
465
1364
2915
1736
1447
3250
1926
707
1947
134
2539
-3191
-335
193
-3134
713
-2644
1571
-1236
2309
2391
1410
1970
-696
2478
-1329
-2023
1996
-1287
-1390
-1421
692
-577
1414
-1250
-2289
-3200
-1815
1839
354
-1210
-936
3267
2984
1798
-677
-941
-2375
939
-1136
-2815
-1637
2601
2044
-3085
-1771
-1179
-210
-2536
222
1769
2534
-1632
2542
-2118
2478
-248
-315
-2079
-2064
475
-62
224
-974
1742
1932
-2491
195
-1931
-884
-660
1409
-288
2026
-3059
2163
2964
-1996
-2538
2335
-2265
-2782
-3207
335
-366
606
-825
-746
-2850
1134
-173
-1897
179
-338
-893
542
2059
-1761
2205
-3026
3021
-3033
-1340
-2034
607
-774
-2758
-1406
-195
2191
708
2180
-3077
1588
1999
665
2879
175
-887
-2622
2491
1088
977
56
1292
-336
-2670
