-1133
1358
-2089
-481
461
-1569
2281
-1710
888
960
2041
-2544
1329
-727
2119
-1956
-2496
654
19
-2720
937
2772
-2494
-2484
-712
2143
585
-742
2743
1218
2881
-794
-1703
1374
33
1142
-142
866
88
-2262
-2625
1941
-1249
-2331
2143
-2609
1334
-1795
2725
2774
2455
2022
1725
2084
-1237
-512
-2045
-726
3003
1425
651
-1210
-2752
2585
-1137
1161
-2585
2377
-391
-1672
-691
674
2211
2739
-2969
-394
860
1473
-1033
-1404
987
-1871
-2358
-589
858
-2846
6
2473
-2106
777
-5
-756
-1767
-2172
-1443
1945
-60
-1498
1625
-625
1664
-1274
2281
-475
391
-158
776
-2202
425
-404
-2907
-727
1071
1012
1875
-146
727
-195
-653
1989
-2789
-383
-2043
584
-2336
-1041
-592
-562
145
358
-1991
-69
-75
-2396
459
-2199
2199
2331
-1549
1837
-405
1612
-1892
-147
1769
233
3032
2547
-2389
-1267
2114
-2016
-36
2425
-3033
1976
209
9
2522
17
2698
-2417
2563
1586
-271
-1537
1017
1082
794
754
2725
57
950
-2586
1117
-369
2367
-1494
-1752
46
3035
8
2207
-2143
2328
-2214
-718
2978
373
2778
1313
-380
284
1422
208
-1308
2824
1179
1727
2674
2104
2606
-370
2475
69
-1106
23
469
2906
1107
1041
536
461
930
86
-1257
397
1879
-1481
-2208
1360
1825
-2037
1570
-984
-1465
2020
-350
2389
2766
2495
1348
29
1287
1176
918
2470
704
-796
-298
-1509
-1762
-1861
-2707
1554
-2526
677
-1006
1413
2544
2674
-2439
1219
-1055
1781
-2100
495
-2616
-2580
-2584
-83
-1587
890
-745
-2620
594
735
701
470
474
950
-1463
-373
-2659
2804
-2946
-1883
-2990
-1324
1684
313
-3035
1770
-2447
-1818
1344
-404
1864
2180
2483
-410
1045
69
171
610
-1854
-1089
-2269
2275
1172
1018
-281
1793
-1106
469
407
612
1923
-412
139
2404
2664
2969
-1726
-298
669
-1627
-1431
908
-2217
918
123
-455
1876
223
1918
-3016
-3023
-1899
2548
-267
1364
-576
-2530
-1372
-1483
-580
2673
1368
2774
-2998
1534
-182
-511
-1351
1372
1355
1692
1573
2613
-1207
-2764
2500
618
-2069
-543
122
-2235
-2395
1788
-2147
2608
-233
2395
-2954
-2635
2381
-1447
815
1393
2631
2368
-100
121
1300
-1258
1873
1243
-2774
-708
-533
2521
-2206
-934
-2679
871
866
-2986
-2003
2180
1319
2070
-1332
-2707
490
-247
-2703
-221
-1053
-777
-2810
1374
2864
-1834
-588
6
85
952
-136
1561
-1931
751
-559
-1474
209
84
-2916
-1902
-1064
2501
2439
-2608
-2395
1030
2625
-524
-2036
662
-937
-861
-672
597
-626
2462
-1952
1224
-57
589
-1987
820
-1879
-2445
-1779
-1783
-704
-376
523
-968
2736
-2890
-508
-57
1058
-2468
-502
-2330
2125
1462
1036
136
-333
-2800
850
3003
315
-907
1121
1740
2674
-843
813
115
755
-1492
-2954
-1836
66
2420
-1974
1974
1211
1946
491
1389
-2151
1728
795
-1575
-1054
402
-2118
-2958
-1119
2313
794
-3032
-2356
-657
-889
1118
1223
299
-2617
-2413
1878
-234
-444
-2883
639
-518
130
-91
-3025
1570
679
-2110
-206
2407
449
-1101
1153
-2531
740
1486
-2238
-2755
175
-329
-2260
2364
-2206
635
566
1949
-1401
251
58
536
-1047
-1220
-410
-2896
1548
-88
-1885
2460
2685
1567
-527
553
-2938
-940
-2863
2482
-1843
-378
321
2109
960
-1110
-690
1472
1645
-1044
-2533
200
-2648
-428
1553
261
1837
-846
-2481
-1511
2317
1846
2745
1359
-158
2600
1580
-2355
-1241
-796
-2629
-2074
2633
-2425
1510
1700
-2367
-2137
109
-2051
712
-2618
449
2066
-454
3036
706
996
1023
631
868
2820
-84
896
-1030
1253
-122
-266
-218
2541
-2635
1469
-742
-2343
-1110
2115
-2952
327
215
-926
-640
-2878
2218
-801
46
742
2089
-640
767
1460
-923
-248
398
-2316
-939
254
1096
1982
1418
-1686
2593
1335
-313
-1596
-1670
-2527
-1599
-691
979
1167
-1680
-385
79
-672
1879
-417
-900
-1001
-2524
1104
-293
-880
2393
1961
-2782
-375
-22
363
-2503
107
776
-1454
2333
677
741
1416
1187
847
-2635
-1521
-2702
639
-1270
-2043
-1983
-187
-1431
-2792
-1318
326
970
-57
2584
2941
-615
1890
123
716
2422
2721
-2748
667
695
-1753
-866
1253
-119
144
1810
1232
-2046
-355
-2936
-1209
-644
-2454
531
1406
1436
394
-318
-1868
556
-1816
1424
598
-1638
1054
-1500
124
1302
2016
2933
297
-686
1974
-914
449
-982
-2134
-2275
-2490
1250
-1647
-1110
1751
463
-689
1401
163
1437
-570
-238
-1483
-397
-891
-1815
251
-1722
496
1653
-2134
-1603
-2039
538
2012
-194
-1816
-2787
2417
297
-2072
-1137
-99
2322
2789
-902
-2079
2268
-2181
-575
-703
2807
-371
1242
-1578
2306
2656
2420
-1051
-1009
1757
-107
152
-2415
1266
-1231
-2649
-2279
430
-1190
-2455
-2341
1203
-1907
-197
-1738
1353
2053
-2711
-1632
-519
-15
-1347
2497
-663
512
-2027
-2789
-1833
-2284
-2135
2403
-528
-1576
-2155
131
-803
-1754
588
989
2900
-1793
-2648
1859
979
1851
-2074
1517
2510
-1681
-362
900
1334
-1400
1821
-1242
-2294
-188
-462
-435
-290
-2243
-1708
3028
2843
1531
2840
-150
-1142
978
4042
-846
1291
-5137
782
-3235
-5865
230
8910
-5532
-966
-2208
-804
-1164
-2106
3414
-269
5916
2406
5317
4451
-3148
990
3359
-1056
1199
-1439
1027
-6130
5823
2338
2650
2746
704
-5516
-548
-5152
-4555
-3454
-152
-3712
6992
-6599
-8231
-1316
1323
-2832
-1478
8963
-4716
-5208
-1595
-5259
1028
603
3828
-7697
3367
-1433
-482
6558
-681
3070
-4771
-3243
2414
2056
-7917
3877
9085
-3497
3235
-8862
-522
-1132
360
1440
1506
-142
359
-9217
611
-2207
-1079
3663
-4104
-324
-974
2995
3049
2518
5523
4947
-8730
-5070
4039
-4894
-2590
-3750
-10216
-2834
-7757
-1547
133
5482
-6539
-1840
-5161
682
-1823
-8083
-7133
-50
-4712
-4343
-1127
-5738
1831
1974
-3957
-2187
3372
-7890
2682
2572
-7745
-1187
-3448
-5913
-3404
-10292
-7290
-2111
4836
4244
-1738
-5093
-5292
-2745
-3051
2464
10014
-2794
11
258
2651
-881
2221
-2715
3837
-3480
-2962
2253
-6763
-7349
-3770
3635
5198
4570
4356
-2348
-2302
-5480
-2370
378
-7084
-8694
6281
1092
-2342
2397
-6330
-1306
-5281
2358
6753
-6015
-319
3071
-792
1195
1455
-2509
-3209
-833
11183
-6954
9791
-2554
3298
5765
5311
-5311
-8810
451
-13362
2274
5559
531
-1927
-9132
-4125
-3645
-2642
1578
1136
8784
152
-2782
-24
940
6229
-667
1481
2455
-2393
-183
7402
-10185
-636
3323
-7871
2208
6546
273
-3655
-9096
-5253
-6468
470
787
-2275
-5299
1698
-2535
-5490
-4128
670
-3245
-6372
2602
-494
-6530
1924
-228
18
-6206
-4016
-1801
-12
-1148
-3726
1318
811
5782
8023
-4642
-1360
-2705
3157
1786
-4950
-5214
-3889
-4417
-689
3920
1195
3570
4310
-19633
-1377
-1383
-58
-2309
-6428
-10047
-5325
2633
-1385
-693
7499
-8255
-3678
-1395
-2411
3564
