575
-2048
2235
-2076
346
-1115
-779
-34
-2135
219
-2241
859
-2389
1376
-644
-377
-1874
-85
50
1498
-1668
330
72
2436
1418
1788
-698
2026
1460
291
1048
-2361
1323
386
2659
-463
-1125
632
1985
2609
-2508
3113
-706
-411
1597
263
1795
1089
-1978
-2620
3087
-628
1084
608
-779
-2374
90
2905
-1764
2310
37
2551
-1602
-2130
187
2687
342
-670
107
3057
1003
199
2790
-2178
2422
-828
1631
2349
-170
-1190
903
-2081
873
-1697
167
1939
-736
2302
-2054
2809
-2860
1775
-2160
-795
-1070
826
2618
846
231
2055
-1062
-1163
-1941
-1490
1118
-997
-2610
-2413
-2806
1887
-1621
2511
2979
-685
2450
-1198
-3049
288
2981
2969
905
59
1271
-2609
797
-1501
-3010
-467
-3007
-1891
-3110
2084
-541
-1363
-114
-2514
-3013
-672
-2040
902
-2930
-2705
-2643
-1216
862
1728
796
2927
-1861
-2467
1323
2622
-5
2557
864
-2685
2714
-2058
-2347
-1203
790
1823
-1109
1226
2882
1554
1870
-2856
-646
-270
-3087
-526
-2538
-3016
-1325
-2807
17
2051
-2979
436
1316
1009
2038
2370
3139
-2925
326
-1175
2509
-1200
-1330
-136
-304
1324
-803
-2013
2338
-1655
333
-104
-490
-1836
1065
-3128
1055
1220
500
377
3075
-638
-2905
745
-2864
2716
1271
-764
-9
26
-2818
659
2986
-1803
-1986
2893
-1632
-1834
-2741
608
-1996
-1972
3103
1018
-2579
2562
-184
2494
-2441
-2782
813
2012
255
1170
2343
-132
-1097
-1679
-2783
-2587
-1505
631
-2997
2921
-1310
-2995
-1696
-2574
2929
202
922
-1053
-781
-3109
-2957
1756
-2337
-2405
-678
-2375
2925
-1781
2998
-2489
328
-1020
2211
348
-2066
1458
2993
2046
-828
261
2439
598
-2475
-2931
-1680
-91
2755
-244
1726
-2415
-1414
445
909
490
-745
-331
-1091
2387
-485
-2997
2503
-1143
-2333
853
2057
1302
-2310
-2224
2094
-43
-483
1663
-2348
291
-545
3059
-822
-547
-2404
-492
-2086
759
-695
-510
-3100
1043
-1404
73
-1340
-36
-2808
2061
2057
701
1365
1327
2592
2777
-787
-2601
-1969
1044
2748
1120
-2356
755
-1229
-466
-165
519
-523
-881
1240
2081
897
1409
1290
833
299
1612
-250
1548
-833
-681
-1451
-2547
499
-1936
-2121
-94
1409
-101
-2425
-1940
2959
3022
2590
-2638
426
1021
945
1550
1902
-2646
2706
-1842
457
-881
-1624
1077
-2610
-1282
-1908
-973
874
-560
1410
1907
-1659
-2608
-2772
693
-177
-3098
-2613
594
2694
-1069
628
-1199
2164
-1029
1439
2542
-1124
1545
1510
3009
1905
2906
-2059
-1076
332
2867
1309
1063
230
2587
-1396
-221
1018
-1705
2199
-2255
-557
492
-2092
640
-1097
-910
-1726
-1088
-2072
-507
2658
1552
2587
147
2201
1966
1593
1261
-2663
80
1930
-1428
-323
-1369
-240
-1218
69
3086
-2541
1561
-1101
-557
1604
320
88
-1451
86
51
1622
2760
1639
241
1524
-1437
495
208
1712
-519
1445
2438
1877
-847
-2668
-2880
-1522
-39
-1198
-2260
-1254
-2689
-1350
1760
-409
1424
-1385
-2534
217
542
161
939
166
-1592
2716
994
863
-2607
-392
3102
443
396
-981
1733
-2558
-2680
2677
-491
-139
-2142
-2953
248
-2369
-2374
-1171
3102
-1975
1739
-2863
-1830
-2323
-2438
-2430
717
488
-763
1198
2487
1858
573
-1026
2628
2170
-1579
1365
1500
-1194
2510
-1930
-532
30
2993
63
3069
1633
-1709
-276
-1194
-2675
2621
-2174
-1496
2248
1799
1723
2403
663
931
-885
-2424
-830
2600
-83
-1815
-2122
-352
1129
-1156
2309
592
-1981
-1076
2230
-1523
2046
-3022
15
2329
1009
-256
-2167
-256
1243
1687
1250
-2972
2601
-493
-1765
-1721
-350
-2260
1753
788
2957
-1014
-205
-2142
285
282
399
2027
2920
316
-2004
525
-1272
-1577
2332
-2387
-563
-1975
2613
3049
807
-320
531
-191
-877
2305
-835
-591
2212
3052
326
2129
-1235
1605
2209
-2327
-272
1101
-941
2017
1996
-408
993
3050
1620
130
872
1987
526
1777
801
367
-1351
1841
1317
1017
-212
-1455
-3136
1766
-1115
1946
1064
422
-3082
-1332
1135
-1295
-2092
-455
3052
1047
-503
-1012
-298
985
-2362
-2587
-118
2627
2774
-2578
1823
-1915
414
-2103
-1066
713
-120
2591
-171
-402
-2374
-124
1012
-704
1016
2785
-1656
1071
-61
2202
1616
-2116
-1216
-2595
1812
2746
-2928
249
-196
61
-1730
449
1609
746
1115
-1350
937
-366
-1271
2388
-2896
-2478
2565
1519
571
-3028
2531
1880
-2969
2234
2415
2423
-8
2593
-1535
1102
2904
-164
2676
292
2609
-800
-2178
342
2179
-1043
-56
-1514
-1679
-2
986
1025
270
-606
6
-296
-1891
1064
-1674
880
-2706
-780
3023
-54
2013
1054
-1873
-749
2899
-292
645
2727
609
3018
2076
1475
-1061
935
-3269
-3095
-2833
-1957
-137
1710
1778
1797
-1921
3032
1487
-2493
2959
1318
112
-194
3186
2828
1993
2166
2209
-393
-581
-666
741
2337
2558
2188
2800
-225
1891
2613
2038
2458
-2394
-409
-1521
1354
-1277
2059
466
-1340
868
-2771
-3180
-3048
276
-1329
-187
-2781
-561
-2528
-683
128
-1909
4
1293
-2794
2799
-3017
523
-956
2420
2484
-2766
-227
2538
-1161
-995
1397
-3271
1502
1094
-2070
-771
-3139
2931
157
-2283
1077
2200
-2799
3138
824
-164
2350
-1533
1338
-3100
-605
673
-1132
-70
756
-1732
-1843
674
-2074
-491
2087
1614
-1143
503
311
3077
-2292
2830
-1122
-499
-2975
-2048
2543
-2319
-2233
236
-3255
-2553
2128
-1768
-625
1371
37
-121
1102
-584
575
153
-294
-257
259
-758
1295
-2702
2747
-2656
-573
-1458
1641
2034
-2992
41
1068
2853
807
-1412
296
-843
-1475
-1588
-1503
-2024
-2240
-1218
948
-1685
-863
-705
1977
1745
-1302
3181
1035
-3218
-1725
-941
-705
-1109
-2012
-2797
2396
2958
-2308
-1654
3031
1977
2167
-2943
2404
-2886
-164
-1362
-2066
1210
-161
2167
-2015
-3154
636
-420
521
-565
-2242
-397
-2770
-278
1305
1471
-2962
1804
2554
1496
-1657
-172
-1448
1765
408
3261
-3109
-2823
2996
-2929
800
-452
553
-1788
2374
-465
1609
-391
-711
-2435
1691
1214
3260
1221
706
-1491
-298
-802
2599
-1297
-282
2411
672
1842
-2658
382
-822
1418
2048
-2755
-2145
-2804
1498
