707
-1963
2544
1149
616
-2218
-1432
2019
-2315
2597
769
-2020
-378
2359
-1041
-3050
-1409
1358
-2045
2228
1061
3268
-1394
-2934
7
-2901
-958
2452
-2889
-2110
3261
319
-2916
-1492
163
2248
279
-1385
-1175
-2130
824
-3184
2259
1356
-2628
488
-1531
1582
1563
-2969
1753
3214
3270
2407
393
1753
1658
1330
1707
-2784
1806
-1538
2520
1770
1148
-3116
-7
-2901
843
209
-2485
-1051
2494
1941
-1405
81
-2967
-1992
-463
-723
-3014
2742
-2852
-1584
2998
1019
-499
-924
1660
-3130
-2295
-360
979
300
2757
1962
-2565
-616
-976
1355
3075
2941
-2438
-1813
2090
1111
-2348
-1938
-1270
1794
2946
3069
1305
-2902
-2196
-116
-508
2785
941
-2074
-1097
760
-2794
-1254
364
2008
-2663
680
160
343
2207
-1041
775
1879
-1966
14
1457
2548
-1459
1443
2178
-1655
-1213
-2997
