-2015
1240
-1748
-483
-3072
-796
2320
1918
-1303
-2874
-3104
-156
-22
131
-447
-2326
77
1079
2243
1677
-3121
-246
1687
-2037
915
3012
-109
1352
2875
891
-183
1197
1482
-537
-3224
-1748
-1696
-21
3028
-404
-256
-2063
2465
2411
-934
1663
-1925
-1777
-16
-2285
2367
-1554
-2263
1782
-1806
-1318
1577
-2490
468
-1390
-3210
-1553
-1031
241
-3024
1159
-1311
1568
2374
352
-2045
2689
1137
63
-1778
-923
2494
864
3046
-1065
466
-1480
1274
-32
-564
1478
86
-1596
-3275
-1175
-90
-2551
1831
2268
1702
1968
-1835
921
-921
2421
-1312
-828
1197
1708
-913
-89
1685
-714
2179
1431
1001
1128
-910
1323
-2510
2830
2203
-3042
2379
-393
-2731
2216
3082
-985
3073
-1727
3020
-2859
-208
3011
1647
-2644
-1906
-185
605
-571
1740
966
731
-758
-773
983
-1667
-648
2941
-1016
-2336
-1694
-1550
-156
2183
-2576
-2551
-1346
-2091
1209
1006
978
521
-935
-2883
-326
1498
2075
12
-879
439
-2186
1380
1533
2413
-463
-2136
3039
2104
600
2593
2559
-2431
-2303
-2500
-2491
-1719
-1134
207
635
1631
1721
3252
3134
-1203
-3016
-300
-1878
1596
-246
1097
3137
-3123
-1108
1484
-1701
2190
2093
-2516
516
880
-3143
-2051
-420
739
2521
-1754
413
1128
-1998
2013
606
1989
1002
3174
-3133
339
2336
2281
-3060
1901
2875
-2888
1031
917
-1839
210
-1936
-1591
-205
799
2875
-1023
1434
1721
1406
2651
-1326
3
3261
2223
1518
1141
576
-2235
-1899
3064
3099
1515
-743
624
-775
2298
1745
510
1134
-1572
2321
2195
-2177
-1165
2813
-784
-2195
2866
-2221
2927
2211
-3135
-1251
1164
-345
-46
480
2260
-269
3011
-1299
256
2955
2107
561
-1130
-2557
-2445
-1730
-2508
865
2148
-1197
1129
-1623
2143
-1525
-720
-3106
-1218
-1021
-62
-1540
-1697
375
104
-1951
-1897
627
3142
-420
-599
-1654
2447
346
2185
1551
-1297
-2479
-2461
-665
-1034
2046
2733
-2302
-2693
493
-1105
1411
2156
-204
809
1655
521
2708
2665
-981
973
2226
-1690
-2363
1102
2696
1579
-120
1493
453
765
-175
-3118
-605
3005
-2986
-2683
1611
-1199
1932
-2310
1744
786
-3156
-2825
273
1680
352
1302
-1651
-1988
429
2533
755
-2031
-137
-177
1678
-341
412
332
527
-2432
-34
-1405
2058
-2565
439
2669
1612
-1949
-366
-353
186
548
2948
876
512
-3247
88
-569
919
-2917
2938
543
1150
483
1486
1768
-564
-1861
522
-3158
-245
231
-815
684
-1722
2535
663
2206
1045
2953
-870
-1085
2112
1923
328
1611
-3063
52
3065
-175
426
-587
1497
2422
526
2817
-2303
-1126
2967
-1197
3264
-340
-3104
2486
-660
1121
974
1190
-2521
804
-1821
1626
2852
-171
-759
-1496
88
1108
-2594
-2180
-3235
-1877
-2294
2439
677
3100
164
-41
-2997
-954
-3007
2109
1445
153
-878
-351
-945
495
1687
1683
-2428
1919
-2190
2767
986
-637
-2473
-203
-863
-806
2464
-736
262
3059
1847
-2629
2907
-1572
223
-1821
1596
-1822
1425
176
-1004
-1320
-3051
-560
2502
3008
655
-366
2696
1704
666
2813
1316
-1755
-2186
2144
-510
766
-1223
2407
-929
-2546
1121
-400
-2305
32
-1566
1477
-1789
-2024
1259
-2857
-1508
-3032
2090
-669
2318
1807
1673
2950
2474
-1760
2616
-1686
-1017
-733
-1410
-595
-1570
2221
-900
-3005
-1763
1824
2750
-863
-557
199
1783
3000
-1611
1986
139
-3046
-3119
-2212
-1642
3072
2549
-2694
144
-1901
-1275
3025
1883
2541
-2204
-738
2173
2072
-2740
3251
-2309
-3208
-772
-2072
-2753
1719
1635
2176
-662
-149
-3195
973
862
-731
-2735
614
-1397
2447
1259
-684
-1609
-61
-2995
-2094
-514
1138
663
-2808
-1012
1498
1028
305
-900
1923
6
1873
-2585
3069
1285
-1105
2180
1113
-2091
216
3085
-2937
-10
2305
-2961
2865
-2397
744
1972
-2248
2981
-2011
-2544
2627
-2027
-2940
-243
-3003
-1632
3094
1661
1334
-845
1083
-1335
964
-1693
-2858
2981
1944
-1610
-1076
1183
2164
-3240
-2377
-3208
-1009
2352
-667
-3104
-1586
2050
-3111
438
-174
3154
-1663
1193
-46
1519
-716
1246
651
3096
-1663
-1994
2104
1289
-237
2577
1780
1817
1114
-592
2611
-2402
-2026
1243
-2893
893
2064
-1042
462
-1456
-1765
-794
-2441
1353
3085
2405
3141
1694
2358
1793
2755
708
3260
-1814
3259
1579
-1976
-1096
2825
2077
-808
679
1791
2177
-3113
-2140
-1945
3237
-756
-824
607
-424
-974
-2715
-3271
-2997
2620
2637
-722
1459
-2351
-2882
3216
283
-376
1771
2056
-1234
2364
575
2619
2177
2180
348
327
1774
-1735
2823
1900
736
-2738
2906
-1317
-2921
1462
-1692
2825
3045
26
890
1617
978
-1377
4
-88
2969
392
-2964
-705
-368
-1552
537
1273
-946
-93
-2562
-835
345
474
2316
-2249
-1343
-250
-917
1459
-842
-1151
-986
-750
-1829
-843
-1973
-2408
2943
-2169
-2505
428
-1710
1601
-3143
-2227
-3194
-2067
775
-2196
-1299
880
-982
-228
1048
-1962
2234
-2002
-192
-3229
-633
1659
2300
3199
-956
-478
1489
571
-1270
935
-3071
-2757
-2432
396
-1255
-88
-1553
-2209
8
-3127
-1656
1825
137
211
-682
2658
-113
2738
-3065
3188
1870
-679
1637
1120
-2845
3020
286
1571
-1687
-2443
336
2673
2684
3250
785
3170
-836
-329
-82
463
-1275
2333
-3037
-2238
1258
3170
783
-101
18
-2308
2338
-2726
-1763
-1500
721
2082
-1009
1390
-2912
744
-2156
561
382
2537
3217
-888
1409
-1200
1589
-3004
-2864
-1625
885
-980
2285
3016
-3207
-1826
-187
-1101
-3273
-1791
2340
1488
-2017
-2345
686
-2099
1136
-3153
1522
-836
-1736
2668
-511
-1187
-967
224
1906
2321
-2333
-491
-1741
2886
117
1847
2288
-146
-1368
10
-2909
1437
1629
2707
2373
2727
1444
-1171
-765
271
-875
-3053
807
2438
-2129
-798
-762
2469
2802
-395
-99
289
2048
2698
67
-274
3112
3210
-1900
-3105
-2997
1636
-1361
-141
-2484
-697
2516
245
1673
1784
2035
2265
1878
2887
1906
-1829
2
1539
3076
-1588
1694
1634
3017
2299
2625
-2674
-2501
1285
3089
-1469
-899
-1925
-2723
-2841
623
-450
131
1101
1860
1788
1721
-2497
-3101
-835
-1799
2366
-2225
-2621
-326
2925
2832
2262
2663
-2213
-1723
2008
632
-1990
-2453
1691
1439
-2373
-931
-3107
2078
2827
-699
1189
1264
2208
-2144
-479
2311
2157
86
761
-1951
2113
-283
1477
2557
-760
-1196
-1276
2399
1502
-2287
-85
1076
2958
-108
1620
-328
2907
-2152
-803
-3230
3075
-1799
3209
-890
771
-1539
1721
1546
-3273
-1883
2009
1113
-3235
1460
2823
2210
2272
-3097
1180
2034
2958
-59
1644
-2446
1835
-2225
-261
123
-2110
-398
2497
2949
-1402
-708
980
-932
-2069
-596
-383
-3002
-2506
-2231
-885
2080
-1625
2681
-1716
2243
-2517
-3202
1931
1096
1885
197
645
-2517
1643
630
2940
527
-3146
-227
147
128
259
2398
-3002
-2530
-805
-447
2575
-315
-2697
-335
-2728
-660
-482
-1272
-2412
-2493
-1253
141
-3079
2423
2280
-1309
1557
-451
2130
-917
2341
2391
-272
3100
-2560
2049
186
-1354
-1131
-680
3067
1800
-1389
1927
-430
-1876
-2613
-2754
-1160
948
3058
-2142
2959
2346
-1827
2751
-2709
1225
-1898
-1375
160
-27
-2789
-2543
-2007
843
-1582
2879
2786
-2834
1755
1170
570
213
-898
3232
3133
-2556
-1084
1574
-3033
1910
1327
2220
270
-2778
2520
-440
171
536
2635
2407
1592
-1479
-2508
-1417
-498
1877
-2699
2829
-1437
2761
1141
-388
1515
-355
-2857
213
-580
2395
3201
-3029
-3118
-228
1274
2377
1608
-171
-1083
-1278
-2841
2126
2742
-1739
1691
-2463
-876
-2401
1880
-1490
598
1398
-2332
1165
-482
-2582
-2004
-3189
-356
-2056
1956
1345
467
-718
-2440
3252
-288
-276
-1917
718
2320
2948
-764
-798
2245
-1687
902
-3217
470
2799
2731
1546
771
-66
398
-1000
118
-3241
3244
-3131
-1189
4
-1166
-9
-3187
1848
555
1013
-1744
-260
1098
-1510
2433
-2569
-2740
1232
-1032
1043
-2140
2515
561
-308
-1673
-1456
-46
934
-1016
-1759
2060
2893
-785
-3057
3223
724
363
679
-2707
1036
-2942
-805
3262
3133
3271
2095
-1444
3073
539
1325
-2807
2535
-2364
-2157
-1903
-508
268
-1645
1800
-1679
213
-2027
1857
2995
-583
2875
2265
-2468
-1999
-2705
-75
-2490
-1482
1406
3003
-964
1406
479
-2922
-3085
1207
1243
-476
-820
-1320
1858
-796
-921
-1366
-732
2447
-1893
-1334
2591
1748
2234
-466
-76
-3057
-996
3184
2800
1769
-2490
-2816
81
-1249
2213
329
-2313
-1534
2289
268
-2002
1173
-2354
-2639
-2650
-1596
1568
-77
-2568
2130
1227
136
878
701
2063
929
1380
1814
1022
1995
-2449
2296
2375
-2428
-1708
-2504
-1349
1541
-1437
-870
1906
-1237
2600
-2036
306
-2228
1549
2536
-1997
1206
1056
247
-2387
376
-1728
-1807
-1138
1507
2866
353
1444
-1091
3265
-2888
-2439
2245
368
459
-895
-1854
2414
-1237
1476
-1965
-925
-727
-939
1324
-702
-738
-636
-682
-1325
-2975
1652
3033
-3125
3182
-2835
202
-2761
-3122
2037
-2245
2043
28
-2354
-2396
1190
-1083
-278
3088
-1657
527
-1190
-2336
-1128
-2842
2901
506
-187
3238
-491
1408
-505
3138
2824
-1763
-1094
-916
2528
-2575
-1119
2757
-586
-406
-3047
-469
2789
2243
2821
318
-1423
2229
899
-694
2972
-200
1868
2797
-2803
-1370
732
-167
912
2650
-403
-997
-693
-1847
1294
-2247
2356
-2513
-2111
-1853
-2355
819
-3017
-843
3236
1179
149
3091
101
-1251
-998
-1435
-708
2019
-1274
-1321
-118
-1551
-2858
176
-2711
1207
1379
52
595
703
-2711
215
1834
-1612
1910
-2099
411
-2659
542
1308
336
-1346
-818
2049
143
-1346
1214
-673
159
-1367
-196
-2860
1674
-1193
-580
488
3195
-1218
-2097
-3050
-2754
-2327
1390
648
-990
2781
1220
-2766
-2390
-430
344
-2377
1083
-23
747
1833
-2836
1281
-3218
-1013
-3073
-87
-1965
2608
-2329
-3092
-1119
-666
3106
3267
-1332
1536
514
-1594
2264
-353
-2626
1608
2258
235
410
-1645
300
1401
-1214
3084
54
504
-3078
-1357
-2200
301
-3060
-1772
-2146
-3169
-2112
-661
2566
2392
631
-1968
-3217
-2174
-1078
1912
-2049
3021
377
1952
-1526
2109
-2634
-1553
2119
663
2223
1715
-20
-1404
-2536
929
2252
-2147
3181
2529
-1237
-2755
-1875
2998
-1230
-1680
-1483
-294
-2683
57
-893
-622
644
1263
-3124
1581
2616
818
-1511
1399
-2576
3150
-1703
-1128
-303
1120
685
1762
2018
1286
1017
326
1840
-2477
-1990
1856
488
-1368
-630
-2864
-1426
2340
-2024
909
-192
2793
-2741
2563
1385
-555
2460
-54
-298
3015
159
2151
2877
621
-1783
2661
2395
-2928
77
-649
-1666
-2183
1898
1462
-597
-2743
-270
1538
222
-3073
185
2410
522
-1295
-2168
2092
-1941
2550
356
-3105
1385
-583
1070
-232
839
-2950
1059
-3040
2007
-198
1555
2545
1100
-1107
-1420
2027
2329
2642
1350
1237
-1811
331
-2263
-672
3086
107
-1963
2404
1531
2577
-1558
-266
149
-1708
-1476
-831
-2215
-2722
-511
1766
265
-2453
-2836
3066
1904
1220
3173
-593
-2407
-91
-2200
-199
1833
-2350
-210
3076
1680
100
-1525
1281
-1774
2843
-752
1765
-750
861
2954
1115
353
-3142
-3156
-2707
-959
-1593
-3239
2600
-993
847
-2501
37
2784
824
-2436
2411
408
2993
1139
408
530
2246
1122
591
-3172
-171
1256
-3033
-1407
-2774
731
-2423
2343
-1218
3035
-1627
2735
2309
-3224
2153
-2260
-1365
-2696
-2401
-2803
350
69
1446
-1873
2868
-1009
2903
-1398
167
3225
-2805
2210
2899
-1440
-1160
264
2866
-927
-2281
2996
-1649
-1862
-765
1824
1790
-1270
-2796
2399
618
-1873
-445
-845
-1614
2730
2876
-2167
-3110
1232
-2324
666
-3016
2446
372
-300
2716
2862
-1644
-2639
-45
2874
-2034
1937
1921
1234
154
-1059
-2958
-3176
602
3265
2653
-517
2159
-3226
-2305
1672
-1079
-2251
-2070
-1407
-48
2195
-2029
-1362
598
-1996
-698
-3128
-856
-798
2520
2227
-2933
1970
2885
1351
-2445
-2478
1690
-243
944
-1667
-2963
3007
3037
-2451
-262
1723
-2775
-87
2773
2750
3168
-2262
17
3011
-398
2098
-3248
2439
3049
-2397
-299
2122
-3122
-1886
-2666
-501
675
-308
-3257
-1062
800
3135
-1991
-1920
-541
-1934
-3080
-737
-2080
851
-3267
-750
1567
3029
-3009
-2739
-971
704
-3137
-2455
2063
2229
-2891
-949
-1514
1929
290
2544
732
-108
-186
-1345
1645
-3039
-2012
-1001
210
2396
2986
-197
3132
-1182
-2589
-349
-753
-1961
-104
908
1788
-1350
348
2681
1183
2592
-489
-1927
-407
-2421
1863
1447
979
-163
-1365
-1368
-1741
-872
578
1430
1149
-492
-3251
1449
3191
1770
1523
-2110
-712
-275
2180
-2883
-2337
-1556
-3129
1423
-674
-990
88
-560
-403
-2044
2392
-1744
-63
1733
2764
-1936
-2409
-2501
295
-529
-1192
2244
-2369
-2866
-696
1029
1609
487
-462
-2320
-1934
3028
1232
1112
1602
-1263
2860
-2235
2989
-445
1000
-1803
480
186
-1249
3033
-401
-1037
118
-1914
-2195
-1741
-303
-2102
1947
196
-1352
-3258
2052
-2120
486
-1909
1058
-1773
229
2696
-936
-2404
-946
1607
2642
-2946
-51
-921
1518
-42
564
3259
2046
-1349
-144
2415
2214
-2133
-1754
3144
-2301
-758
-2667
-292
-3019
-3034
2977
-1727
895
2975
2162
717
2199
1148
-2164
1937
-1402
2240
2985
-982
1065
-963
2152
-1517
-1080
-2718
-2242
-1484
-597
1311
-608
2256
1807
-1296
-2915
-2384
971
2103
1527
-712
-1466
-1399
1454
2141
2367
1112
-1983
159
-1316
-3171
1176
522
2404
-1850
393
-3020
-2452
-1736
2384
1103
-547
-249
-2850
-2812
-1812
-981
1570
3221
2596
1167
-2020
2095
1949
377
-2236
2741
-2727
2305
72
-1298
3211
-1065
-1472
-2871
1270
-23
163
1530
2647
1747
1961
2261
-348
-583
-3209
-2338
-962
-2440
-3185
-380
-3078
2510
1333
3179
1698
-580
-3246
1464
-2275
1733
1168
-2421
-1528
-3013
-475
-718
2809
719
-147
-2763
-383
3053
3209
-2147
2937
1354
-1747
3069
678
-1040
1101
-2748
-897
2456
-2744
2731
238
-2334
412
2571
-2549
-3187
-708
1332
-55
-2221
9
-105
-1843
-180
-588
-1168
-2463
-509
-2418
1664
2603
-3204
1406
102
-1180
1359
-3251
2735
-442
-1232
-3209
-2599
-2703
788
-377
-1226
885
-996
3002
-1254
996
-691
2216
-2978
-92
-2678
-2841
-1234
2549
738
416
2292
3083
1922
-2448
1850
-2832
604
745
8
-3006
-1199
-279
1894
1008
-2318
2549
-2150
3180
-939
-2598
-941
-558
-1819
-2273
-2401
-841
1233
1711
-1702
2528
1549
-2322
-1909
-2470
2552
-979
-1930
172
2824
504
-621
-2478
423
-1478
986
2466
2937
-2077
-1269
-1416
-1093
873
3026
1149
2422
-1177
2552
502
1318
-735
343
1904
-2555
-3252
-3015
2806
-2267
-174
-824
-1770
-2950
-1499
605
-278
423
-566
-2473
2220
-953
1368
630
-1973
-2437
1633
2529
1908
2331
-1995
2170
7
2155
1010
204
-88
-614
1518
3065
-1034
-1517
-1680
-740
506
-2800
1174
-3156
2798
141
-3005
1882
2528
-2752
-1302
282
-1363
2690
-2005
-2267
-511
-502
2771
-2206
1463
1144
920
-535
-1617
2509
2556
1017
-884
-3147
2224
1105
3069
1838
3045
2702
2193
-2213
-1317
1232
963
-246
-270
-1392
-37
-2552
2248
-617
-944
1214
-1233
1916
-940
-239
2049
1037
2056
2381
2378
-466
-2968
-42
1361
1329
-2247
2659
2764
-1496
2235
533
-1319
2811
-2616
-152
2441
2073
-1548
-2213
-1366
2740
-376
162
403
531
1386
-1918
-697
-320
-945
-2191
-1203
-936
1928
3089
2634
2411
-3158
-1155
-1812
-1857
-808
-1100
-27
2451
2585
-1398
59
2546
-1897
339
-2482
-3134
2586
-1805
3151
-2565
1194
52
-273
564
-1749
1365
-568
-2410
-2646
3006
808
2478
-1410
-392
-2265
2669
-847
-391
-1940
775
1615
-2880
-1144
812
-2509
-3080
2107
-71
2589
-3229
699
-1553
-2219
-655
1197
175
1996
-2466
1534
-2998
-2846
-2342
31
-1434
904
404
-456
-2711
-5
38
-2584
2063
1910
2934
2639
1332
2481
-461
977
2983
-2348
-1821
666
70
-1914
2324
-1393
-2179
-2846
-2121
-2255
-2774
779
-3148
-2863
-1841
672
2831
-444
2327
713
2485
1075
1421
1296
1867
745
2910
-3152
2185
1524
2807
-2675
2447
1686
1136
2311
-1483
2727
2220
1162
-55
-1576
-281
-2914
-2304
1854
-255
-1763
1813
-2590
-435
538
-25
3197
1725
-2000
-2514
2538
-897
-1436
-1840
276
2534
-521
3118
-2398
19
618
-458
3060
-2338
855
498
-2115
1635
-2553
-3146
2138
-2783
1738
-30
174
201
-3088
-228
600
3197
172
611
-536
2304
-1344
-782
246
76
-2287
-1067
1273
-1716
2702
-1381
-1390
1054
3257
1452
-2687
-2336
1385
-236
2269
-2080
3128
-578
-374
-223
-2800
1278
2447
2406
-2757
3226
351
2627
1529
-2871
1394
298
2752
-384
-2543
-1205
2444
-2522
2270
-518
2232
1019
143
-832
1485
-2267
-585
-767
-2
137
-2560
-2892
-963
-436
3023
821
1204
2470
1360
1054
2787
932
58
320
-1163
1819
-1374
-2320
3244
1190
2018
553
-285
-3122
2625
2231
2363
1914
-2602
1811
-2063
904
3139
-1847
2031
370
-1887
2394
-3273
-1972
2854
741
2084
1105
673
1173
-1005
99
-2638
-1473
-1194
-2568
1708
1462
-49
1923
-1645
1506
3
-419
-2946
2311
2029
312
-271
-2122
-2920
1939
-2686
483
-115
-1611
2335
-1590
-660
2937
1261
2261
-3096
1971
-1603
1286
-864
-2450
-395
1213
2807
-2071
-2960
1981
1004
-956
3021
-105
2977
1145
-761
-1697
1032
1128
-2846
270
-779
1045
-2679
-901
1187
-3122
-952
1345
-2337
187
-2606
-3180
1251
1837
-201
-1953
457
-358
1152
-1829
-3007
2518
-2071
2489
-2688
-2801
-2710
474
-1702
-195
2765
-1194
-702
3139
-2262
1157
1144
582
-2791
-938
-2633
945
1588
-796
1837
-1324
1657
-1702
-2093
-1955
-2929
-74
-1495
-2235
-1168
-1261
1074
-3053
1273
1783
-1245
955
1910
-3139
483
-1039
3236
-1828
-2120
1136
-2920
-2968
2613
-755
-358
2329
2178
-1168
-711
2472
1125
2000
-2772
-2096
54
-1856
-2708
-374
-3235
1698
437
-3140
-3140
2024
2379
3047
-358
1111
1850
-279
2883
1254
-1105
210
-1371
-1559
-2429
802
791
-2081
-1818
-1214
2894
-3006
2849
-1768
-1485
-1959
-1978
-2540
1839
-1878
-818
3128
683
3217
-2110
-2663
1297
196
2756
3251
-2232
395
-25
3027
608
-1412
1465
-1400
1139
662
2903
1112
-1867
-1145
2919
106
2915
-1047
-2441
-2184
2387
-2841
2173
501
1428
-3210
-3169
-3064
-259
-2425
3075
673
-148
769
-3132
2709
-3268
717
2813
-484
-2544
-1384
-316
-2341
-1257
1837
-2341
461
-1500
-533
-2316
-741
181
2251
565
-134
-408
-2386
299
-1228
-1741
-808
-891
-3048
-880
-1721
-1019
3170
-87
1014
-10
444
-2882
1415
2881
-2021
-964
1991
-2151
1364
1647
2290
-2324
721
559
-3183
-833
1360
2101
-2762
1143
-1795
-609
535
-247
574
2002
-2384
2093
2509
1741
1617
1852
-211
-2730
-1786
-792
1509
3012
2989
-442
-219
-1267
-1394
1898
-1530
-1228
-1535
534
-2958
-1516
-2193
750
321
-1022
-528
-1462
-703
-1708
-546
-2818
-2451
-393
225
-2741
511
431
-1282
-1086
1611
451
-1393
2578
-714
1713
976
3008
2103
314
-1417
1844
2597
-1371
-2606
-2395
-1889
1822
1826
-605
-1554
-2219
873
-2241
2978
2147
1520
-2045
2574
-142
-636
1854
-1318
-2554
-353
-3053
2102
-1397
-72
-1947
-2707
2300
-481
336
-1069
-701
1099
-2200
-1758
-289
-3006
3189
826
-2493
1660
3268
3235
-2223
2638
2948
-1066
1405
2166
1937
-894
-878
745
-35
-2224
691
-457
-735
-2620
-1517
1281
2708
413
2559
-2053
-1006
2786
-2825
956
-3174
-1828
-642
1040
-1113
2505
-2937
1663
-600
1715
-3113
1598
-1370
-2509
-420
-1951
2270
776
-2771
-2781
2055
1643
1376
-114
684
2968
-2059
60
-1869
-2763
-3084
2249
-1321
-2131
2768
1222
-736
-1608
-3106
-3190
177
-1857
158
-410
391
-1635
111
2997
-1367
1142
-2353
-674
539
-183
1486
-2114
-2651
1707
-1971
-1067
1703
-1431
2272
1507
-3013
-2268
610
-668
1023
2708
-1134
-2010
2589
-1635
-2931
-1179
1770
-1799
1092
-3016
-38
1795
1746
-379
2727
-70
-3087
2448
2638
146
-807
-1477
-1375
-2398
-2557
991
-504
-2659
2541
960
747
1800
3180
-2657
-1157
3146
2102
-3159
-1488
2164
301
-1416
-974
186
1805
848
2909
1071
922
1916
-578
1722
-1588
410
1076
-1715
521
2576
-432
3196
593
2767
-1897
-729
2521
304
1393
1644
1993
3105
1021
329
-2999
3222
1755
3186
-2368
1840
108
3055
-531
-3093
891
-497
2935
-1267
1268
-1614
-2568
-646
1992
148
274
-2103
4
2994
-702
-2806
1966
-258
2023
-671
181
-3237
2588
32
-2328
326
2064
2905
-982
2580
128
-1678
215
2986
1415
2032
682
-823
247
-818
-1951
-2206
-391
-2990
-936
-1616
2863
-2730
-2704
131
1817
-3233
-2705
3024
2536
-2069
-1845
2999
-260
2235
2708
-558
1232
-1623
462
-2622
981
999
1209
2282
-1546
2700
-159
1908
-1684
613
3080
-262
-2042
687
2903
-1448
1993
-564
839
1317
630
1309
-1561
2446
-2067
-1504
-985
315
1110
-2425
1504
3224
666
84
2752
-64
2053
1538
-1639
2351
2877
-753
-2932
-1198
-1972
503
-1359
205
1626
1869
-1456
21
2841
557
713
2837
185
2756
155
1632
391
1160
3231
2720
2530
-258
2446
-2369
955
1099
-1571
-889
-2224
1030
-3244
-1473
1286
-259
-582
-3214
942
3109
-2801
3260
-1292
2623
165
-1094
57
2227
-1835
991
145
-1952
-2882
1216
2032
558
1389
2123
-1259
-1807
92
3058
607
3274
2632
1476
172
730
-1720
-549
2534
1565
-135
1271
-2340
-1019
2424
-2287
2612
3008
-581
1456
941
587
2891
201
-1826
-701
3260
-2920
-1273
-2466
60
-757
-1695
-2449
-2263
-659
1246
2190
1078
-265
-234
743
-1561
-1158
1128
2879
-1902
3211
1194
-1446
1487
1428
-2775
-1279
1848
9
-298
-3112
-1767
-1201
-73
2987
444
983
-155
1666
-684
-631
2187
-214
-1430
-248
656
-2796
2657
397
-2572
2093
-1260
-2774
2644
1367
-2609
-910
-2717
2794
2838
2555
-1103
1106
-1218
-147
1407
2703
2559
-2071
49
1548
-1759
-2453
1667
3202
-714
2839
1422
-1232
-2726
1197
-1976
-2642
2345
2993
-1197
457
-1780
1577
-522
-113
2004
1178
-480
3203
2593
-1351
388
-2940
-3091
-1007
2531
3228
2818
600
2880
1891
1107
1065
-1387
-906
-2718
-2725
1444
1463
2296
-2892
528
-845
601
2773
-777
-2094
3257
1382
1663
2210
-1689
-2972
1693
-244
-1493
3090
-2838
-1398
2420
-2128
78
-1038
3187
1309
-674
-2696
1641
-1870
1580
-487
2288
-319
-858
1457
1269
-3095
1482
-2131
2687
-362
-3192
-2534
-301
3243
-2047
509
1364
1984
-2884
873
-179
146
-2913
-2802
-1869
1220
-1023
-3227
-1761
-1071
-585
2955
-91
90
540
1724
-1607
-1963
410
-73
16
-896
-1773
163
-423
-2530
478
-1629
-1610
-157
-185
360
-2135
2140
1488
-1411
-525
486
-2735
-813
-1393
2123
-1994
2644
-1552
-2723
1267
2258
-2159
-2191
-1478
1127
-2917
1019
1501
2180
-1277
1670
-2942
-2943
-2505
-2168
-2155
-1034
-1553
-2805
333
1779
-158
2597
-3210
744
3270
-1424
2423
502
67
3213
-649
386
-1946
-2164
3252
209
-1135
-769
-1435
1500
693
3150
1704
-2161
3248
656
-2016
2255
178
-785
-2048
-46
-105
2430
-1637
-2126
1584
-1659
2142
-988
-860
2903
-2486
-2709
1882
2507
2788
217
-2063
106
1059
-2381
-1611
2873
-1500
168
747
2571
108
-275
-121
-2840
-30
2292
-641
1895
-3216
685
-828
-597
3128
2340
-2887
-1897
-341
-263
1837
-2473
-458
-824
-430
-1792
-1565
2142
977
2480
2551
1179
1275
-148
-2584
-153
-1593
759
-3076
1015
-1149
-1833
282
1873
-2595
1218
-2986
2283
2421
2829
2605
2374
-2685
-2949
2770
-292
981
-323
-2455
-988
-2842
962
-1176
-2851
-2151
-128
-3082
-1487
2513
40
317
-51
2573
-2590
1171
488
-2609
-2929
1523
3079
1836
2387
1559
-376
-1252
-2197
-3057
1100
-762
-1449
-1028
737
468
-1493
-1110
2495
2140
1580
-3130
1012
2408
-1863
248
1444
-329
-395
-643
-2176
-2687
340
-2021
-2025
1590
688
-940
-567
-1422
2399
-971
1558
1885
-1578
1556
2110
-1126
-1437
2929
1702
-2865
3259
-462
-1431
1658
-584
2205
-2790
2067
2106
2964
-553
745
3227
1544
2867
-1060
-1346
-2169
2262
-1471
1467
-2874
209
-1737
-501
-2840
-554
-1177
459
639
-886
-1166
-2127
-735
-1510
2140
-133
1443
1967
-2439
-599
1459
3196
3111
-2051
1644
220
3199
-2312
2295
-2118
2916
2604
-1833
569
-1872
-1746
-1627
-1491
-855
596
-2991
-2978
1790
831
-1345
1077
-2947
2887
1400
3201
-2882
-1592
-311
675
2843
2038
1732
1571
97
1324
-2467
-3023
820
-3160
-2971
138
2555
2714
-2655
-2226
290
-2884
-1151
-1160
615
1200
-3223
284
-906
-511
-18
-470
-3187
956
-641
-2053
-3144
-1385
-2284
-2452
-3099
422
-970
396
1887
2956
-1952
2393
-1248
2913
1912
-275
847
1080
1467
-740
-269
1966
-867
525
-1685
-3146
742
-593
1763
811
40
2704
-1408
2480
-1897
1473
-926
-644
2975
886
-1163
-3180
-2971
1834
-1895
3107
-617
3044
2748
2150
-44
1607
2633
-959
-2544
519
-856
2160
2523
-2959
8
-906
271
1010
777
685
-1250
991
-2981
-1263
2446
2009
-19
-1572
-2120
-2247
589
86
-1059
464
-2342
817
2895
-2090
616
-1123
2022
565
-2802
1503
-2328
-2358
2005
-518
-936
1772
-2866
-2455
2317
-1043
-2322
-700
226
1543
-797
-3251
1267
705
-641
1920
-2434
1335
-728
-3058
-2219
-1424
-91
-2128
1285
1699
-3079
-3106
1564
-158
383
2162
2872
2407
2118
1009
2988
469
-736
-132
2328
2861
-2140
-3026
-1771
2567
3144
-699
-2980
-1798
-1820
-1151
-1715
40
-2163
-1584
2538
-1737
3047
2043
-1510
-1556
-2387
-1232
-143
56
-3188
2863
1660
2409
-260
-1886
894
1805
-2338
-2130
1977
3190
-1751
2067
214
-2434
2249
-1708
-1967
-262
2938
-3142
-354
1426
-2179
577
2795
-214
2706
-1925
808
-1458
-80
-1531
-2909
-1932
-207
892
657
-223
-3067
1309
-249
2041
-2130
-2338
1071
544
-258
1443
-530
-2845
2727
479
-898
-3104
-3201
-70
-1011
2786
681
-2249
1354
-1005
1873
413
1618
1357
2671
-3028
1183
-2481
-1112
3200
-2975
-179
-3118
3038
-3268
626
2062
670
-2243
45
307
2952
2938
1554
-2363
195
-2647
3133
1112
-390
588
-1270
1030
-2564
2712
-1872
1341
-1555
1987
59
865
2600
-988
2777
-2526
-3042
-2312
509
-2398
1674
67
2448
-1844
-1921
-1875
2637
-2879
-2749
-269
2787
-1310
-3
-1487
-535
507
1014
-955
-235
-2690
3163
2673
2644
-2391
-2820
-3133
1415
-1511
-212
-1335
-463
2581
-2925
1139
-1962
-1823
2043
2499
2107
-1748
-2134
-3172
2865
-1452
1893
690
17
-831
-2511
-2614
-882
-3255
-1849
-1517
1876
-909
2856
1638
876
-2323
2612
268
1554
-2967
-2869
1257
-37
1701
1974
-723
1768
2822
-2813
2695
-1994
2636
510
2857
-2005
2880
821
-1917
2983
2373
451
-2322
2515
-1475
2491
-3054
-1700
-1414
2432
-1016
-1161
-2962
2725
-178
1418
1428
3145
-2910
-2483
2480
-1858
1141
-2977
-992
1153
436
-2937
1755
-178
-1456
-2059
-2402
-199
-1946
616
396
-1652
833
1014
-667
-2560
-2057
-2688
2225
-408
3165
3238
-2739
-1968
2047
-2710
-1116
397
-1878
-1786
-1799
-2728
3239
-2781
-2078
183
2351
-2391
-2048
-1148
-2580
27
-1210
-2087
-1751
1222
403
-2267
2627
2437
-2089
-393
-1762
-558
-2345
1608
-2054
-217
1816
1377
-2519
-2374
-1985
-907
-2506
-2145
2956
-461
235
-165
-221
2256
1906
1881
-773
-2181
-1709
-210
-2663
1237
-1766
-375
1623
-298
-1715
2103
-2749
-241
-693
529
872
-1589
-605
-2906
-611
-2836
962
2550
-1943
248
1623
162
-798
840
-1439
-741
2406
1630
1831
-697
-1675
-1938
-1078
-1784
-205
1755
-2244
-2962
-1734
-1229
1647
-2193
-3201
822
-902
-605
-1703
2728
2814
-535
-1047
-1836
-1230
630
-632
1226
286
2556
3229
1460
2228
-306
-2895
1690
2834
-472
421
2313
1487
-2183
848
-1453
753
265
678
-2952
-2015
2091
-1841
-2031
1179
824
651
1141
-1235
2968
-765
-320
1233
-1872
-1606
-526
-274
1964
-1441
-1162
-90
-2948
1840
1172
-1284
2975
-3050
-1869
1308
-401
-3028
454
1999
627
3117
-1280
-2067
-2112
-1845
-2552
3124
-2481
1110
-1511
-829
2958
-399
2155
-3102
-143
-3185
3094
3073
-2838
154
1275
-2859
-505
2067
-1758
2390
-1617
2723
1171
-1780
1909
-1942
2580
-3266
-164
1681
3055
-1573
-2898
-746
-3230
454
2600
3273
149
-1145
3148
-177
1072
-564
2887
-2528
1782
1244
-1649
-354
-2012
1174
1180
912
669
-2052
-3034
-3197
136
-1548
630
2906
1619
515
3013
-199
-1531
-2735
688
-1091
-629
3085
-1279
-539
2097
-2704
2340
-517
-2464
-733
1940
67
884
2158
1666
-2624
640
227
2908
-3015
-1419
462
2023
-920
1936
2784
350
1861
1542
2098
254
538
-508
2013
3054
-958
2720
-397
-3030
143
-1561
165
1529
-2350
-1896
-2685
1872
2423
1261
389
-2622
-2778
-1994
-1628
620
-3002
741
-3181
2865
1814
2109
1021
-1811
2640
2872
1759
30
-3112
2196
3102
-3182
2329
-1902
293
-2766
587
3116
-2952
-2223
31
-917
-1490
1088
-1034
307
-311
-2870
-395
-873
-756
1806
-2811
-32
2942
-2402
-506
401
-2332
-202
2910
1062
1327
-661
-329
3119
-741
2838
768
-2382
2421
1446
-2988
1498
-494
382
-1811
-3118
2522
-1291
-1885
2296
380
-381
658
-2524
-838
-2123
1172
541
-2287
-1756
-3092
2835
3081
-1604
-1350
-2510
1392
352
2048
723
36
1535
2814
-2303
1367
792
2381
1194
3254
-2236
97
900
92
1138
-2110
778
1414
-2481
-2848
337
1651
1494
-1583
2245
-292
2538
1784
1760
307
447
708
3197
2212
-2014
1596
-3239
-2386
-873
-1539
1128
-3157
-10
-3093
-1258
-2682
-1851
-1996
-638
98
1765
-917
2654
86
-2331
1287
-1199
-252
-139
-1602
1004
-2275
-2376
-3218
1991
-216
-886
2727
-480
3113
-889
-2353
293
-267
-2974
2012
1702
-2081
-2725
2774
1870
-235
678
-2825
-3018
2924
3065
-2034
-1784
2591
-635
1141
-1685
2352
2669
-2386
-166
-1970
2969
-3005
1233
338
-1442
1233
1406
-464
2149
2990
-1910
2117
713
1172
-2702
1733
-301
3180
-2219
-2147
905
2269
699
-1993
-2408
-995
2901
2973
2589
-3105
-2309
2488
101
1955
2945
-1647
-2510
-1217
1106
-1413
-2040
-1170
968
-1457
693
1978
-539
-1161
-1179
3123
2809
2989
-669
-1455
1054
2992
-2277
-673
2567
-2947
-2450
-2027
2339
-122
2809
3171
-1859
2455
-94
-688
2176
796
-1074
2044
1834
-2173
-2966
677
2956
1087
-2611
-1820
62
3243
-1739
-2203
-1087
1839
-2504
-2046
1162
-2523
-2217
-2514
-2111
-579
2082
-1510
-7
-1466
-1261
45
1239
-2337
-1941
2120
-16
1226
-2394
-1820
-2487
642
159
2716
-2785
1719
1187
-807
1578
794
1050
1809
374
-190
1219
-314
2760
-311
-367
1109
3210
1234
-46
583
-1263
-2797
2476
1536
-2798
746
1337
1844
2799
-1490
1575
87
-1365
2599
1199
-1782
1221
2196
-66
-308
643
512
-1298
3063
1703
-2087
-3057
2234
1880
1276
-2273
-765
-883
426
566
-1953
1187
-2862
-1944
-1307
-1114
1
3178
2606
1929
1193
886
1515
-1480
1596
-565
-77
-1374
-678
-3184
-2909
506
-727
-1986
510
-103
-1144
-836
2109
2379
-1921
-1381
1853
2189
3
-1365
-54
2998
-294
2477
1346
2503
202
-2635
1923
-307
-2619
-2971
-1406
914
1263
-2341
1430
-2975
-869
-1506
-2624
410
2895
-1383
-2283
-876
-1889
-1979
-76
-650
2118
-2422
2392
2366
-291
-238
611
1022
-2138
-2672
-2518
461
-1604
-1638
1997
-1900
-1921
1585
1525
-1641
-2069
2364
-1693
3032
483
2860
-2974
112
-528
2579
-1180
-409
1746
3071
-379
1712
-538
-2292
-2282
-600
3251
-2305
-994
2933
1662
-2643
-2377
-786
-1533
-678
2244
2315
-2687
391
2382
-875
1529
-284
-264
1385
-1927
-631
-913
-2955
-924
-746
-1675
-1809
-2638
2136
3066
555
196
1287
-885
868
-741
-61
-1899
344
-1264
2977
2222
2795
2869
1842
3054
2504
-968
-501
-2114
-3090
-345
-2840
-1928
1145
-2774
2254
-826
-2409
-496
1079
-1640
-316
-3062
2157
-2144
335
838
3141
2987
-663
769
-593
-730
2025
-2042
-2463
2377
-1208
1414
2345
-411
2933
327
380
1731
1565
-226
-670
-2518
-1891
-1472
664
-2280
-2797
2953
-3115
749
236
3028
-2458
3183
1848
-2632
-1129
645
37
2387
-441
-3017
2663
1322
2421
3099
1501
454
-376
2922
1311
-2777
2141
2311
-1030
1997
2016
1096
-3003
71
-1030
-2743
-290
911
698
313
-2284
-1230
1882
-39
-2398
1950
339
59
73
1419
1050
-1606
-2688
-2886
486
1789
-1885
-2242
-2283
814
449
249
1186
-1177
-162
-705
2497
2962
919
-1778
-270
-1773
1820
2231
754
-3091
936
-686
-2926
-1785
99
-1217
-1554
2561
1259
-2397
1941
2351
-1808
-677
-2186
2473
-3108
-1780
-1206
-242
-2520
-2547
-2978
2220
1006
59
-1891
1843
-596
2936
-504
1540
-2566
1764
-1333
1632
-28
-2713
-291
2203
470
-925
3262
766
-3157
-1838
-1578
1714
-2792
-2665
-1712
-1840
563
-430
816
-84
133
312
-2695
830
1262
-1695
-1564
658
-737
-1343
-404
-1810
86
-998
661
2134
-2754
2985
-1950
2032
-1074
2135
2895
1893
-628
1861
-1373
-547
2567
1371
-1658
-1737
-180
3098
-578
1901
-1298
1184
2912
-2263
3136
-2848
-1353
-2411
-601
-568
-1043
3184
2007
-485
1474
-753
2641
-1578
-2502
2918
1833
2464
464
-1620
1364
-1074
-768
776
-1028
-2315
2927
164
1920
-1872
2459
-1532
-2421
-2861
-1760
231
2184
-388
-144
-1514
-3179
2935
-995
1886
398
227
2305
2876
-208
1519
713
1241
-1283
352
-174
769
-936
1094
1302
-2759
1968
1830
673
1218
2212
-1002
1737
-205
-1951
-2222
-1632
702
-3001
-2587
1936
898
-1424
3010
1626
-1297
-429
41
558
2883
-1164
1392
-1106
3168
150
1925
3252
-2126
-2341
264
-2941
-2195
-424
-1760
1738
-936
-22
-2292
-2923
-3080
-2535
2301
-2363
2840
-1519
665
-1150
2260
1788
1677
3056
2936
2681
-1740
2599
2055
1216
-1915
-2486
-2056
1147
-437
2053
760
2334
2419
-795
3138
836
-637
264
2258
206
294
-2538
-206
-1195
-3094
-2747
655
-3122
-117
-433
-358
-41
-1801
-2901
2805
1181
2629
810
2483
-1632
1370
-39
-617
555
-2809
1625
-2278
2516
-451
-2469
-1326
-2201
-172
-519
188
2194
2860
2355
1957
90
2679
-569
-1689
31
-1763
-3064
2960
1145
3096
-1682
-2721
-2056
861
-458
-2110
-2131
-2344
639
3112
-2497
-3000
148
-161
1753
-2199
-89
-2553
824
2230
-2533
1083
-1737
78
-1015
-1097
2269
3195
-3147
-952
-854
-1238
-525
-2954
-2862
1131
-791
328
1543
-1962
-2417
1500
3185
1306
347
-2952
-1268
-1745
841
2866
1782
-2372
-2453
-446
2053
-237
952
2890
-1721
356
-1607
2526
304
2856
2754
1440
-973
-3053
438
-2896
1076
2515
-3042
-2264
-3132
-2399
-1304
-1688
-1188
2018
130
-1930
-2350
2633
2345
3062
2483
-1731
1577
-2577
2625
-106
937
-1831
2650
2617
-1658
-1346
-2013
-2833
1595
-179
-225
-233
2648
-185
1972
2275
-1537
-485
-3239
-955
659
2554
-2419
270
1817
2610
799
671
-209
-1231
2886
2454
-2712
-87
-1182
-1025
-3028
2189
1326
-6
-184
-2193
-187
3000
-883
2574
998
-430
-689
1402
875
414
-2030
-535
-1917
-2291
-476
3152
-1882
-2400
3096
1297
628
1581
-584
-259
-1039
2965
1873
1094
-3109
-1637
1453
847
1773
518
-550
-43
534
784
-2595
1196
1051
3182
-2369
678
-1219
-1153
789
-885
-1635
680
-999
-1086
-2624
-3226
1388
-1262
-1355
537
-50
1676
674
2553
484
1944
1268
-2159
37
650
663
652
-648
2107
-1498
152
-1108
9
587
-2192
1114
-3120
2931
-1363
-1582
-979
-2355
-1918
2179
2931
2440
-1483
2991
107
-2403
1105
-1894
558
-2264
2242
2818
-3179
-1006
477
-2126
-66
472
-2872
1269
186
3261
-1093
1600
-647
-1005
-281
2121
1878
417
-2309
1430
-221
2821
176
-134
-2402
3265
-2056
-1388
-2361
-3195
2760
2062
-814
1757
1877
-1679
1729
-482
1673
140
789
-124
-548
-62
828
2979
654
-1815
1114
1718
1418
-99
2077
-3150
631
282
-3275
-992
-3188
940
-1806
-934
619
2751
2703
-1368
1460
1363
-2616
-1604
2983
-1064
1763
-2189
493
841
-2117
2535
-1357
-917
336
-925
-2162
2553
-883
-1209
700
-3133
-2985
2379
2448
2843
-2330
-394
1334
-1822
2613
468
-2971
1393
-1687
42
71
-960
3166
2677
-1636
3213
-2419
2874
377
2131
-611
-1150
-1479
3066
-3029
-969
2622
-2695
-2002
2097
-2346
-2482
-588
-1074
-2127
1730
-1557
-1010
-1763
-1009
957
-1527
2653
482
-2790
99
2969
3030
58
380
577
934
2729
-2073
-1769
2822
2783
2785
2992
-2085
-345
2528
1797
-557
-1673
-248
200
-3238
599
-2096
-1153
1731
760
-2064
-1405
-863
-783
310
-2539
-384
3052
-352
246
2539
2246
-848
17
1163
-1691
124
624
1596
-1592
-3136
500
-1911
-99
2206
-2012
-2375
2925
-1625
-1230
-2425
353
2374
-1778
1294
2484
695
1704
246
-1342
2163
-2846
1397
2365
-1562
-1791
-2477
2183
1247
931
1999
2945
-939
3164
19
-1144
812
2568
-2122
2985
-2128
-2702
2138
-2558
1382
2743
2796
3
1034
737
-1337
-922
-1604
3143
-1948
1956
1698
-191
2139
-2016
-2776
-481
-2190
-2684
-2902
2090
3042
-3034
1822
-1155
674
-602
1895
-1792
-911
1835
2868
2414
-1705
-1866
-3203
33
2685
-2245
-217
-2311
2934
-2453
2954
-2438
3065
-901
-1424
-2676
21
-369
-1105
-505
-635
1777
-71
-2504
-765
-1627
-225
-2962
2667
-776
-94
-2949
1758
455
1081
-1947
2609
2931
-300
1621
1804
-2754
988
2397
2868
-2193
1288
1100
-1396
-575
2031
-1397
800
1472
1309
239
-975
883
-1031
-3270
2564
1532
2937
-1219
629
3231
2305
786
1111
-2895
147
618
-1319
-602
-760
-1959
2795
-602
-2117
-309
2140
-705
-2011
1459
2231
1354
1111
470
1874
-783
-232
-421
3096
-2029
608
871
587
-1700
3188
-2861
-523
-1768
-194
-644
1274
-1088
-1663
-2243
-3023
2287
-2307
1270
2995
2427
1841
-2132
2195
1019
-1287
-3090
-1821
-3038
2662
745
-2122
-499
2058
-381
377
-2082
2571
-188
1046
3125
2105
-2022
882
827
2581
2923
2479
2319
31
-341
2281
738
1294
2613
-49
746
3117
-658
-1588
2373
-1217
-914
3074
-1224
-1136
-1480
-2397
-2753
1578
1840
-1939
-611
2182
205
-1494
1237
1118
1749
960
1970
-2634
-124
1322
869
1064
49
2987
-662
2353
-1078
2477
-2357
-2721
2896
1436
236
-192
1220
2473
224
1428
783
2245
-3021
-2201
-2504
2633
-664
295
895
2572
-1797
2518
-1321
60
3139
-2800
-2000
-2995
2704
784
-2284
-1666
-1466
-2845
-3255
-1725
-41
-2767
-2160
-3261
2551
-986
-112
1446
-3116
2871
-146
-1705
980
-1346
681
-640
-1435
2039
-1910
-529
-1903
2064
305
1214
-2599
-2680
-1497
972
-2740
-1262
354
2687
-167
1760
2555
-2819
2656
458
-915
-1578
1434
-3111
2459
-3154
-2987
-2613
827
714
2779
-2981
548
-74
-252
1652
-1591
-3262
2614
-20
-104
929
-64
2492
1579
-1272
27
1783
539
-2555
-154
-1433
3087
-2842
-2331
2181
-2322
2191
-852
2002
447
-2680
-2756
-487
-1021
-1346
3162
889
-1400
1520
-332
136
2090
108
2253
-2795
1744
352
3122
-1078
564
1435
-1669
908
770
340
570
-3062
3092
2430
1781
2144
-1253
-2507
509
754
-1465
2065
-1847
-1691
3013
2544
1728
1060
234
-1521
-426
1819
1579
1267
2401
2811
-1394
-1688
-56
-1760
-294
-2843
-2067
-1064
-2296
2691
-1834
2063
-723
770
149
-1918
1708
409
-3203
318
1449
2714
793
2902
2256
3231
718
-2086
352
1915
2764
-1909
-3213
-2646
576
-1525
-2872
1481
1996
799
-1555
-2519
-2238
353
1128
1484
-522
115
-1350
3023
-1862
-1389
-2668
909
-1196
214
675
-29
-1841
323
-607
55
1161
-2929
-2263
1981
1473
-1421
-2292
424
-2882
569
-1238
-128
1746
2330
633
1726
1870
2238
3108
-205
-532
-2086
1451
-2313
865
-2815
-1143
-2024
-781
-3237
2989
381
2069
2835
2680
-526
-1766
3168
384
-1611
-1047
1642
482
-2913
425
-230
586
-2474
881
2218
2539
376
-260
1458
2434
502
-2673
3094
-913
-507
1546
-484
-1685
2087
-376
-1931
1645
170
-1878
-2365
773
-103
2530
1660
1392
-780
-2947
-996
2141
1551
581
-1811
-1250
-748
-1837
340
-1478
866
-20
-2001
2827
-3071
1268
-2484
2315
855
-597
1135
2217
1903
1847
-924
-1189
3081
-1196
83
-128
-2304
-272
-2695
2435
-110
-1663
984
3188
-3088
-195
400
-817
-3032
1751
-815
-68
-17
-1052
-2604
569
-1219
3268
-3088
-3107
304
-1080
1470
3098
2219
-1179
2016
2947
-1843
-1463
983
720
96
2266
2970
-631
2616
857
2887
-2754
-2659
-143
42
-3236
2832
1825
1599
2646
-2659
-181
-740
-2853
2218
3187
625
3126
1606
3055
61
-734
-1776
-1264
-912
768
-1456
-2312
1867
-293
2947
-2348
2882
-2429
-2611
-2590
691
692
-81
2741
216
-1479
3130
-18
-3142
-1070
2577
363
761
-2501
-1340
-1357
2485
-941
-1542
3
2222
380
1522
2383
-1577
1243
388
-1917
1014
1283
-508
-1936
333
-211
-2996
1256
-1782
-1501
3050
2260
-315
-3239
984
-467
-2291
-2490
-1842
-1416
2190
2951
-2302
201
-2905
-2296
2794
3219
1844
1841
2980
2761
-1492
2995
-1416
-1204
1168
998
2142
383
-1770
-360
-711
606
-961
2733
3191
833
1450
-2923
-996
3062
-2379
1758
2694
-41
-336
-1987
-1512
729
-2044
-1598
1953
-913
-1387
1600
-35
-525
-2546
1066
-2844
1966
882
2773
-2081
-2045
-592
-2306
2268
505
-1274
2036
1743
2710
-2661
2276
357
1542
-1336
1295
-2400
-366
-1084
1060
1744
-142
2021
-1008
867
-1057
2604
1344
1190
1706
-3093
2792
-2896
-1308
3209
-642
2044
2136
1581
-2427
584
219
2846
-1147
1665
2642
1181
-1309
2163
-3071
-241
-958
1759
-2798
2246
373
1168
708
146
2998
-3099
2976
2374
2412
981
2477
3050
3080
1606
-31
-1504
-1602
186
1870
-2202
-3017
-1445
-2574
-2366
-617
3052
-1312
1240
-2420
2622
-1518
2355
-1188
1780
-572
-819
562
-1256
-779
-1502
-2511
1592
-1142
696
-1773
-1343
2650
2842
3169
-207
-1151
2761
582
-2672
2717
-2972
1350
2978
146
2201
-1458
-2784
-635
3046
2864
-179
2913
1297
-230
-1936
600
-1416
1416
-1947
2727
1270
1158
3176
2603
-806
-2689
2237
3232
-2047
-192
209
-334
2762
-569
2615
-2018
1281
-1460
2925
2163
2346
805
-227
1847
-3243
-3119
-2530
-884
-370
-1177
2800
-429
3015
-18
1377
2680
-2871
-2346
-1219
2491
24
-924
-2672
2791
-1271
-1004
3182
-1963
-2416
-2321
-2902
2052
820
-765
-1172
-993
665
1514
-1583
2267
-1917
-1758
-1573
-908
-1340
128
-1128
-713
-2037
-3054
-2251
-534
1419
707
2423
2965
-2266
1770
-741
-736
1563
1001
-1327
1758
-2999
585
3033
1253
-2652
2353
2400
2826
-354
2111
1372
-863
-1407
-2923
-506
323
-86
-2407
724
-188
1447
2646
-1435
2131
376
297
962
2369
1416
3157
-2455
-791
1032
-2013
-1736
-1109
-42
-2961
-1580
1963
-2166
2801
-1235
-1753
1873
-1328
-1041
1652
-2957
-2117
1404
-1287
12
2141
-2739
287
2550
-1514
1907
2087
-743
-726
-2810
2494
-619
-2298
2517
-906
-1985
-1705
87
1641
-838
2121
-800
765
2051
449
-2947
-503
1101
1114
2586
1438
-1294
796
-1888
-3116
2905
-1341
-1308
739
968
-1624
-2188
1770
-1418
-2099
-3015
2792
-132
-2125
2861
1457
647
729
-2166
-1691
622
183
-236
-716
-1044
-572
2055
-1947
988
-579
-2245
3117
-910
652
3273
2170
2466
-707
2515
-1297
-2076
-1302
1516
-1247
-1946
-401
2501
2661
846
-2497
643
1871
243
-106
-1894
-580
2923
1994
1964
-2874
-2746
3005
1382
3027
-3169
-1738
726
1558
-359
1627
2059
-1190
639
-2947
-891
1715
3211
88
2428
-651
1259
1884
-1692
2029
1413
-1516
-65
1060
-1597
-767
620
-249
-327
2155
958
2919
1097
172
1856
2139
-3114
-3107
1090
-1949
2447
-203
125
-657
755
774
1659
299
-1612
2564
1730
1706
-2690
-2404
28
-77
2400
-2645
1960
-379
-1562
304
2961
2042
-2692
-1746
3192
-1643
2755
2431
349
19
-3164
-1806
1524
-1948
1265
-356
-2351
1036
558
-1078
-1041
62
2204
-542
-1742
329
-2988
3111
481
549
-2095
-790
2027
466
-996
187
-3064
1532
-2605
1382
3234
-2257
-767
437
-662
3088
470
1378
-1160
-617
-2408
2286
-891
-1039
311
1237
-219
2512
1185
1477
-2401
-1428
1775
-2375
-579
-2758
-259
-2430
1331
2794
2967
1512
179
1803
1993
666
-2789
3028
274
-2784
-838
-1204
-1454
182
-1440
2827
1742
264
3255
2029
-744
1928
2375
-1490
574
2928
890
196
-849
-417
-787
-354
-164
-2151
-1852
-2998
2486
1254
2477
-306
1722
2994
1080
492
-1996
-830
-444
1410
2089
3162
1543
-471
553
-1614
-2362
-1450
122
-2217
1609
-1963
3238
2559
1929
-2180
-1274
-1824
-2999
-3006
-2019
-824
218
-2016
-1571
429
-1857
-2479
2445
649
1077
-539
-2560
476
1336
2411
2150
-2893
-3079
1268
-564
-2454
3175
-2364
-846
566
862
2037
3043
2831
1808
1462
-969
183
1301
-1101
-1043
2220
-775
2726
185
228
-2002
-340
-171
687
1219
-1263
3055
-1368
466
652
-3117
-430
549
-170
1342
-1580
-727
1901
-1767
2901
2322
139
-1764
-2878
3084
-3002
-1530
-2456
-840
-1399
2427
-521
783
1191
2343
3046
1168
1040
-2749
2451
209
-254
-626
-2444
2330
-2624
-3149
-127
2471
-2703
-2028
-1311
2301
283
1436
-1255
1285
-200
-739
-281
-2325
-2531
-1987
-32
-1636
-3233
-1301
2687
78
124
2836
2114
2960
-2350
-462
1497
1541
-1031
946
1649
-240
1242
995
-168
376
-221
965
-1461
-1180
906
1078
-1263
1529
-514
-3074
2820
-2832
429
-3189
1594
1559
-289
-2124
-43
-1156
2724
-2339
1212
-974
-1223
1541
1933
-1358
42
-2658
2457
-861
2528
1498
-1715
1912
-204
272
2976
2988
1168
1901
2569
-763
-990
-490
-2336
-1820
-1988
-1535
-2249
850
-2967
2614
-1316
-2031
1918
2927
-1706
-3191
464
-1942
-3190
-2766
-1645
-2856
-3253
482
-2399
1725
-3197
813
-2591
1733
-2774
1204
-2138
-1744
-2747
-44
-448
-411
-1008
-963
2645
3075
1030
220
70
-807
-2011
-3208
-309
2068
1417
2672
253
1141
3108
3144
-1882
866
2935
2429
-2086
-2334
1928
1661
-219
-2702
1588
-2330
-737
-1238
2118
-2958
1300
1455
-2805
1944
1905
1552
-834
1850
-787
-2715
-800
-3003
-857
1370
-1794
1057
-1257
239
959
-1439
120
892
1062
-1371
1860
2578
-1036
2054
3150
-386
492
-2283
2580
-976
-1579
1418
2011
1161
-1729
2174
-1847
-11
638
1041
1613
227
-1281
762
-1849
-262
-1123
-1240
1561
-1903
-3174
-2149
894
2722
-953
-1963
1460
-2580
1736
-141
-2925
-1368
-997
889
2204
-110
-2825
1199
782
-2288
2440
-3038
-2313
507
-845
-3244
1383
-1798
-1808
-3233
-1589
-1177
363
-879
-3234
-669
-589
-907
-2190
-36
-1940
3184
-566
-3225
-1282
1795
3062
3098
-1412
-259
-7
-2447
-602
1103
1324
3039
2187
-1192
-599
-634
-1610
662
-412
-2723
-351
-577
1965
-181
240
2762
-1486
999
-2507
-1283
747
-1287
-2693
501
3150
-2615
-2437
825
2077
-3039
3029
1887
835
-3116
-1470
2708
1564
-1535
1537
865
-1263
158
1927
-441
2299
-780
1579
-2252
528
-1855
362
714
1366
-1938
24
1204
-2724
-607
-178
2363
3075
-1284
-1377
-2265
2545
-2710
263
-1625
-1745
62
-2664
-998
1397
-56
1423
-534
-3133
-1626
-1633
-880
1696
-170
-1745
2118
-3057
2187
1507
126
24
-3124
-986
3200
-1317
-1245
-3232
-1158
2251
1097
1867
-1160
-525
1637
-2021
-2893
-2617
-490
929
-1670
-615
1250
248
1894
1520
1848
1641
-2021
1846
-2140
-2348
1729
-2650
3085
2152
-1038
249
2595
2136
2905
1315
1740
1937
403
3240
-2192
831
3045
2828
-2988
140
379
2873
711
143
1016
-1938
2094
-2287
2350
-737
-2530
-2355
426
-210
3121
-2121
-627
3139
738
-414
-1430
-236
2677
-719
-1090
977
-3013
1012
-1432
608
1024
-315
-1635
525
-2217
-2641
-2841
1784
-287
2618
-1835
3238
-2338
-907
-1746
-3180
747
2683
2370
2614
1704
-1191
-1295
729
-68
1217
-1361
543
321
-1584
3108
-632
-2476
-6
-1831
673
-963
2589
2293
1373
556
2436
3181
-929
3084
-1171
-1256
1158
-1450
-2481
-1753
-3016
1938
-3007
559
1961
100
-117
-2169
-2717
-1369
435
-2494
1699
2919
-2309
1329
-1985
3196
1183
960
-1610
-2256
2271
-557
1545
3220
-319
2481
295
1088
-2961
-1171
-2380
-1341
770
-1266
2921
-898
2350
-622
-1985
1195
635
-3262
2541
-2699
2047
610
1744
-2439
794
1093
2334
-3180
2130
-224
-3080
1164
-2708
224
-2670
772
1873
2992
1225
-2685
-1506
3100
2822
2360
-2259
-901
-1120
-1861
1389
1320
-2179
89
-206
2058
1576
2319
1241
1886
-1989
2157
2496
-1909
2928
-2952
-3094
2701
-1210
157
-1036
1362
-342
-127
-521
2137
-220
-1526
2766
-2477
434
808
258
1137
-936
-1981
889
1639
-669
-77
1848
2709
-1187
2013
3172
2404
-2919
1502
-1594
291
-193
-462
-1537
920
-593
-75
-2685
2316
-21
-1704
-1274
-1160
1911
900
-1646
-1405
3106
-1564
1817
1697
1862
-397
2051
636
2292
968
1373
1921
2104
1667
2656
2348
-1804
-1612
1411
1910
1074
-2927
-1525
-1846
2777
-1821
3048
839
-365
-2570
838
725
1921
-382
-2886
2011
-1322
3227
1403
125
-2069
-633
-1391
2001
-837
-2181
-986
-1412
1574
2334
2109
3065
-2125
-2807
1410
-2294
499
1076
-932
2509
-2469
449
117
-3237
3268
-359
2847
2646
677
-471
-2997
1098
-455
-123
-264
2947
2489
2687
2545
-2613
-916
-2269
-2773
1485
-291
1276
2290
-2490
2883
1232
3065
-3269
2882
-1382
-1317
-1747
-646
420
-3229
-1818
1619
-1018
-635
326
766
523
-3007
-2142
235
1424
-2740
-2579
-334
2387
418
2121
-634
-308
505
2023
-459
2856
-3041
2736
-2350
-3091
-1602
-2101
201
-849
-3147
-1576
561
-2330
-797
-3085
2763
1607
-2201
-694
3028
-3222
-681
3221
1513
-150
-3064
-891
1003
1354
496
3101
-1342
-3088
-1604
-2233
-963
3263
252
-3168
-2667
1902
-408
-1673
-746
-2608
2992
-2293
-1302
2159
2071
-505
-1706
2117
-591
-859
530
277
2491
2002
2184
946
2835
-256
1497
2369
1433
-614
-1623
2101
377
-558
-1453
-2323
164
-2337
-843
-214
-2758
1214
-2129
686
-439
9
-1840
2871
1767
-181
2742
973
-1815
565
-1171
-1808
2739
-1391
-530
1008
-297
378
-869
-360
-239
-1619
-1444
-718
-2448
3005
-316
-2925
-2448
-3213
947
-2997
835
-1418
622
-2868
2234
-1730
-138
-534
-96
-3030
1345
-1357
-2151
-2069
-2196
2209
-1718
-517
-842
-1908
-236
1206
-605
-717
-2495
1103
-1137
-296
636
2915
509
3001
-2696
-1510
1063
2517
831
-3198
-1175
-2479
-1464
-2636
493
200
2044
1754
-1007
1993
1333
72
-1802
-302
2320
92
1534
212
-145
-2615
413
-971
-644
-1904
1671
-905
-3104
-181
-905
2865
1233
-1575
-233
-626
-858
-828
1600
-1047
-922
1792
-2003
1827
1368
766
-901
2743
-485
-1117
-3205
-3236
2305
-290
2787
1821
2315
997
-1176
314
-2628
-2667
2806
-3275
-1045
649
-3165
1684
-738
2743
-1033
1179
-678
2128
1630
2752
-1161
2315
2634
1361
-1888
2988
-751
2363
-3213
2397
-1817
1552
-1105
1809
430
1019
1918
-1312
1265
2434
3079
-823
3131
-76
-941
1156
-2176
3211
-1403
-629
-1895
27
-227
1515
1093
2052
-26
77
-1403
-1964
-1174
1289
1610
498
-2718
-1085
3130
353
-310
2108
-2767
1233
1409
-1579
-1919
-823
19
1591
172
845
1278
-2439
-46
-1473
-2382
1785
-1377
-2072
-485
310
-422
-3070
-1018
-3061
-2692
3033
2544
-899
-1168
2601
-554
948
-3007
1379
-2921
1001
667
3125
1332
1492
2163
1782
-2839
-3097
-616
1892
1208
1943
-3274
2330
-1476
-3250
864
1537
-2553
3093
865
-1657
1598
-27
-2289
-2066
3260
-2571
-731
-315
-1286
2260
-1314
1570
-1752
142
-69
2028
2685
-580
2486
-3189
-678
1976
-628
-477
382
-2578
1451
1395
-1394
2986
-3213
-1415
-162
-421
1816
-2729
-336
-2462
-1053
-1256
-741
807
950
-15
108
-3204
2794
-1105
-1240
-936
-1344
1777
2288
-2168
-1858
-2862
-2003
-224
1760
453
3058
-888
2970
205
2644
-2124
-2465
1888
-2761
-1916
1493
-1351
1007
238
-2040
2094
5
476
-1800
-1185
-3234
-2966
1996
1112
2214
1609
-1881
-13
1085
1104
118
230
-2138
2977
1468
2337
1550
2980
1221
155
1474
2662
-438
-1159
213
2163
-981
2549
-2124
3102
3091
2937
-1836
2036
1377
-925
3041
-1519
-2964
2195
-2384
-2248
-683
-2010
-629
-140
-1131
-375
1557
3080
-721
-1959
1157
1499
-2142
-2015
-175
-1436
-1734
1689
2239
1224
214
-397
3141
-1500
-2979
2586
33
1591
2047
2950
-191
1265
-1335
-2072
3130
-226
-2327
-1657
-311
522
-231
-391
-2113
2477
-1353
-864
-2930
1818
-71
-1628
-1358
1736
-1230
1176
-1407
2851
2804
-1490
596
243
2798
-1646
-512
-24
-1005
-973
2729
-1501
2462
2189
2221
1536
1477
-2262
2443
-1751
123
352
-3073
2604
-2312
-812
3029
-3204
3121
-1408
3174
2713
-1571
-730
3143
-260
1470
-2713
-1562
-316
2575
-786
-3234
696
2486
-2069
-2968
-207
-537
-1441
803
84
-1367
-706
-70
2472
875
717
-892
-895
-2517
590
1461
125
-1516
2342
-149
210
-1868
-2970
-1716
762
861
2349
-2938
-883
-3131
-2862
-1011
1033
2176
-1176
-201
66
-1146
1709
2059
-2340
-1794
2490
3010
-1103
-1296
2920
-113
-664
2752
-2417
3193
366
-2513
1961
617
2966
791
343
-1471
3148
-2209
-2292
-397
-1536
-1753
2446
324
2248
-568
2298
-151
2933
1545
2322
2610
-3119
2270
-395
-1760
-2384
2563
-1342
-3270
-2206
-1505
2677
-1064
1981
2211
-83
-2490
-86
1468
-3138
-1235
2442
1399
1342
227
-2218
-2525
1866
-2690
2473
-3093
-2348
1217
2424
3063
854
759
692
-1853
-2826
-3099
2123
1125
2139
-1657
539
-36
-707
-2219
2648
2306
1364
448
1692
-3263
1128
2484
1325
-2680
1177
-1139
2085
-2681
1698
1335
-1771
-3105
2277
328
-3117
-54
2930
2050
2394
964
-2477
-1507
2907
1126
1879
-440
1081
28
-1115
-1
2472
-343
1345
-393
745
1686
-2777
1252
792
3035
-2373
-1727
-2588
-1447
1151
-2019
-3186
-132
1520
1425
-1836
-2334
1520
-2128
-1182
-211
1611
-2447
803
-311
991
-2222
1049
-1968
756
-2241
-2123
-1860
2808
217
-1825
1940
1570
1659
-182
-2426
-2228
2176
-3276
549
-3233
1860
2778
1164
-1310
-1655
2234
-1807
3079
2325
219
2619
2495
-2802
-1667
3141
-1194
1216
-1722
776
-1845
-481
2695
3042
-993
2680
-3098
-784
2714
-1190
-787
-2913
-509
2037
-1061
2678
1783
-1948
-1226
-1146
1364
-558
-2922
1241
3051
418
-2215
2745
1005
2142
-757
-1320
639
-634
1525
-3064
-1374
-2390
-699
-990
525
1841
-2410
-3254
-807
1310
728
-2851
-572
-383
1096
-1254
-565
-786
317
-3031
3168
2181
-2058
773
2732
-2969
2776
-353
-1797
1437
-3125
-2800
-2494
-2103
-2773
-2243
-1062
619
-1433
-540
1890
2804
2316
-1857
-1836
-1360
-1505
-56
1491
678
-964
2197
-205
-2342
-2429
858
435
-2466
864
3196
-417
257
-1913
-882
1604
-2254
-438
182
1306
1913
-3092
-1368
2250
516
-1580
1489
-2241
2207
1086
2479
2474
325
-2234
-2515
-2532
-1210
-3272
-920
1885
1088
1647
842
1073
-1696
-2563
3009
321
-2257
3150
-2167
-2138
-3030
-44
-1290
967
2695
-2832
-1570
436
-1130
192
-1566
1819
76
-1828
1492
1823
1693
-1759
-1234
1212
-188
-635
-2902
1436
-2860
-1563
-2734
1017
1121
-460
1052
1887
2561
-1128
-454
-346
588
-1974
-1038
-693
267
-1548
-1101
2549
-2901
3252
-1337
-2878
-2470
894
-2327
-2426
2268
-3016
1164
-1488
3041
-3084
-3030
3037
2014
-2559
-2790
-2568
1372
-191
541
-2149
-3186
-376
961
-299
2472
-1882
-1127
2499
-400
-24
3055
1412
1731
-3221
3174
786
-2164
1086
1061
1273
-177
-962
2462
2425
-2918
1528
-2140
-589
139
502
1695
-2270
-74
-1097
765
-2215
-1761
233
-2107
1613
1933
2165
-2088
-1850
2135
-451
197
2246
804
-3240
2299
105
-3200
-2959
-2430
1345
2091
-650
-442
-249
-1562
2605
-1814
-2019
-1770
-343
2115
-841
-2610
-3221
-1821
-2989
-2470
2486
1882
1059
-2321
-724
-1839
-1031
2769
-1514
-1094
2475
-2421
2564
-1567
-2534
1113
1946
-2463
2738
-261
1757
-1716
-1746
-1155
-374
-2536
1457
-2103
2501
-2814
1213
-645
-2503
-1143
3101
3033
-1588
2153
2876
1384
447
-3254
89
-1363
-1285
-2830
-327
226
-1834
2248
628
2384
2655
5
1322
915
2631
2843
576
3069
1884
-551
865
1954
1713
-2105
-1002
2551
-1624
-520
1461
-1878
-2151
-2052
1378
-2662
-2006
-2886
1908
1264
2895
-2268
-2133
1965
601
-106
-3007
-1933
-389
2555
-2453
3128
1079
-1401
1719
-1697
-2157
-305
-834
2505
251
-2936
-2557
1623
2833
868
953
3130
1545
1832
2510
589
1740
62
-556
-2339
-1606
-267
2312
-1286
3234
388
-3115
222
-2431
-2709
2216
3104
2952
-896
-1801
1791
2988
723
941
667
1492
-2005
259
3233
-3029
-650
-2506
-2028
544
433
-863
-519
-855
1604
-2137
-2078
1082
3218
363
-1051
-142
812
832
2274
1606
660
-3126
-1673
-2575
1958
-3137
-774
2344
1739
-3175
2100
-2731
-1228
-384
-1801
-2549
-2225
-2265
1574
-1050
1658
1519
2480
2204
-824
-1698
25
-378
-1349
2012
2122
2969
1772
-2324
-905
2421
-2832
1447
-1052
-2983
-158
-1853
-2302
3042
1543
3090
2799
-2097
547
-1572
-1091
-1136
-2512
-2089
-1335
1297
107
-1248
-1213
-1151
2769
-2915
-95
2680
-1181
2931
261
732
340
828
1363
405
1449
-832
801
1620
2367
2194
1197
1019
3148
1071
853
-1171
2822
824
-1010
1930
-2712
-1854
689
2644
1898
1871
647
418
-1991
1351
516
-992
2777
2606
-102
-739
-1400
-1750
142
-678
-2965
2867
-1885
635
-306
1603
-993
-1858
-2651
544
-692
-2627
2639
-1967
-2355
1378
1443
2415
-628
-3206
402
-3192
-411
-3237
1329
-1181
-57
-2940
3242
-3166
1826
-1092
1989
955
-611
2104
381
-1870
-571
-2652
2238
849
2674
2051
543
-2318
889
-1227
-1517
-2113
-1815
2950
-19
-3016
576
2767
-1135
-472
-3147
-100
-2035
-2035
-435
-820
803
-1233
368
2358
-2322
985
-3128
59
2162
1533
2662
-1205
-1240
328
-298
2435
-67
177
-2709
510
2483
3168
2979
-3232
-2517
724
1221
-148
-2224
-2789
1227
-618
-1205
-1267
926
2944
-611
-871
246
159
2972
-1489
447
-384
2253
-2256
826
-1010
2236
1499
3040
648
1608
1763
1459
1507
-776
-1964
1696
-1352
1238
833
2959
2096
-421
-1561
1447
-1796
1753
-1953
1433
-2796
1218
2067
1966
2688
2257
1590
2682
-2057
2968
2677
-2818
-1752
-2594
-2855
-1229
1408
944
1984
184
-1533
2154
-1353
3052
223
134
3184
1828
2968
-792
2816
2986
-475
-3015
-1888
-1527
-519
711
-2480
-652
1348
1708
60
-136
1870
2701
-2019
-1393
3235
991
-3064
-2930
-1015
-3154
-49
-1366
1565
1004
-218
-83
-2357
1459
2203
-999
1981
-455
1650
-2988
2673
2330
-3173
440
-913
-672
2374
1039
-1471
-2410
-2234
-2294
1383
-847
1988
2187
2484
-2361
-625
-441
2488
-1888
2475
-1230
-3181
338
618
1113
-1333
2215
-2069
-357
366
1325
2371
-508
-903
-1114
2063
-587
2603
-2525
959
-181
2855
1353
-1184
3092
-1463
2044
-331
-41
23
-1250
-501
2305
2001
2801
-527
-926
362
-510
1892
2365
-1654
-2152
-1755
2370
599
1046
2071
-1248
147
-2243
-2870
-1524
-1263
1837
-2358
-2937
197
1145
73
-1100
-902
1149
855
-1404
-2225
-167
-455
-251
283
1318
2240
-1329
-1036
-802
1446
1687
-2507
672
1012
-332
1002
1455
-2465
2535
-589
-668
3264
-1333
-1574
-1498
933
-1239
-1546
1745
-2888
-625
-1449
-2054
-188
-3008
2016
-1504
160
-1875
310
1345
1910
-2407
151
-922
234
1345
653
-101
-3178
2981
2215
-370
3214
517
-1304
2921
-833
754
1769
1594
657
2363
-1300
-680
-2313
-659
-2761
-1942
1781
-3074
-3038
711
3225
3178
-2195
-2099
-1142
1860
134
1889
510
2713
296
1138
3235
-1671
-734
-1748
117
1635
-2207
1346
1249
-764
-1453
-29
1337
-668
-875
1045
-1168
-3205
-2769
-2506
-2929
-2380
794
1257
796
-713
2823
-48
1499
-435
-1510
-2729
-252
3072
791
2182
814
-2384
166
-1260
3173
-2701
2292
1849
-1859
3229
2410
2670
-2553
2894
771
-1013
-164
3099
1561
-230
516
-659
1621
-812
-607
-681
-425
2880
2539
-2386
-545
2541
1115
41
-809
892
2468
792
639
2419
-1782
921
790
-629
2782
-1613
-33
1690
-1395
2882
-1439
-415
-3207
-523
-3055
551
3134
2580
2968
1515
-2164
3222
2732
860
-238
-1178
-2627
2278
-2513
1044
-1339
-1034
-2015
638
-2450
-1730
-3021
-837
767
-2310
-790
-1069
-1030
-761
-2232
-379
-1181
-964
-1747
341
-1720
-3185
-1171
-1330
-1324
-1858
-2899
2792
-103
-1491
-376
-646
-2791
2227
-1279
1147
840
-178
-2002
292
-1668
-642
3197
-1951
3120
1613
-358
-934
2485
919
937
2091
-1082
-2203
2251
1399
-2808
585
1821
2893
2302
2522
-514
-716
-2792
397
1608
-617
-2657
-1208
2466
290
-3069
-165
-1577
3238
-869
866
172
1277
2347
-3179
-2017
3157
3185
2929
-686
2975
1756
404
-1614
-721
-1214
-1762
-1662
1540
528
-3275
2825
-95
-423
-994
-3131
2426
2545
-2950
2626
1957
-534
1243
-1780
391
-11
-896
1102
1555
-1008
-64
332
1605
-998
-3212
111
2154
-214
-670
770
636
-1856
-2490
-1273
-2425
2052
-2992
-3017
-735
1248
-2998
2895
2757
478
-883
-3080
2577
744
-159
-930
-2649
2874
-538
-958
1563
3070
1101
1032
2437
218
1248
-2835
349
2418
-1299
-2590
2408
-1101
1060
67
-1678
278
2898
2838
-1839
3249
-2155
835
-854
-1650
473
-1337
3122
-3215
-1749
1997
-979
389
-959
-930
-158
-1773
2314
-3029
2492
-551
-2283
-2791
-469
-2757
1829
-2425
-1454
-3273
-737
774
-212
-426
159
-1204
1383
2201
2202
-244
-1836
1016
-3004
2964
1700
724
-1741
1737
-738
-1808
1061
3272
1198
-1029
-728
-2780
2183
2840
1503
-2046
-3117
2684
2334
2774
-2059
682
