5509
29972
20016
-12619
-886
28097
-369
24584
9741
16484
20177
-28751
-2652
-22453
24854
13982
993
576
-20064
29139
-20337
15535
-26443
28660
259
-23026
-30124
-20044
2491
-30263
-11338
8785
-18302
940
-32101
32140
-5514
-31253
9856
-15327
31782
-26481
-19578
-31851
19183
19874
-13402
19204
8215
-4599
9190
5469
30283
-5236
11304
-23630
-25098
26795
-17957
-7850
31930
-9858
26487
5411
13961
23029
1867
-32427
27443
4980
185
16020
-25133
11644
16561
-30081
6146
18809
-25884
-23125
-9688
-26242
-4819
12455
-795
5998
17286
-29884
30387
10656
-13745
-31961
19709
-8752
9363
8007
-3672
-3412
31350
-31092
-19329
19673
23488
-18652
20331
-32749
9698
-14376
-31029
-829
7378
-11832
-12495
-27100
-1378
-16757
-30441
5996
-708
32643
-936
5734
-32372
-9992
-16488
-31870
28240
32636
-20274
18451
-23224
31716
2518
11286
-27797
-21876
23091
2968
-18275
-2476
28228
32593
-31674
1757
