-3205
-1296
-2222
-3105
213
-2514
-561
2641
-2814
2967
-2843
-2587
2287
1939
785
343
826
391
-1772
2405
2336
-860
2838
-2345
-2590
-2843
-171
-504
3036
1516
-1384
-1259
1722
-2627
-1332
-3040
-1145
-3236
-1055
-915
456
-2632
-354
-1714
2078
1420
1236
-1036
2884
-864
2321
-1897
-164
2441
1783
-393
-1483
-1813
154
-2675
-2798
-1492
366
528
104
-408
1397
-891
-3267
2690
-2239
-1070
1157
482
2789
1187
-1606
1616
1925
-696
-1094
293
-369
-841
1503
73
-2765
1086
-1757
2717
-2928
-2523
3046
2977
582
-1031
-2435
-1124
-1195
-1930
-2454
-2799
1793
1172
-2691
1397
-1766
-2992
-631
-2214
-1431
3064
454
-192
1386
1977
1951
1848
-874
-2551
-2709
-2340
-564
2172
-2594
1322
2683
2146
-1414
2054
393
-541
-642
366
2710
2094
-449
-606
351
842
-1517
1817
-215
317
2838
-2317
-2610
3269
1844
-1528
271
-1503
1619
-1182
-744
-682
1366
-669
2623
3170
-254
2327
3216
239
-467
-2998
383
1220
682
74
-1435
-477
1604
-694
538
-2384
411
2388
-2216
-921
505
-961
-365
-1871
-1959
-2073
-275
1621
-1803
1511
2613
-2656
1350
-442
1421
-3229
392
-789
2203
1828
501
-2451
896
-232
-277
-134
-2729
-529
2418
65
-3036
-195
1230
3097
-2170
-1840
-2452
3131
1896
1260
1074
-936
3065
-285
197
-1960
3159
1964
350
822
1726
-1969
1620
-1283
1594
-2934
-883
-1248
1048
3178
-3119
149
2639
-201
-3238
523
2188
-464
-3170
-1270
-1725
-2562
32
332
-360
-2607
-476
1610
2344
-2901
3219
-2269
3017
-3182
1355
-2577
2814
-3010
-2878
1195
-2931
739
-1033
-1721
2062
371
-2952
2254
2376
1760
-947
1474
-1334
-2675
-3197
945
-2985
-1430
2178
667
-2157
-3258
-1150
1261
1423
-563
2452
2156
1245
1183
698
616
-3074
2562
2279
3244
-318
2547
228
-3171
-2294
2466
-2331
-2419
3119
33
1437
-3077
3258
432
-1922
2276
-3269
-2828
2671
2200
-141
523
-933
291
2916
2128
-534
1396
-1296
-2802
-2476
782
-3100
-1122
285
1164
708
1685
-1391
-2590
2564
-1933
2413
2191
2305
-2740
757
2948
200
2357
734
3221
1495
2107
-2948
-2463
-1065
2066
273
3160
2626
2824
-1817
3122
-2863
1007
-919
2745
581
-1406
-2913
-2979
-2202
-1840
-496
1929
2195
-2701
1706
-1226
3037
-126
2605
-1203
-1292
-1649
753
3003
-2666
-3035
-1283
-1363
2396
65
2975
76
1154
2943
-1563
306
2150
-2639
318
2755
2896
-1768
1779
-1135
-322
3033
-2774
2427
1989
-1369
2842
2011
1736
2715
-1568
773
2590
603
-2836
1727
-2331
-2578
-1696
-2993
-677
-154
-407
783
1670
-176
-355
2463
-1943
2706
-1948
1838
-251
-1717
2213
219
2212
-1804
1567
-2766
2068
1952
801
-2736
141
446
2839
2754
1589
1486
1178
1746
-367
2820
-2832
-2659
1924
-1496
1276
-2264
-1734
1248
-2305
946
-773
-2254
-1299
766
-623
-814
-3141
-2214
1148
-875
1048
1152
-641
-1483
2659
1910
-1161
1928
-391
1411
-248
2607
815
-2542
113
986
40
-405
-861
1498
-1090
1958
2520
3084
1606
-193
1192
-154
2330
-2293
-725
135
-2359
-1818
-2422
2917
-1556
743
-1532
2818
1367
-668
-2839
-2635
-1737
2430
1619
-1573
2464
2113
2447
-15
-2944
1109
1267
2926
-3047
536
1150
2908
-3109
-2172
247
-2175
-2490
-1156
1389
-707
-2998
1920
2276
-2624
1215
-1977
1261
-2900
761
-1306
-981
1194
3157
1975
1396
-1126
-646
-2865
18
-1454
1128
-241
-559
1209
1163
307
-3078
-1120
-1463
171
2356
-2069
-912
-3155
-2603
2956
-919
1131
920
469
1882
-190
-1130
-759
2170
-2176
-1377
-2531
-2981
-1582
-2100
-2151
-171
84
2684
2277
-2916
-3006
-2513
632
-3013
-2949
-172
-2912
-275
-2025
-2829
-669
329
356
-2618
-538
-1609
171
634
-1525
-2923
-662
347
2995
-2745
888
-1518
-440
-859
-2447
-1048
-1581
-1540
-3030
97
191
-305
-2766
-1324
2940
3084
-738
-2003
82
909
-1911
518
-976
571
-3223
-3229
1567
-2203
637
-2914
-2509
639
-1694
3077
-776
806
129
-210
-1247
-1129
1795
820
-2211
440
-2068
-1441
1082
961
-2348
-1358
1536
1800
-1809
1453
297
-2179
1260
-86
-2619
2079
408
1544
1924
2231
792
-1162
-2173
1177
-153
-1757
2501
3169
-2934
1278
1023
2333
893
-1869
1862
510
-386
-893
1438
1669
3161
1337
2941
-436
-2005
-120
-3216
2440
-184
1967
-928
-2417
629
2823
-2592
2331
-1523
-2792
-212
-1259
-1095
-2587
-2504
929
-1144
-2987
-1599
-2074
2406
-3256
3090
374
-499
-1048
-1070
-216
-1500
1971
-2981
1007
2207
1830
3024
811
-2667
-3237
-624
-779
-3214
-2582
1432
-2993
3070
2659
2617
-2602
1372
2279
-549
2889
785
2429
-1242
721
-2876
-1677
-43
-1309
970
-286
2519
2686
2778
-259
-1955
-344
3201
-489
-1728
-190
-483
1958
2252
-2395
2604
-879
-214
-1139
-2902
3024
-2744
-1516
-490
-354
1315
-1806
-302
-1559
-33
646
-1812
-1774
556
-2096
1944
-2349
-2437
-2819
-1460
-1387
1795
791
2434
1707
-1826
2420
-637
1026
-27
-130
37
2046
3158
-1685
-3213
404
847
-2969
-676
-2316
-2180
2633
1517
-2375
2515
-532
2108
-1946
-724
1404
-1122
-2361
2928
-1258
9172
4703
5086
-1969
5258
4323
5025
910
7287
2384
-1554
-41
227
493
1794
-149
5469
-1983
4016
2441
8735
-634
1429
-988
-1495
1111
2531
1934
394
1854
2766
2608
-2662
8427
15902
7488
6292
2480
21146
-14488
7484
161
-7840
1762
-2496
-474
-2437
2022
-3622
-5190
20615
-584
720
11156
7144
7707
-6906
5611
-4320
-3968
-5080
5751
-1416
-6
-458
3924
5471
-3287
10894
2284
11944
-5136
917
-1239
-9882
3613
-2220
-3421
-3373
-3603
-1204
-6845
13916
-6632
-1450
1113
3236
6282
-5961
10756
-5041
-5018
-1710
4274
-401
-3348
-251
5086
14022
1443
1529
959
7224
-5127
556
3761
1816
475
-783
-1358
-955
-1792
1839
-6457
4980
-3145
3928
1989
2686
1399
-625
4046
-1298
-4414
-2678
-185
1233
3598
-3218
14803
13804
8280
11202
7432
19713
-11430
7847
1221
-13965
7015
-2797
-3250
-4011
6099
-7192
-7554
21029
-5245
-289
6845
9415
12324
-15980
3093
-8764
-6870
-7014
5791
-1704
4725
-2770
11555
12215
2582
-1308
3996
19391
-13859
5933
270
-8866
3800
-1338
-4039
-3323
9048
-7352
-10988
16138
497
1112
7216
5328
9566
-11454
6407
-7091
-4332
-4776
-321
-1436
1987
3268
6097
18813
-1603
10539
6548
18963
-6198
9520
1190
-16053
1357
-3448
-7696
-3115
-3269
-1319
-10776
18013
-5265
-208
8115
7956
6048
-6989
9271
-5608
-4044
-3083
4639
-1780
-1507
-416
11590
15646
2415
1678
6007
24177
-18239
-3908
5959
-12050
6627
-4155
-8568
-9999
-696
-2571
-12263
20347
-3900
5965
3455
5912
18545
-10773
15251
-5912
-6752
-5539
-1927
9119
3870
-4806
4112
6997
4724
455
1853
12974
-10037
-905
4897
-9609
12105
-2676
-3143
-4241
5721
-3816
-6616
10696
-4985
-517
2493
4555
15814
-10663
8490
-6419
-4480
-3637
1267
-959
