602
1769
1347
2360
1150
-2836
-1485
2324
-1953
-2505
-763
1565
213
-372
2733
1026
-1519
-1046
870
-2747
2127
-925
3122
766
1520
-2839
-407
3032
-2094
-1945
-759
2689
233
-1032
2665
1344
-78
-2635
-3175
2161
-1827
-2146
-2896
528
3157
-2456
2441
2666
596
-2467
1148
-620
1656
-2210
2704
-1891
-3153
1021
-2702
-1222
1444
-392
-89
-106
-2134
1523
-1253
3142
-2592
1989
-1696
2272
2473
414
-2346
1243
-2758
-3236
-1143
237
-1940
442
933
-1748
2591
-781
2033
1170
687
1602
-772
2237
1057
-2778
2524
-245
399
931
-1997
804
-801
-1124
3136
3086
-209
1999
2682
-2475
3128
1655
-515
-635
-1156
-573
1883
-1617
2500
-1233
-1481
-1491
3165
2732
-651
583
1343
-1278
556
1111
1650
1533
-2632
2744
-1125
-2829
-2821
3098
-2899
978
1580
311
-2929
-2958
-208
1973
2757
1197
2950
-2743
204
861
2391
1629
-2068
2024
2290
3191
989
-874
1926
-397
-1567
-1242
-753
2306
-1415
-1110
1467
653
1762
868
2591
-2373
-1564
3145
1941
57
-2015
3235
-1722
-558
-1917
-908
908
901
853
398
101
-2376
1038
-2619
2145
-2313
-1052
-971
-827
-385
-2861
-2584
587
-1006
120
-2101
2545
987
1058
3056
-767
-2052
2575
220
1420
2578
-1721
3023
-906
1079
-501
-1842
-2405
2366
440
63
-1345
-2955
-1915
-498
2341
-159
-857
-2562
1674
1355
-3208
209
-2692
-375
1832
-834
-120
2561
-573
549
-1584
-2154
2776
2749
665
-2129
3257
2085
153
2705
-2662
-2294
3068
1273
902
2042
728
1838
2802
568
-2562
220
-1583
2560
1817
929
-2584
1427
-171
2405
782
1006
2185
-554
-2910
747
1959
382
-1180
2145
725
2491
1234
2759
-1790
-2605
-2120
-122
-1706
-2909
-1286
-1012
-616
-1541
-504
930
-1600
-1635
-2679
-466
-258
-2683
3255
-1751
-566
-532
176
-2791
1601
1746
-2659
-1971
-1058
3203
-2415
1486
778
1457
-2853
1457
65
-1902
-3069
-1839
-1592
-667
3108
-975
1659
1248
-735
1333
-681
959
2668
-1282
636
2243
-202
511
217
-1197
957
2050
307
-2401
-1699
329
-1611
-2093
678
2687
1387
-1323
820
1536
1415
-963
583
-866
1979
3128
-2206
-596
261
-1355
-2878
284
1309
-505
2098
-225
2878
1281
-630
337
3109
2931
152
852
-2886
-1356
2606
3003
-3062
2144
2615
-1734
-1033
262
997
-844
2915
1158
2061
-1750
-1150
991
-2831
1627
-154
3083
2768
-452
1817
-3081
-1662
3263
-62
-1898
-1537
-2865
-1554
-3143
-1503
635
-3156
1258
2101
1324
2922
799
627
-1708
2410
1877
-3078
1677
1866
2830
-1560
2408
-2841
1597
-1148
-3
-1074
-1392
2868
-772
142
3188
-1610
1022
-332
776
-3155
1040
369
-731
1886
1057
-2260
-1649
-2358
-3110
-1048
-2989
-2058
1843
1539
1185
474
-317
1268
-175
-619
-3017
-3194
-2637
-2044
1780
-1224
-2528
-1389
-1651
174
-497
-2677
31
-2577
1052
-534
2357
530
598
-1761
-525
-667
-2017
1027
715
1783
2867
-1626
-2431
-2356
-1055
1614
-289
-2495
-731
555
-1303
-3213
-2434
-2208
-2760
-542
-2341
2987
-3074
262
-95
-1319
-367
-1782
1739
649
-2677
2969
-2424
-1288
-2191
1724
-2376
-1598
-3153
1873
2261
1483
2523
2654
1239
-2142
-2225
-2338
3126
-47
-300
-2144
1038
35
1822
-148
-895
752
-504
1749
2508
-1144
-1819
1575
138
-1408
-1179
-2963
-1537
-238
2302
1054
-3158
-1659
1337
-1414
-1112
-2457
-2501
-521
701
105
-1705
2726
2716
2573
3155
2168
535
-2568
2821
-1480
-2818
-1981
3066
-150
1968
2697
1
3099
2429
262
-2405
-3108
2135
3040
-1032
-696
-1373
-1669
2118
-935
-1780
2586
-978
-1253
-2517
-1461
-792
1621
-1999
-971
-380
-35
-2453
727
-3021
-1311
2960
187
723
-2588
53
-1587
1355
2054
2645
-332
-2711
-1742
-2167
-1703
2439
2923
-3210
274
-1715
-2391
-2163
3046
3082
-2914
2727
-1908
424
-832
-1187
-2210
3033
-461
991
1862
3104
-1822
-1175
-637
686
-2800
413
2138
2671
-1120
-887
1665
2232
3224
-1723
422
-366
316
-2693
2368
-3125
-3185
-140
-2459
295
927
-2474
851
-2025
-475
2478
1332
2274
3121
-2462
2210
1770
1096
534
1443
-956
1970
-2472
-2535
2770
-236
-1503
-2808
1011
113
-2706
2114
2233
-1684
-3200
-2070
-27
581
1187
-3023
-1477
-1987
1034
725
671
651
-1292
3105
2019
-1132
1429
-454
2577
1244
1700
-2685
-258
-1066
-1662
-657
-2505
-32
2899
2337
2590
397
495
324
-1246
732
2356
2428
-87
3052
-21
-389
1609
-1383
-73
732
-1758
-188
2945
2010
-1553
-2422
674
2383
2164
103
-435
-1513
2221
2659
-881
0
1556
2976
-398
-2232
1826
1970
-1216
-348
2912
-1240
3019
2347
1204
570
1228
-1761
-2537
1643
2358
152
-23
-1910
-1744
2014
829
888
2976
-1243
3016
1092
-97
-1944
-1406
-2997
-2487
1257
1797
903
-359
2521
-2440
-3074
-1924
-1574
1267
3232
-1275
-1453
87
2015
3007
-2895
2162
-2250
327
2613
-1250
1483
2403
-1069
153
1198
2513
2950
-922
-876
-100
-2790
-3113
2926
-3082
2019
2980
60
988
3051
2901
524
1288
-2
-340
-2425
-849
922
-2470
-2213
-2978
1641
1341
2463
1953
3092
1290
-2143
1326
1887
-2843
-2765
-184
2303
-1260
3026
-97
1451
1005
2591
2560
1094
-13
2819
-1114
2766
717
3166
3055
-1867
1732
-2342
-536
-2174
-1252
2409
103
-2725
-3162
565
3261
-296
-2970
-2521
1869
-2185
386
914
198
-453
-2732
-542
1391
18
-146
1775
1203
799
-2754
-1607
-110
884
-2912
-153
430
-2807
-964
-2331
298
2019
320
1743
416
-1648
2583
111
877
-796
2908
-58
-103
672
-1603
3232
739
2024
-1405
2898
929
-2904
-2788
1669
-2965
2228
3198
1276
-1161
3186
945
-451
1215
2060
3248
1250
-1887
-256
-2832
-561
5
191
2554
-1061
-1248
-1715
3030
2420
2743
-1125
-1841
-2997
-3033
2282
2190
-2256
1669
-2939
-3023
-172
350
-253
-1980
-3023
-1847
719
471
2505
-1385
-1356
-557
3012
2682
977
-1399
-604
241
-1062
-3145
2050
2867
106
1617
-1789
-1854
-626
-2153
271
-1658
-428
946
-2678
94
797
-2439
-2335
-152
-3088
1491
2355
-578
-1687
-1172
504
1586
-2612
-2215
1100
1085
-1019
-669
2705
-2351
353
2474
-2889
1213
2227
-2943
2015
299
-782
-2993
-2856
280
994
-527
-1179
-2136
1562
2365
2759
845
1016
836
-1033
1794
-885
-1944
-2465
545
-2168
-2512
2814
1729
-560
950
-1362
-1641
-1310
2061
233
1959
3047
1956
129
2379
1839
-2788
195
474
1307
137
-303
2010
707
1686
1878
324
-1933
2499
-2670
2499
-2970
2964
-3106
2080
-3111
-1525
2669
-1790
607
1496
-2488
2336
-2626
2175
1352
-763
-1613
449
1540
2138
2770
-395
831
1843
1351
-2364
550
-108
2076
-2572
-367
1148
-2263
-947
1581
-2952
607
2533
-1934
930
-718
-56
-593
-2296
1384
1223
794
2588
-2929
-2542
-1184
1710
-218
2743
-2746
-2030
-1831
-3153
-1999
2381
2482
2416
1938
-1611
-590
-277
-1308
774
-3237
1393
2551
2905
-1177
1467
-1221
919
-3111
-1434
255
2441
-1266
629
346
3238
-2958
-1861
-2934
1732
3044
2272
-166
-1425
-179
1525
1166
-1609
-2913
639
2269
3030
-388
-3038
-122
1809
248
-1965
907
302
838
-2410
3240
43
2199
-2368
1866
312
2658
196
594
-524
2599
1023
-2230
-252
-1828
-1163
-1305
-3158
1355
1245
-2349
57
-3130
3237
820
2260
-1639
-411
-369
-229
2431
2245
-1861
1303
-2836
2678
-896
1697
1971
-2629
-2218
1627
2146
-2650
1946
114
-1957
-2947
-2364
-2249
-2229
-2655
-74
312
960
-1983
-2503
2369
-2708
838
2082
-3240
-2842
-1154
338
410
-1104
-2713
106
-1970
-596
-3114
983
-2614
1200
229
-676
-698
-819
124
-1344
-185
2147
-893
-2620
1209
1958
494
2802
-842
-2702
-1459
-258
243
-1141
3228
-155
-2836
2635
2535
-1547
941
860
-1308
194
-1423
1467
2872
-2483
378
-1623
1419
1770
1352
-1909
-784
-989
-2063
-1494
2554
375
76
-22
1732
-10
1171
-2546
2879
-2475
-1611
-1747
2916
2315
-1622
-1548
-2070
-1537
104
-2153
-3265
1569
-3135
43
-444
2972
295
497
3143
1056
1434
2575
-2500
1468
-99
241
-133
1175
-1087
-1384
2926
-232
-3079
-1165
-1421
-67
3062
3207
402
1
2666
955
2396
2787
169
2191
2232
1882
1125
-1591
1863
1485
2463
-1425
2112
-1095
3160
-765
-162
95
495
-993
3184
-995
-2944
1686
824
-3130
3149
-1268
-764
265
-2948
2719
1811
-1870
348
54
1346
-2021
-644
3010
-911
656
-2671
-1165
1248
-320
2071
357
1516
-1643
2187
1366
1806
2798
3244
2587
666
-639
790
1280
2723
786
2596
-25
-2740
2776
398
2210
-2487
2769
-2369
-1147
3091
-2720
2385
-1784
1922
1946
-2202
-1363
1641
1848
-2984
310
2384
377
-1594
-18
2187
2274
1333
1871
-3220
1440
-783
752
-245
2410
1847
1566
-391
-419
634
-1527
568
-1885
-435
-2744
-2021
-259
-865
-768
2311
-1209
-517
-931
-2466
-2284
2553
-49
-388
-788
4
-382
151
2160
-2865
3017
1016
-3003
-2209
-612
-861
-1778
-322
2895
-2671
2901
3000
2598
-1490
-2310
-1594
-956
1919
2068
987
-1448
3235
-2963
-2293
589
1761
2674
2302
2399
-2112
2953
2569
-6
845
-3081
-2738
-1622
3116
895
-2413
-2427
2921
-8
1234
-1112
1213
-2740
-3219
-691
-444
-635
-1686
733
763
2367
-3275
3056
601
-295
-333
-1843
-1471
-78
-1920
582
-1561
-650
1749
194
-210
1995
1222
1265
215
3015
2396
2018
1652
600
569
1419
378
2289
1076
-1628
125
-426
1603
653
489
1297
-575
-1338
1218
2317
2189
442
1383
-91
-2403
2170
-485
-1739
-379
1496
1483
1583
-2288
-29
2948
1861
583
1817
225
2049
-1962
2110
-1230
-2626
-2593
2810
-3051
-2354
863
-666
-1497
-2748
1605
-2489
2377
2916
-621
565
-1496
549
1977
1157
3051
-2585
1559
-2949
3158
-3160
-2516
-486
2765
-324
2237
387
-1953
1289
1541
2804
-2130
1923
3185
-2394
-632
1810
-2376
-245
1565
1274
141
1219
-42
483
-4
-313
841
-2596
1256
-2956
-91
1799
2909
-3042
-2218
-2685
2540
-98
1052
1838
-1189
-2909
2136
-1099
3060
-1737
-1566
874
2915
2444
-1517
68
-1638
1329
-3204
-2669
-1837
49
1504
-487
-2475
-422
463
30
2945
-3008
2433
-3193
-976
949
1485
-2496
-259
606
2850
-494
-2169
-822
1043
2035
1467
1128
436
-2463
-76
-745
-1777
-2924
3269
3255
786
1670
-2551
129
-2212
1699
-1559
-3143
209
2490
-1758
-757
-2012
1013
2744
1069
-1224
3125
-737
-1630
899
1638
3086
-2618
1049
-2207
1196
830
-2060
-2407
-807
3076
-737
-2368
469
2205
1097
2101
-2002
2767
-1844
1905
-2875
169
2882
-2612
-1205
-1362
-1425
1391
206
439
-3038
1234
2533
-2840
3248
-2333
2687
-666
-1496
2984
3155
-2572
-2348
1158
1258
1825
-2249
1168
3224
2532
274
3177
-1541
-1647
-2575
-1364
-1308
1168
2934
-2467
1182
-2712
-1876
-2035
-1101
-498
-2542
-491
1657
2952
227
-1441
904
3061
-2865
438
-838
-521
-2719
2881
1397
1926
-463
-2974
635
1841
324
-972
2131
2284
2590
-1032
-1419
966
-2875
-1146
1339
2370
1090
475
579
583
1689
-1106
3273
1147
2255
2355
-406
-1842
1727
-134
1612
-63
2936
-719
565
-2229
-1793
2831
-1114
1556
1475
3126
-2940
-124
-553
1652
-2280
-1782
-2691
272
1248
-2310
533
-285
-3121
-1709
-3153
-2992
-162
-1818
-1489
413
152
-2075
-2249
-662
-2901
555
-3115
-582
2684
-602
-2114
-484
749
2630
-1489
-311
2169
1417
371
852
-831
-1620
-826
-1167
605
1353
-965
-1032
199
-1399
-1447
-1085
-2193
-1611
2103
970
1451
-2573
2858
-1740
-2178
616
-2256
-554
2665
2657
2089
1909
-961
2562
-2049
2092
-2144
-1092
-1499
-1500
2232
729
-1480
-2678
725
428
-2858
-1370
2902
-2204
-875
2396
468
103
1935
1113
2951
1949
-3170
1125
620
2673
916
-2210
1207
458
2395
-530
-2243
-2
-1916
1930
2487
-2193
-2007
2167
1315
1151
-355
-1016
1597
-1786
2698
1903
256
138
338
-722
-645
650
-349
2248
-1054
849
-2982
1881
2478
-2794
2295
2933
-2254
-102
1551
610
-1447
1077
-1505
-437
1974
1994
2083
-1308
3267
-3111
-988
-1627
2164
1502
1811
-1629
-463
-1165
-502
-2863
-1702
-771
311
-1150
-2
-2158
-2264
-2358
-1800
-1937
-2234
-1950
-603
126
688
-837
-1993
3242
1698
-1706
-2226
-2677
2113
2894
-932
955
-2509
1335
1015
730
323
695
-3207
1655
3068
-1699
3088
1113
2823
-1747
296
2097
764
-2715
2646
285
452
-579
-546
-1876
-2331
3219
571
-2959
-120
711
-1895
-2340
-2745
2968
-2080
-869
-852
-2286
-769
1319
2132
340
1092
835
2743
557
-113
2164
-1962
2603
-1251
-2175
-1157
-2442
790
-2040
2802
-1888
2926
1495
350
-3020
1599
616
-1876
-1658
-1546
2559
-498
1227
3048
80
514
-760
-665
711
2028
-2727
1319
2810
-653
-146
-1486
525
278
-1491
2302
672
-2563
-2369
877
-1962
456
-1459
-785
2646
-3276
2785
-1869
-170
435
-2393
2971
1372
-2758
-944
-850
-790
989
-237
-1902
-2871
1392
2776
-671
1920
3090
-1687
1612
-86
-762
54
-1416
2334
-2899
82
-1084
-84
-1654
999
-2206
-2056
2403
1026
1932
2322
-620
2627
2283
1002
-3103
-226
1572
-578
1931
-2710
2188
1244
1224
-95
2777
2198
-1109
510
-958
1846
-2352
-876
-989
3132
2422
-353
1314
3200
-2243
1026
176
1786
2597
1527
-2784
-2355
321
672
315
-2126
1644
-2064
3150
-2457
-2656
1539
856
2622
-1793
-2405
-2799
2132
3080
2487
-630
-317
-2580
906
-829
-3069
-1853
3238
-2503
-2195
-1348
2389
69
2846
2432
-2270
692
1057
2435
614
431
2870
1176
-2727
1058
1365
-3063
1004
3234
2114
28
-1799
2904
2286
-3037
184
2847
1585
-1688
-1902
1918
1003
-2849
565
-3022
-1755
-581
2080
-1781
1941
2366
799
1495
2696
1727
1425
-598
902
186
932
-519
2739
3210
-3049
2235
-2909
512
1893
648
2376
-1567
688
-2920
-1249
-1333
799
-871
-1716
-2927
475
2606
-1615
415
2465
2256
2884
-2659
3015
-2595
2747
-466
1358
-176
471
504
2986
-1016
1835
1805
-164
-2010
3121
2711
256
-2369
62
-2227
440
-2490
-1341
1031
-3135
1753
-1240
-1185
3100
1150
-2371
14
-719
-1675
-2786
17
2627
-1184
811
-103
-256
1628
-508
1056
-644
-3131
-2277
2363
-2669
717
2030
-950
-841
-1666
690
865
2676
-3036
-29
-913
649
-2191
-203
2531
1383
1216
546
-438
1788
-617
951
-3122
2664
3050
2337
-554
2056
-524
1586
50
1305
-2943
-1593
-67
1514
1355
-2300
1326
-294
2800
2997
-2659
-2225
-2274
-613
1325
2520
-2990
-3237
1786
-170
1986
-1510
1852
-1042
1573
307
1411
-961
1638
-1008
1907
-2551
1204
-465
-2588
-576
-95
-3060
1384
1890
-3256
3035
-2891
-2941
402
-1107
-1972
-815
-2527
-796
804
3064
1502
-125
1984
-2969
-1986
-1246
114
-1229
719
-401
-2656
2313
-2251
-2808
-1946
-940
-2746
-785
-1666
2499
599
-2088
-2360
3175
3144
-324
2907
-3080
2007
-1151
-2035
-204
1800
-2535
975
2781
-757
102
1616
1343
1726
-2773
-2143
1955
-1656
-846
-255
-1644
352
803
2602
-2127
-227
873
-290
3159
2648
-1864
-3202
36
2026
-114
2043
526
-1926
1731
-1755
-1897
-157
832
-678
-235
1402
-1247
-1835
-2982
-2048
806
477
-683
-2479
1986
-3176
3082
2971
-77
1995
3167
231
2413
1674
-1415
-1653
-2631
-3105
2261
856
1688
-559
-2702
-2878
992
-2962
930
2093
402
-2656
2665
-393
1392
825
341
1867
769
1601
-2769
66
-1813
-58
-457
2829
1296
2372
712
-1400
2974
3147
-3046
532
-1084
2685
2779
-2454
1319
3100
-2105
1234
-2766
2532
1948
1388
2924
2590
-624
-2350
1481
3154
1918
-1227
2626
1082
1353
-1430
-3025
-2924
2803
811
-886
1443
-2533
-2610
2651
1758
-3032
-1027
-759
-2215
-1134
2836
2110
-1311
-2480
1384
-616
-3208
2801
2771
-2910
2873
2373
3147
2540
-740
-2357
-2980
2951
-914
-1896
-3118
-1665
-2777
1640
2361
-3150
3182
-2278
918
576
-2184
-456
-754
2681
2361
-2691
2054
13
-1903
3134
-2664
796
72
3082
2748
1142
1641
-2107
1246
-498
-1964
1733
-2736
269
2227
3235
-2845
39
-2956
2055
160
-3140
3120
-2113
292
1794
-2496
759
2400
-2203
1823
1868
1347
-234
-407
-467
-835
-2999
3220
-470
455
194
-962
3212
-209
-1853
-2454
-1442
1444
-2149
1093
1023
-2236
2876
-2362
1364
2622
-1056
-645
97
-2652
2158
-598
-1024
2114
638
-469
1875
2823
-2474
3273
2038
-637
-1668
176
-1639
805
-2344
514
-197
1064
-1683
-2635
-653
3148
-2476
-3248
912
-935
-2425
526
-604
-1093
-2094
-2462
1638
1071
-529
2040
1376
-2537
76
-853
-2178
-2847
608
-2269
-185
-160
-1835
477
-759
-867
894
-3148
1023
-904
1575
-72
-1464
-1619
-2301
3191
229
2425
-1742
-16
814
100
1035
3129
177
-2803
-259
242
-1765
-832
-701
-647
1658
-337
-551
-1053
-870
-2217
-1763
863
2684
-1234
-1148
2035
374
1000
972
-328
-1618
-2305
-2365
2113
2994
-2940
-1906
-3250
-1883
1483
-116
286
1664
2600
-1212
-1650
-1204
-3273
-802
-2541
-1745
-197
1298
1835
-797
-1748
-555
-191
1170
890
3062
-595
1358
-88
1075
1927
-1966
1164
-2562
-2515
-1238
1198
210
-2443
-3170
-2043
2793
-922
-2680
-257
2761
759
736
-655
2672
-2034
401
-1769
3074
2035
2759
-1934
83
1098
-2950
3223
-3269
-825
-1995
992
1610
-1761
1087
-185
-1803
-2197
-2306
-847
1407
866
-1331
-1819
13
-422
-3116
-1542
-995
-108
1395
1035
-1965
2065
890
-1247
-1668
2586
-2184
-2221
3086
3183
1979
-1043
-468
3234
-2172
-2034
943
939
-2173
3119
3072
101
2596
-1101
-2741
1574
-377
-142
-1157
-2891
-1299
1894
2680
2646
-857
1037
-236
1968
617
-143
-133
-579
-2233
589
1198
-2384
471
-393
-220
-2515
914
2039
1040
-2159
-277
-876
828
46
-577
-852
359
-1194
-1495
1526
2310
-750
-3241
2417
1432
3009
-2360
-3040
-2202
1361
-1798
3156
1180
-2988
-494
-159
2937
2448
-2798
1891
-2680
-819
-3227
2436
349
-650
-2807
-1968
935
-131
112
948
-2970
-218
-861
-1536
-1065
2730
-2655
1891
1821
1195
1956
200
-607
1298
-1532
780
-3030
-3256
-2075
-2312
2643
762
-2358
-1373
3073
2600
157
805
-2227
2970
2598
3231
2694
1647
-2420
-3264
1947
2529
-1983
-2621
-127
-2091
3051
999
-2554
2751
-2898
-1688
1488
2899
1694
2103
-1554
-1955
-1042
1711
-2332
-2458
122
-3147
-743
3137
1947
1700
-1855
-1745
1804
-2877
-1606
1971
1016
2004
-2062
-1654
-1021
-2664
2783
-2295
220
-245
3151
2209
-709
-3085
2555
1808
2672
-3118
477
-418
-3068
2320
-716
-986
1505
730
-2276
-774
-1596
-1876
1634
1297
-3006
-90
19
2481
1580
1775
-65
1854
-3196
-666
788
-3210
2498
-595
-2567
-1687
1466
794
2216
2288
-838
-2651
2683
-973
-1873
-125
-2488
-506
-833
1142
-2181
2236
3221
2556
2327
2492
2389
1528
