-2767
3265
-1429
-3004
-2916
1901
38
2576
-370
-165
2793
-1283
2437
1453
-641
1801
-847
2658
-1004
2482
-2444
-2063
172
1616
-1623
-2500
-3214
1432
-1369
497
1528
1675
1542
-3237
-832
-2287
-2871
1776
-3003
2000
2966
-2854
-1131
2636
2148
71
-2291
1250
540
-1566
2975
-2874
-2872
1018
-736
-888
-1932
3258
-3088
249
2350
2538
-2220
-3138
-183
35
-2167
1182
801
83
434
-2113
-2799
-1436
2857
2842
-2709
893
1359
-2549
1742
-1679
323
-1759
2983
-420
-228
2183
562
1403
2695
43
-987
1757
-2851
-3239
3048
-284
396
394
2792
2035
-900
3059
-1432
690
-917
589
1412
1425
-590
2801
-2577
-1873
-14
572
2019
2626
1750
-1548
2605
2116
-3031
-2341
1551
-1878
-658
-3202
767
-384
2069
2049
126
-3274
-1463
285
-453
2964
548
2994
769
241
-1488
2688
3270
-2856
1530
961
-2893
1635
1443
-1123
301
-505
1605
-1963
1768
-1229
896
-557
-1699
416
-3159
-2663
-1528
1371
-518
-1235
-78
-1612
-693
2010
-2670
-2901
2365
2293
2710
-1210
2098
3138
182
1443
2510
2667
-741
-1692
-2881
2025
1922
476
2662
2480
-1762
2008
-1097
2114
-554
-1242
712
809
-1558
-1428
1512
2083
1538
1788
-1763
-230
-253
1456
1047
-2593
-1314
1754
1803
-410
2501
2177
-3036
-1855
-143
339
-1426
-1480
2853
-2279
956
-976
205
693
-589
-1802
852
-648
1360
2668
1585
-3077
-1404
-2739
1673
1248
2079
3264
2875
-1316
-1244
-908
-3209
808
-879
-2796
-1005
3219
2756
-2405
1658
355
479
-665
2413
-1142
404
-3018
1976
2671
1101
-327
1768
2704
2947
872
-3152
-2257
564
-2738
931
-1712
-692
889
346
1596
24
-2925
-3053
-624
-2469
-889
-3068
2147
1149
-915
360
-2389
2065
129
-1101
-2790
-264
982
-2878
-1511
1454
-1893
2688
-1063
1693
-1336
2477
-2247
228
2774
390
-2721
1575
829
-387
-2117
1563
-1053
1816
-412
-2308
189
2648
-2930
529
-1477
-1349
2518
-2538
1111
2462
-450
343
1533
1456
-462
-2770
1098
2844
-476
988
3072
2718
379
-317
-488
1922
2879
630
-1734
-2277
3121
2539
1441
-232
1407
-135
-1839
1162
1879
-3027
-360
-524
2029
515
882
1168
-1830
119
1617
-578
-445
-1214
842
-274
-1693
2057
1615
2520
1142
-1314
3249
-911
1392
28
-2601
288
-1451
296
311
-258
-2769
-1861
1210
1962
962
-2247
-2235
788
2786
-2040
-1140
1636
-2710
-2569
-2452
-756
-2648
2140
1228
1933
-103
2058
499
-1501
1091
1128
1624
-1951
-808
-811
1831
2192
3028
2132
-3096
634
2166
825
-108
-1649
-574
-2229
-2447
2240
660
-78
-2449
-1353
-791
489
-3174
-1382
2658
672
-1705
2757
-759
-1831
2483
1757
-2946
691
-1188
-3155
801
432
3158
-3108
-494
-167
-205
-790
-3132
820
2174
-1524
-3075
-633
2822
-2113
1959
-2699
-1372
-2319
-2157
1795
-1673
-1428
-3019
-294
1909
2163
584
1765
-996
-2775
1806
191
1789
-3125
-694
3262
2247
2173
-644
-417
1032
-3067
2742
-1185
-128
-79
1874
39
1482
127
795
-3059
1518
1647
-112
190
-1142
1661
-2079
-1868
-1841
-1004
-1022
-1800
915
2407
3128
2976
-2538
105
-3244
-1063
3039
1793
2171
-3179
1033
1530
1745
-1586
-1234
-1822
86
1790
-1359
-3276
1345
-546
575
-762
1582
-2569
-1178
-2867
1260
1154
3019
-179
-952
-2621
1432
250
-1602
-391
2582
-2477
-1031
-351
2362
-3259
1816
1879
-1904
-2816
1230
3066
627
774
-2389
1385
2113
949
1932
1292
2691
-1422
-652
288
497
-932
-848
90
2951
-1926
393
2177
378
3268
-1905
-1891
-1576
898
-2224
3038
-3108
1591
872
-2819
-1215
1745
-1851
926
2842
-2614
2287
-1697
-2221
-1560
-1367
282
-2684
1883
-1557
-2179
489
2963
-2101
2083
2830
-762
2050
-1592
881
3252
-2381
-2480
250
1430
-1477
-873
33
2320
2842
-1717
-353
-1991
-3049
-210
-1968
690
1074
-284
-609
920
-1611
-728
-549
809
3243
-1149
1786
73
1710
745
2784
-636
1520
2685
1414
2504
2210
1093
771
739
3160
3138
-2850
-3211
-367
-2540
2648
3218
3169
-745
630
1474
-140
1919
-2502
-2289
2270
-2835
1744
1843
-2824
196
-6
10
-1551
-2230
-2393
2071
-2321
-1591
2031
-484
-1210
139
2060
-2810
1503
-2834
-94
891
-1510
226
3072
-1795
358
-669
1420
1175
1961
285
1529
1351
-194
3006
-897
454
-1195
-2737
-910
-784
2414
1032
-2898
-2830
-970
-2286
846
-609
845
510
849
1482
-2705
-1401
-474
3248
2951
2509
-100
2336
3148
3236
2039
2659
813
-642
1417
-648
1450
-1010
763
-2873
-2240
2600
373
739
1159
-660
-1114
2254
-1570
2383
-1994
-2864
-2138
-1188
1657
175
-2443
-1032
1091
1024
3024
2476
-1127
-669
-233
-2198
-1104
-2570
-2188
-319
1497
-2236
-1169
290
-3153
-156
-171
2076
-972
-1103
-2627
-1356
299
-2482
-1575
3241
138
96
230
-31
-934
1327
1033
1542
1551
-927
-2740
1693
254
1037
2150
2211
-1446
-671
250
-2230
2427
1409
-2175
-1789
3195
531
1277
2864
-212
-1090
3274
-2928
-2530
-2600
-122
1154
-2611
-871
-2746
-2996
952
-3217
2673
-860
2316
-1709
-3114
-1854
-802
1082
2618
-993
-2387
3242
-2907
-422
-3022
728
2507
-1857
-2742
-1005
2013
-920
-800
-335
-370
-2063
-1633
-1388
541
-2340
2479
2450
2852
2864
642
2050
-606
-431
3181
1711
-962
-1655
-945
1652
1095
-109
1665
-1208
2541
-2017
-2543
-2975
-1851
346
-1345
1917
391
2974
1168
-1793
-2825
-778
909
-2615
1901
-2802
1984
-298
-252
-553
3195
2563
-1234
-2084
-670
-859
881
-483
58
-2893
2898
151
-1139
2936
-752
1164
838
440
869
802
-1922
-919
-1046
73
306
-2907
-577
-1257
576
3087
2684
1961
1820
-309
-1734
1760
3069
938
2826
689
1163
-1264
322
-1158
-2479
-2817
-1150
-1618
2219
-1339
2982
-1029
426
1837
2509
1847
1066
-3036
2539
-1434
1575
-2409
1375
-709
-541
-1474
426
2558
1133
599
791
-1553
754
-636
-693
-1229
708
3243
2848
-397
1018
-2496
-903
-609
1149
1925
-1366
-528
-1402
2167
-2454
-1844
-1201
19
6
3136
3037
3262
2766
2058
-1337
1188
-872
-2836
2697
1724
-2915
-2267
-2684
-1226
-849
1904
-686
-2638
1369
-1767
-1388
2799
-280
-1511
-363
2940
2190
-2087
-2088
15
292
546
3109
2822
1119
-1674
2287
3053
-2568
-1549
-2556
577
-3126
2712
-1732
-680
-1707
1674
677
1630
-1776
-839
-907
2684
-303
3192
-2463
-488
-984
-2025
-2565
-253
636
481
2892
567
2776
3224
327
-260
2069
-97
-1515
1632
-555
-2593
-2243
-2680
-3159
-2895
-3273
-1667
1784
-1588
2691
137
-2548
3079
1626
2891
1724
-933
-2588
-110
-662
946
-2721
-2456
-882
615
976
-1251
463
2703
-2136
2269
-2234
-1240
-875
-1615
-1738
-2425
2801
3167
2626
-367
-1267
189
802
-2370
-1058
1207
-1673
-2178
1611
569
2308
-1388
-2655
1242
2754
-1658
-1690
-2569
839
2854
2359
-1846
1644
-1856
-2870
3232
-3219
616
152
-752
1839
993
1878
3164
-2824
-3079
-2554
2021
3070
2197
1848
477
586
-286
2010
1588
-1562
97
-1727
841
3256
-3150
-2476
1432
-1000
2251
-2642
-1583
-1372
2758
-121
-2026
542
1187
796
-1350
-107
3265
-3231
968
-1798
3274
-283
2335
-2898
1920
-1774
-205
3018
-2453
287
2138
318
-1476
-2055
3007
153
-3207
-2446
-882
-1995
1325
160
-460
796
1081
-2114
1648
-2088
2332
609
1467
-2328
-2656
796
574
2730
-313
-2850
112
738
191
903
2229
-2068
-1191
667
-945
-1207
-2334
-1117
1450
-1019
470
3220
-146
-343
-1061
-1315
574
2380
-2898
-1699
-3273
2752
-1782
-1289
1300
-383
3179
930
1133
-1012
-1202
2506
-732
-2727
2915
1689
-2423
-3233
3232
2812
-1507
872
-1979
-1739
1246
-2617
2454
-2325
-1998
-3225
-92
-2117
-567
-2996
561
-2189
2743
798
-2061
-812
-1139
2547
-1718
2056
2641
-227
-521
-1399
1127
-785
2273
1853
-946
-3071
1540
2884
220
658
3063
-1182
-284
-2447
2141
935
1050
-971
-2332
1393
2097
-3071
937
-2514
-2128
2196
2937
418
1975
2446
-3008
2317
-17
-1530
1017
1384
2432
-2285
745
-2299
1839
2300
-1055
623
-2599
-1622
-1152
2046
-2192
-2970
1343
1585
-2779
2606
-3269
-2694
789
273
-410
2943
-1139
815
-2162
32
-1302
1024
-2442
1389
-1567
-2692
1641
2938
-3041
264
1729
-2763
-3248
1281
1518
719
2282
-170
473
-3151
1930
-2572
136
-348
962
-1074
2092
2360
-589
-1814
-2123
-2153
-3082
1966
-2727
1342
-295
-2745
-1618
2457
-830
1742
1974
-2345
-1418
-2844
-2235
2862
1828
-1116
1134
-1292
-2283
734
-2695
-2515
1025
776
1560
-3173
-48
886
3147
2524
3086
-1594
456
1101
-1976
2995
3215
959
584
-2135
305
1040
2571
2839
-1387
-666
-3063
-2552
-2017
-1842
607
1497
1086
-336
-1074
-677
1859
-1938
453
2650
3102
-142
2877
-2257
2244
2693
-1175
-1488
2166
-2764
-848
-1772
-2013
-493
1824
-1333
-3051
-2131
2167
-1556
-1018
2206
-3241
3074
477
-1859
-897
734
164
-3016
3084
-2690
-1661
-2275
-2221
-2033
-3247
364
-2756
-1456
-1664
-3234
636
-3000
2830
1382
-2384
-2648
-1750
2506
881
-2914
464
2207
-1877
-613
-2906
-2685
-361
-326
1079
-369
-1114
-3230
598
357
2899
2147
577
-2683
770
-3134
-1960
-1226
365
1210
2915
-3206
-2011
-2158
-2610
945
1839
-1379
2371
2687
-1914
-2844
3237
624
461
-2798
-1871
-2310
-2859
-280
-1242
-2947
1647
-2533
-2502
2900
3204
-2567
210
405
2429
-2690
913
-417
-1167
-2781
353
-58
-1061
-2501
1617
1190
-84
-1090
-382
-322
1672
1854
1662
1531
-2678
2181
465
146
1952
500
-1251
-819
-821
2906
-2978
-2645
2993
-671
3060
-1113
-2803
3246
-76
-3206
2556
3218
-1320
1454
-1464
749
739
-1531
724
308
-1104
-429
2842
-1951
-1896
-3126
-3031
1619
1356
-2224
-2545
-2549
-2332
2367
1927
2810
-1546
-427
-2887
3270
1278
1773
827
-1368
-2180
2463
99
-5
-2988
474
-2973
2921
-3048
1594
825
2688
-1532
-1825
-2503
-2822
-800
-1943
-2332
379
-2087
1739
-1746
3079
-1896
-239
2809
-2918
267
2782
-2155
2179
1890
1486
2793
-756
-2729
751
1863
-2044
2275
-2374
2729
-184
-101
2070
-325
1208
2236
-1064
2725
-3265
-1144
884
3042
-3184
-2502
2036
-300
-2212
-2575
517
-342
-1776
2010
1115
1414
-388
1839
-798
654
-208
2888
624
1967
1752
2747
407
-1086
1195
1126
-103
2540
-2393
-3136
-1976
-3032
-1668
-3141
1335
555
913
1247
4
2694
-1962
-595
310
-1698
-1171
2566
-942
687
-1022
-334
-903
2666
-3197
2229
-2251
1392
23
3218
-2683
-3153
2019
-1966
-2466
2340
-1753
-2086
1498
-2998
-3191
-249
-2522
968
-426
-2102
-3111
-1119
2555
-1283
63
1760
128
-2618
-2303
-2672
708
-1030
322
-2708
-1449
-2881
-1841
2777
-2730
1079
-366
-1112
2068
-2473
-535
-2847
-1386
-403
1203
-2147
1598
-2059
-1514
-2295
-948
1772
-310
155
-954
2244
-167
2877
-1981
-1316
-2801
-627
39
172
2366
-283
-1008
-1853
-241
1968
-1362
-2496
1239
-2779
1849
-2941
-2959
-2555
216
426
-2507
-891
-1343
-391
2859
-3136
-474
-71
-3225
-996
-1050
-2295
93
585
2407
151
-68
-458
-1235
402
3182
738
-3002
1912
-419
-2808
-3052
-1077
-1888
2665
602
2028
1298
-349
-1639
1109
434
2067
51
2684
-2475
2048
-2757
-92
-2670
-797
-2365
-1703
1084
1753
511
-1602
1848
-1042
2693
-3038
2805
787
-2712
2276
-2550
1412
-461
628
-2115
2280
-2298
-713
49
-2822
-1425
79
2915
865
650
2472
3101
-823
2923
2199
-277
-1952
2789
-2154
2578
3237
-472
-3231
2248
-2895
-586
-2748
-1485
-2068
-2131
-2980
-1946
740
602
575
2227
1733
-393
2591
-2404
1043
-2021
1706
3
-1859
1349
2995
-2623
-1248
3192
2904
-2892
872
-810
2844
-983
-24
1636
3223
2532
3157
553
-2081
-3005
1287
-2577
2646
-2238
-1460
-1226
2109
2871
2860
2271
2401
1766
197
1442
-1583
1910
394
2430
2013
717
868
2594
-518
-1709
2724
1306
2994
1781
-1710
-799
-1393
971
2336
1596
3071
2299
-2546
381
-2846
-1468
-637
633
1656
-2545
-1901
-3069
-804
-2114
753
855
3152
-3205
2666
-1311
2871
-1278
2658
1222
-1258
1780
-1503
-3259
-1175
-27
-1205
-2941
-825
-2117
888
-1628
2044
649
714
367
1660
-1169
3200
2502
1783
-2914
2454
2936
400
-734
1418
-2155
-2782
-744
-497
3046
539
-2502
-2340
-985
2013
-1200
-1229
519
2678
-3010
3076
2457
-2769
-1252
11
-3128
244
-2218
-1498
2816
1832
1754
2421
-729
-1544
1051
2600
2370
-3232
-994
2600
2744
-3243
-878
2104
1201
-3029
2114
-1589
-239
2925
1124
2611
306
267
-1718
2502
1598
-1000
2895
-2320
2312
-1993
-550
-2613
-2802
2574
1641
1390
103
-2220
1225
1568
2917
530
946
1965
1033
2519
1240
-3091
-3025
1259
-2356
-1194
-3018
-729
1676
-2777
-1024
-3260
-2626
-121
2703
1628
-2126
903
804
2495
2980
1318
2077
-2801
-1999
-2582
1893
-375
1049
2479
190
927
362
-207
-307
-3230
521
397
2214
659
2387
-2969
-2618
-2540
294
1777
-756
-705
1465
-1820
-2181
-2871
-3125
2284
-1207
-2485
-2302
-545
1484
2514
-2528
2957
-1273
-3103
1904
-260
-1423
-2302
2050
-854
-285
440
-2616
1650
2174
1679
1643
2955
-1920
-76
2696
2877
-1510
-708
2612
2895
2766
-297
1090
619
2017
2893
2476
1540
566
883
-2503
-956
2935
1305
427
877
2516
2165
-2052
-1234
1608
2519
1590
89
1155
115
1615
-1842
1874
1002
-719
-2430
1015
-2565
-1155
-1146
1675
3123
1905
-874
1608
-2538
235
3003
-2673
226
2297
9
1765
816
1858
-399
1346
2170
2899
451
151
1515
-2705
1143
2926
1873
1150
2975
-2073
2269
2988
891
-2517
1785
1615
1374
875
1932
2860
-1408
2163
1075
-1414
2494
2364
872
-334
-2833
-2578
2918
3079
-1069
-3259
-2318
-2150
1479
3182
1556
2280
-526
823
3031
-2022
-288
-738
-2328
2780
-1904
-1087
-2853
-2892
3029
-2001
2503
70
2173
-2143
2288
1449
-2576
-852
-660
283
-3065
722
-940
2560
-3008
2705
854
108
1843
-1454
-2976
2774
-3088
1695
-2923
-140
54
-3171
-284
-3172
-803
1268
-1873
-102
-3202
689
2459
1275
1748
-986
-1905
-2028
1619
-2070
-2203
-3196
-2477
-3117
-1494
956
-1246
-1513
-3020
-2792
-1315
1500
-2767
-1584
3080
417
2750
-1545
-766
701
3196
1709
1017
-574
262
829
960
-199
1359
1757
2799
1031
-1951
-2635
1486
1405
1964
-2
1740
1342
-389
1302
2787
-3147
-601
-1479
-236
-2121
-2956
-2632
158
-2700
-1020
-2651
1699
-2213
-2523
593
2352
-1820
-3235
2000
-39
-2081
-2948
-600
1347
2886
-2371
167
2291
3205
-655
-1222
2281
2350
-1489
2235
994
2907
1594
-1607
1659
-1650
-1189
1760
-3125
1528
177
-1008
2991
-1535
1965
2465
1102
1110
1462
-1829
-2749
2132
1254
1605
1565
-874
782
-901
-1568
674
-2623
-1797
-1139
-186
1864
-431
2438
-1699
1028
299
3048
2318
-2427
-1923
2686
1751
-2797
-3001
932
-1804
1846
-2820
-1058
-1581
-3121
-2121
-1991
1609
-1886
3152
-3084
1923
-2513
-2619
-331
-364
-1128
642
-907
3111
2792
2391
1330
-264
846
1920
448
2521
477
1684
-2681
-1892
582
1539
-1621
753
-2704
-2121
2738
-674
-1621
-2003
1638
351
-289
2279
-2668
-2966
1090
1553
2484
962
2586
-2526
3031
-1500
-539
-1890
1881
2853
-1464
-609
-2894
-2079
-1936
290
-135
-2246
-3238
-3007
-2989
853
-3046
-2554
-397
-247
317
-2809
-925
-338
-3247
2054
1351
1655
2980
1101
-1409
1244
1673
-130
-2431
-172
440
-2909
-865
1507
16
2179
779
-2453
-1776
1762
-1704
-577
2543
-3273
1239
-2660
-914
2509
2684
3129
1011
2207
-2724
2467
2782
2646
-1217
2210
-1932
-26
-1628
2952
-928
3270
1046
2663
-108
2814
2188
-598
-2976
2511
-1242
-2346
-1557
-1179
-2947
3095
419
3108
-2348
-429
1153
344
1434
1864
-1481
-2697
3215
2324
1718
-2586
-3006
-1088
1689
-962
-2799
-3134
-3175
-435
-979
888
2059
-2824
-2213
2095
978
-155
-3265
570
1242
2554
-324
-2750
-2695
-1702
3216
2019
-1677
2093
2132
2044
-1736
65
-1751
-1473
34
-2909
-2644
-555
-1431
3056
-1273
844
-1483
-654
-149
1797
2827
-1648
-3258
728
630
587
-2143
2739
-2049
2142
2565
-2326
-1862
-590
1940
-3041
-2980
-245
1076
2476
-835
610
3193
-1428
2893
1563
-370
-1036
-2110
-1164
-1032
1042
1384
859
-530
-3234
1852
456
811
-1870
-1277
784
-1753
-1803
589
-2760
-3054
-2710
-811
-1587
-2593
140
-1262
-3160
1432
-369
2336
-33
1111
-3167
2678
2837
3055
-600
974
2804
3213
-989
-2133
2088
359
-2669
-2739
-774
2555
1469
767
1336
-1476
-2311
-907
-2887
-2918
17
-2992
-1648
-1447
2005
-3051
642
-1082
762
-1357
870
-1370
505
-1978
1852
-2203
-220
-2811
2631
16
620
1845
-614
2743
80
-2197
2470
-2716
394
523
-2419
804
2140
-1183
2008
-247
2116
2526
657
2508
2183
110
-2143
3006
1793
1083
-874
115
-838
2050
-2309
72
-3085
247
443
-3068
2998
-1846
487
3191
2508
2188
-2987
1098
-557
2971
1251
2683
-663
463
-1567
927
1426
-1894
1369
-1617
747
2067
-1001
2940
-1334
-478
-1385
-2444
-2356
1335
7
-629
2272
-1302
-2431
-2432
-2191
-3028
-970
3216
-1934
1368
1546
-2560
-2124
-210
3132
-2538
618
-439
-1795
-2744
-194
-3080
728
822
-1018
2782
1576
-1170
-1421
2340
2343
-138
1217
-2751
2784
1458
-1151
1882
-555
1750
822
2250
675
-274
1302
-2948
-172
624
-944
-825
1469
2850
-3255
2053
2825
2654
2800
2452
-1843
-1402
-117
-2994
829
2238
-711
-2159
-449
1704
-2944
-2891
2800
-1201
-596
-3052
1269
-2777
-188
1826
2739
2782
1116
3225
577
2934
-2120
-819
2882
-877
1162
547
2204
1109
624
2325
-2686
-2962
1828
1966
-752
-2979
-1043
1585
610
-1681
-182
-3230
-1608
-1614
2909
-2463
-2593
763
2707
2689
2247
2724
550
703
815
1881
2843
-154
-226
-26
1685
-2315
-892
1147
-2387
-868
2211
-2411
1019
-2260
-1360
1539
2672
3267
-1208
-1907
2938
-1039
2810
1287
-2075
-56
1918
-1644
2085
1087
3202
-686
2512
-2865
1830
1148
1818
409
2191
1763
2719
593
27
-1943
-2490
-2706
-94
1067
-2726
56
-3255
-720
582
-1938
-1671
1957
-952
193
1046
-2567
-1957
687
-3151
-3189
-1148
3071
3004
-1122
-2968
3156
-2722
-1461
-1381
1840
1832
-3154
-479
2605
1751
1624
-1401
-744
1138
3081
1040
-538
-379
-3152
-1350
1213
1100
2096
-2600
1321
147
-2814
-305
-496
2515
374
329
-1692
-1925
-1046
306
-543
1206
-2796
2914
-241
-1628
1384
-172
-1146
1220
901
-1729
2934
1449
-1303
2762
1090
2848
-23
-346
635
1863
2776
2705
137
3101
1810
519
-3274
-1273
-366
3266
487
3058
-2822
-2992
-1615
2447
685
388
-320
-742
-2773
-1037
-898
-1466
2125
1577
1277
-1820
1632
-320
1647
1807
-1498
-1130
459
-421
2221
2852
-3100
270
789
1579
-745
-2585
-2046
-1215
-1686
-506
