2013
1054
-1873
-749
2899
-292
645
2727
609
3018
2076
1475
-1061
935
-3269
-3095
-2833
-1957
-137
1710
1778
1797
-1921
3032
1487
-2493
2959
1318
112
-194
3186
2828
1993
2166
2209
-393
-581
-666
741
2337
2558
2188
2800
-225
1891
2613
2038
2458
-2394
-409
-1521
1354
-1277
2059
466
-1340
868
-2771
-3180
-3048
276
-1329
-187
-2781
-561
-2528
-683
128
-1909
4
1293
-2794
2799
-3017
523
-956
2420
2484
-2766
-227
2538
-1161
-995
1397
-3271
1502
1094
-2070
-771
-3139
2931
157
-2283
1077
2200
-2799
3138
824
-164
2350
-1533
1338
-3100
-605
673
-1132
-70
756
-1732
-1843
674
-2074
-491
2087
1614
-1143
503
311
3077
-2292
2830
-1122
-499
-2975
-2048
2543
-2319
-2233
236
-3255
-2553
2128
-1768
-625
1371
37
-121
1102
-584
575
153
-294
-257
259
-758
1295
-2702
2747
-2656
-573
-1458
1641
2034
-2992
41
1068
2853
807
-1412
296
-843
-1475
-1588
-1503
-2024
-2240
-1218
948
-1685
-863
-705
1977
1745
-1302
3181
1035
-3218
-1725
-941
-705
-1109
-2012
-2797
2396
2958
-2308
-1654
3031
1977
2167
-2943
2404
-2886
-164
-1362
-2066
1210
-161
2167
-2015
-3154
636
-420
521
-565
-2242
-397
-2770
-278
1305
1471
-2962
1804
2554
1496
-1657
-172
-1448
1765
408
3261
-3109
-2823
2996
-2929
800
-452
553
-1788
2374
-465
1609
-391
-711
-2435
1691
1214
3260
1221
706
-1491
-298
-802
2599
-1297
-282
2411
672
1842
-2658
382
-822
1418
2048
-2755
-2145
-2804
1498
