1465
1334
-2086
362
-509
-2207
1699
-708
-435
3026
2986
-51
286
718
-1336
2227
759
2379
269
1837
20
2206
-3170
-1267
-1712
-1449
-2170
121
2353
1273
288
-2893
2701
87
-1882
2818
-2510
1055
-2812
1120
1069
3174
148
1082
-2980
-507
2858
-731
-201
-2095
1827
1228
-1631
2513
504
1778
3225
1264
998
49
3086
2102
-2779
1264
1560
-2102
3221
-115
-1624
1731
-2519
-217
60
-471
-2456
-1144
1732
-149
-3078
-306
761
-794
-2552
-1938
-3019
-2049
485
2063
1564
-503
656
3169
1240
-1166
801
732
1564
-594
3142
759
410
-1465
-214
-456
-1326
439
2299
473
2941
477
-586
1312
961
3264
-2676
825
-2967
-2070
114
2906
281
-2086
437
-1094
-468
2667
-1465
1535
-1280
2437
-2725
-2115
1507
3196
1231
754
-3131
-840
-2032
-1609
153
-108
2600
2885
3237
2820
2113
-1286
111
2110
-2483
-572
2768
1233
-2567
27
-2450
1419
2598
-2420
-2564
1279
-94
-993
2564
-339
-2048
2761
1183
521
2698
-1619
1011
-2242
-2426
-2759
22
-1576
2151
215
-2875
2634
-936
958
-2251
-937
1671
-1244
474
-2980
-1789
-2571
-1228
1840
-42
-2861
2145
2488
1984
-2474
1015
1308
-1778
2900
-1578
2047
-3158
3140
243
-1420
1194
1264
1489
2733
2338
-1904
143
508
-2390
2940
-401
2497
-2714
-628
-1587
-2067
2908
-1110
-2350
-89
3176
-1897
-1323
340
1958
-1428
2802
2024
156
-346
-581
-1125
-1716
-1548
1618
-620
2938
2199
3058
2788
1761
149
-2803
811
-1114
-1858
-670
804
-1892
3003
1679
-1765
-355
-2339
1850
1743
890
1969
255
3179
-349
2662
3010
1033
1604
-2978
504
2259
2961
-1108
274
1745
499
-1196
-2000
-270
1491
417
-1542
-3139
-288
-1714
1
-1796
869
-1071
761
1046
440
-871
-1404
-2151
541
-2215
261
339
-974
2603
-1085
1729
58
-3032
1514
164
-2123
-700
2574
-1129
-110
-2435
662
2149
2812
-2088
-402
225
1668
-1274
-621
-2793
2580
-2076
-673
-2795
-2942
-1469
340
-2897
3115
1802
2539
-2872
-240
-875
1122
2382
-1983
-2279
1451
-3185
-1354
2133
1943
-1441
-879
2037
-2394
-2011
-3126
-1347
-1534
1858
-2235
1720
-1339
643
2816
-1787
-1287
-1438
758
-2838
1296
-2035
-2598
887
-2729
-3149
-2030
-1317
-1832
115
789
2923
1587
-1591
-2332
275
311
-1307
-55
691
-1289
-923
-981
153
3217
3143
-1797
-2029
-755
1714
-2758
1875
2040
-2667
247
698
-2935
2411
-1793
-2603
-2721
3136
-2579
-1966
-3102
66
-1075
-2879
165
2905
3053
-1401
-2295
2148
2656
-268
354
-2690
-2664
2276
-2278
-3186
2408
1086
1711
2314
-159
-2505
-2755
1648
-2789
1103
3113
-1195
-599
-561
1660
-1567
2463
-134
268
-1607
1069
3097
1791
647
1852
1799
-512
2583
2521
-2859
-1634
2192
-3161
870
1621
-1401
-2879
-397
986
3143
-1833
607
-227
2102
-1883
296
1719
1048
2321
-540
990
2104
-3156
3201
2181
48
-1997
-275
1808
2115
232
-1378
780
-3194
-227
2792
2166
445
1705
1583
-1742
189
888
1176
2871
2293
-2921
-2955
-329
-3050
-2024
-3194
2164
-439
2138
3264
-680
-3177
-682
-2865
2540
-2373
-214
-2230
-78
3055
1999
3003
-1120
2190
2860
-1927
1664
1296
842
-2435
2449
379
305
-2640
1712
-1757
1626
2491
-2842
-2887
1182
-1597
-1346
-1901
1215
-127
710
1556
2943
790
-522
2482
3232
15
621
-2719
-770
854
3236
-1331
-3059
1464
3256
-1042
-1173
918
899
2104
-400
-2323
3074
1996
2357
-2678
-761
1957
2017
-1009
-1425
584
-465
233
-2373
1889
-1467
2656
2074
-408
-2163
1027
599
1285
1231
-895
-897
-1847
-3071
-3237
470
461
3231
-2203
3047
-1517
-640
-1633
1557
-3
-2918
3209
3066
1799
1975
2475
2691
-542
-1491
-1272
-780
-1624
930
900
-1658
3053
2829
2063
1229
2605
1748
1319
-3241
1917
-2400
-1987
-2893
528
181
-2503
-2593
2530
1073
-445
-1286
-450
-926
3017
-1975
371
1926
-2909
-2488
2148
-410
909
-2246
-1630
-3274
-1845
-1827
-1536
2246
-2976
2578
-2496
945
-1825
-755
-3218
-2576
-1715
-2943
17
-2854
1737
1383
1214
-1015
2714
-2205
-1638
2744
1217
3022
312
1183
-1095
490
1444
-2797
1374
-2204
2774
-2392
3269
2069
-1535
1904
1248
2080
-555
161
-1648
-1143
-1116
-896
2744
775
-2967
2269
2269
-2360
-364
2190
2784
2315
-2250
-334
1733
540
-765
-1615
2797
-254
-1368
-498
835
-2696
-3231
2739
-564
-861
81
-1024
-1989
-1643
2481
-408
-1210
1777
1593
-999
525
1880
-382
2583
2260
1494
714
2190
1719
-1750
-686
1190
-2239
-2613
2844
-2350
542
3182
116
-449
2861
-2396
2283
778
2116
1063
-1839
-105
-140
819
1710
2989
2934
-1465
898
-2150
3260
1553
-1273
1779
-761
2725
156
-1699
-3098
877
388
2806
798
-2010
1482
-3165
1825
-615
-1203
1501
-2333
1522
2929
1392
415
682
-2134
1544
-2740
-919
-2329
2800
2156
526
-2026
1633
-2541
-372
3160
-1341
42
-943
2913
-2455
78
2607
3047
-210
-2687
1663
-2742
-1273
-1278
1405
2778
-1179
-2922
-1874
200
-546
800
-1235
2127
2042
-2677
-1972
-162
248
-1872
-1045
1876
1151
1536
1747
-2387
-2135
1772
1689
-1062
1938
1137
-1426
1472
1741
2861
-2453
-2761
2387
-1721
-2289
-10
-348
-519
133
-561
-1513
194
948
1367
66
1696
609
-1197
47
1416
-1198
1955
-2282
-496
357
2553
-1487
2411
2999
1000
-2131
-297
-2491
2011
-3110
-2194
-336
2305
-2684
1683
595
293
-1248
-305
-953
-2242
3182
-2812
-1245
-3269
-1732
2645
-2426
-457
-1529
-2089
697
-2940
533
62
2254
420
3030
2370
3004
1596
1859
489
3041
1157
947
-950
2804
-281
278
498
-628
1696
-2483
-214
-32
-936
-1859
1111
-1470
-1119
-3055
2876
292
-1773
-2537
291
113
-2527
3260
1569
2171
-1833
-1821
-699
-2506
3066
651
1033
-1897
2233
-1425
-1037
-254
-2034
1686
3216
408
1147
3056
-2159
578
312
66
1857
2078
2897
1349
55
2662
-1196
1380
-1405
-1151
-1504
468
654
-510
-1917
2337
-526
520
3081
2187
1322
-753
805
-1967
3185
993
844
1010
800
3044
1769
-561
1717
-3031
2834
-1395
-2495
-1495
1630
675
1921
-2734
-2250
-3272
2175
3049
-2967
59
3195
-921
-2931
-2473
-2935
2526
-864
-1992
-2740
-1211
1063
1136
-2968
-2403
-2932
1637
2181
1183
168
3243
3045
-185
-719
3056
-849
-2085
527
1979
-2686
-1024
-2080
2274
-192
1517
1838
-1285
1767
-1382
1820
-694
-3088
1039
474
3004
2226
-2800
1503
2392
2979
-3059
-2311
-1946
-284
1110
-22
1061
-129
3077
327
163
-971
3216
-668
2848
849
-2938
1239
1363
1064
1211
2355
294
1563
-1427
1856
-1435
1934
1004
-2614
969
-2183
-540
3015
2441
1721
-1476
239
-2780
2085
2981
-434
-2541
-2403
-2260
-61
-3148
-2808
1380
1707
828
-552
2175
1460
-3233
-1754
2820
-2648
2866
-341
-77
2794
1389
-1699
-181
-947
553
291
-1783
2367
2644
151
-1930
1271
-3234
1639
-3024
-2896
3153
-2449
-487
-3243
2852
524
3189
-540
-2996
2549
-1777
1232
1740
669
1764
2841
1492
-1880
1611
263
-1775
-1005
398
1060
-121
-1642
-3208
-2735
-1522
-1858
200
1372
-343
1584
2621
-1538
-756
-825
1543
-2024
-1011
2581
3190
-195
1678
476
-3227
2092
1389
-592
1045
-1731
-880
2352
-638
2233
1327
-2578
-772
-2128
-1656
2172
-1562
-2979
576
1264
-3071
3125
1772
1264
-2711
-372
2590
-1331
-1728
2140
1311
1824
2722
1359
-2287
1600
-341
-189
1621
2513
2870
546
-1223
-1187
-1696
2320
-410
-2388
-1378
-2349
1211
2437
955
-2131
2685
1348
2810
-504
411
2893
3159
3260
1162
-655
3262
3253
1131
2103
2652
-1916
-200
-2732
-211
-2005
-3140
-2533
-2541
1851
-120
2613
-2241
-2070
1472
-460
845
-1785
2196
-769
353
-73
500
2053
-2354
-102
-1974
-2498
-1525
1777
1011
2020
2074
-1619
-3125
-391
-602
44
-2105
-3227
-1927
-3265
574
859
373
504
1654
2280
1984
-3250
1725
718
-137
1139
-2099
2724
2712
2833
2754
-1804
865
-949
-2755
2430
-421
1243
-2689
-1826
572
2883
1435
-365
-1531
-1328
1533
-3060
1660
488
1529
2959
-351
-515
113
902
1646
-418
2353
1210
-2570
1551
-21
1272
2362
-652
257
758
-3163
-1790
1474
-2482
357
-2142
-2533
-407
3048
573
2298
-1815
-2359
-2470
-2011
2489
-148
-1758
3028
-2114
1940
693
503
2212
2277
-1005
806
316
1029
-787
114
-3154
-2840
3072
-549
-811
-1457
37
941
-710
1210
-3134
-1864
161
1902
750
-1498
2959
-1099
-562
2289
-3248
-68
3093
-795
-2586
-1300
1138
-330
3213
-619
-558
-3003
-2589
2247
2830
-1429
936
2916
-572
18
3128
2541
-891
1835
955
2358
890
-2800
2591
-1970
2590
-2772
-306
1002
1989
3227
1097
-194
2954
-1377
998
-426
2751
-1206
2759
-1953
1166
1096
215
1540
1464
1825
-1328
-337
1494
2236
-386
246
-2825
-1411
-3026
871
2432
-492
1737
2865
-2283
2575
-1603
-1588
-2004
1838
128
2329
-432
-2621
955
-2982
2549
-346
-953
1792
-3233
1696
441
963
-2912
-927
1968
-2086
-2
1160
-2138
-718
-496
2798
854
3253
-521
-1759
1325
2050
-1718
-1402
-221
-1093
2355
-2615
3198
-2176
3238
-2229
-3100
-2999
1660
-539
-1229
77
-169
-2413
11
2634
2490
2516
661
1223
-2986
1085
1178
942
2228
428
1007
-3248
-3189
2169
-2411
629
2670
2842
-764
-1658
1227
-321
1712
862
-394
-2973
-184
-1780
-1493
117
2989
3122
2657
-26
-704
1249
-2962
1929
-1615
-2227
-2049
2170
-3188
3181
736
2699
-231
1742
865
1079
3165
-2716
2626
1280
-197
-1299
682
1310
3160
2670
3220
-944
-2053
-3213
-363
-2360
-1472
-1109
2257
-3033
-2448
1589
2044
1523
-2821
-2529
2533
1682
1542
1202
-704
-1727
-759
