1395
3028
-2156
62
2565
1699
-775
2077
1767
-2544
2344
-2676
-1888
2321
-1153
2968
-2566
3177
3184
-2020
-841
2489
-553
-1098
880
-2908
-2762
-800
2173
848
-974
2989
3037
-1891
208
2872
1395
-2498
-2325
-2232
-1638
238
1950
2295
-2049
-279
288
-2484
-2315
-3223
-502
-1146
428
1623
-1560
1937
1843
-2070
850
-2869
229
-2087
432
-2691
-113
325
-1498
1775
1898
1101
-2189
2027
-2116
-2611
2993
-1990
2971
-3032
-1133
1825
-1154
928
280
232
-378
2796
-411
609
938
1763
775
-1899
277
-1241
-703
-1785
195
-1393
-800
59
-814
-1276
-532
-2692
1415
1912
-1577
2907
-2257
2321
1328
-1929
-2405
-1932
223
2553
2722
796
-688
1623
605
-2466
-953
2454
1235
539
-685
-2131
1359
2465
552
-1225
-1434
2744
1132
646
-2202
1008
-2612
341
-3149
-2376
2733
1179
2928
-1818
-2264
100
-472
802
-2583
773
-1013
252
-1661
2864
2982
-1905
2864
273
3250
-1527
-1657
-1308
583
220
1618
-666
887
-1249
2765
2070
-837
3192
352
2334
1921
-222
88
652
708
1670
2330
1562
-2792
-1617
-3263
1609
972
2500
2351
-2635
1047
-2792
1106
-2047
-1188
-267
-2136
2060
-442
1515
2313
179
-1608
3122
2994
2214
-322
-2822
862
2456
-2338
2722
1264
-2008
60
-1459
-560
-3104
-518
218
1866
-23
2463
-823
2089
2441
2466
515
1175
3000
957
-3000
2759
-835
2137
-2864
-648
913
1452
-574
1766
2809
-1201
-1767
-1102
-480
-649
-2719
356
-2179
-3163
1215
-2357
-3023
-2457
-2613
-411
2967
-2985
-1820
-2071
3067
2109
1213
-1134
1591
-1544
2489
-663
2398
636
-553
2317
1364
-471
-2553
-30
1017
-2541
2043
-1867
2690
-353
-490
179
868
-3217
435
1595
-3063
182
-2874
-1656
459
284
232
-2942
-567
-2725
-2933
2948
1428
32
3191
-1066
467
-2380
-103
1378
1463
-971
-383
-2632
-2191
1523
33
1865
417
-84
3184
-291
959
2883
-147
1259
-2103
2752
-1037
1004
-337
-3216
-1432
1614
-1743
-2645
-2247
-1557
-1507
1780
-1339
2812
2917
2438
-2168
2539
-1621
2815
967
-423
-1880
1031
-1448
-887
-2988
-1095
-2522
-2894
-1839
-1850
3119
-3063
-184
-200
2225
-2738
3273
1490
-1513
1352
1776
-2416
1101
-2187
2349
529
-35
3060
-408
3073
2677
669
-2395
-2211
-2578
-2654
311
-2187
-3239
1735
2101
-817
2588
-2000
2177
-2920
1799
-216
-1862
314
363
-2893
1598
-3076
3224
1281
-2514
-777
-2746
-1969
-505
-1729
-3094
1784
2478
-1090
1759
2048
2295
52
3226
-2015
2511
1486
370
-1257
3238
-1945
177
-857
523
126
2022
2959
-59
2541
978
1967
-450
-2349
-3137
-871
-2975
1795
-1220
-1533
-3178
2143
-2370
-850
1103
-980
-2564
1500
3142
-1167
-1875
-69
-1136
2592
2613
-2117
-2193
-1521
416
-2464
2688
1030
-496
2835
-3135
-255
1972
-3042
2939
-1961
-2760
-2802
2014
-1474
2167
2250
846
49
32
2973
-1097
440
-1569
-1884
-2213
-1481
115
2814
1340
1434
1648
689
-1504
741
2362
-1764
3054
-1890
1320
-2714
-665
1092
1340
2795
2261
-3224
1014
-1421
-1810
-436
-716
176
641
-1132
-3133
-1653
2573
-2267
2291
-1922
-3055
-1748
1054
-2417
1189
1199
2037
-964
1640
-2480
-789
-406
71
-3251
-1800
-2443
754
-588
3200
957
2201
-3186
-1395
-1033
1938
2959
-2320
-429
-2284
1463
-1320
2924
3228
-322
-3058
-2807
-2817
-1094
-2097
68
149
-942
350
-2291
379
-2770
1103
573
-1462
691
-2331
-1858
2158
-838
-1104
1222
1450
894
-374
-2873
-2105
-3199
2017
2663
-3019
-309
367
3022
69
1284
-2234
-146
847
1055
-1085
-288
2295
2311
-1404
1172
779
2226
-2273
-387
-935
2402
-2566
-2193
-1625
2014
-508
3141
3179
2626
-1984
2660
1530
-2517
132
-500
2832
1535
-2159
-2277
-1071
-2844
-2588
2272
-1829
-2136
-1564
-2740
-140
2190
-277
-1405
-1289
-2962
-756
-10
2048
2041
-226
-252
-754
-472
1929
-3129
-163
-617
-2778
-3159
-1068
795
-2727
1092
-2806
-331
1934
-2939
-904
194
-1596
987
247
896
-1908
1145
-1762
-2565
421
1927
1291
3252
634
-659
-3060
2738
-1679
-3184
-635
1681
-274
-914
1568
-2161
-2269
-940
-1557
1886
1036
1110
-32
-2182
-1880
-539
-1511
380
2065
-1179
1274
-634
-3116
1233
-340
-56
-873
1934
-1061
2757
1736
1099
-826
2688
-2744
-609
-518
3097
35
3185
1460
827
-671
-724
-2486
-2038
-1766
425
-2896
1339
2736
-33
2129
-44
-2511
-1536
3100
-1761
-1299
-2691
-2101
3138
1796
2884
2133
-3102
288
-95
-2012
2653
2923
-2270
-2555
-2903
3116
2282
1178
1460
-1841
-95
-1793
2301
-1781
1806
-2251
-1167
1589
