-1575
-813
-2494
-85
-1164
-494
1072
124
1886
-1732
-3146
1401
-2703
289
-2668
2167
1047
2985
-1661
1671
-696
-1393
1962
-74
-3270
-2911
2989
1491
-1553
2833
-2306
-1975
2050
1494
2204
-1354
-1571
76
2458
546
-3239
594
1986
-366
463
-1824
2
-2438
-240
2093
2216
37
3093
-1619
-2338
-1021
-823
2083
-2240
-1687
-2252
1757
17
-1695
-562
-217
1827
1154
-2406
-3138
1469
2128
2715
-2134
2261
-2947
369
-2362
-2065
-157
2330
-1074
-1152
418
-1694
-2418
595
-1189
-721
-3059
3162
1832
1155
305
2490
-1369
-1805
1128
-2689
-1342
-878
699
-220
-2869
303
-2120
-188
-781
-343
-230
388
-2516
-1534
-2863
2935
3170
-1677
-2308
-1850
-2336
3121
-1626
-3081
-1143
2893
-14
-3136
-2956
-3159
-633
3112
1049
-3023
2548
2379
1329
1245
883
1173
2019
576
36
704
-2473
2836
2012
-3166
1580
-1910
-2240
3022
2901
3232
-3042
-1082
-2403
-737
2610
-1833
3059
785
-830
1701
-1933
2119
2282
-588
172
-880
2030
1597
111
-1480
-2639
-2771
3083
-1141
1593
209
-1923
-1126
-1869
2888
-1990
-2706
-791
-321
-1806
1523
320
2367
2917
-3064
-1532
903
-2372
1693
3074
-2079
-1750
3176
743
1846
-489
2073
-2485
-2870
2417
-2954
709
-361
-1476
-1936
2043
68
3244
-3056
2965
3117
-1498
-3081
1882
1913
-3029
2431
2102
3032
-1242
1081
2757
791
861
2131
1997
1330
2153
552
-58
588
-1893
1496
-667
59
-1057
148
905
773
374
1644
-636
-2477
-2591
-2609
1946
-2085
3273
2203
-1824
2745
425
-1602
-2152
1962
-583
130
2309
-184
-1000
1502
-1356
644
-3150
-387
1292
-2514
-663
-678
-576
519
2086
-1436
-1236
-3101
337
-1130
-1407
-145
183
-2762
-2745
-1268
-2223
793
-2610
-2000
1684
-1657
2661
2422
-327
337
-1847
-2071
-1458
278
2463
2286
-2315
-962
-429
1395
60
1285
-810
-2382
1021
2767
1930
-530
1274
-2177
2793
1332
-2198
-267
-1670
-511
2664
-1397
14
3205
-26
-3143
-686
-2610
-1675
-3188
-353
-261
2301
-1235
2782
-1972
2289
2786
2870
2487
-1245
-1021
-1625
57
472
2306
-2284
1231
2177
1255
3015
-3243
2419
-78
1754
1049
-3237
-184
-1726
-2173
2621
1734
-2783
2684
-1345
-1496
-552
-947
1811
1177
-1794
-1835
2616
-483
-2486
-294
2571
-218
-1039
301
273
395
248
1405
3232
2190
-1252
3140
-2831
1882
-1089
-1892
-2720
-2425
2989
-57
-1779
-1790
-2206
-2005
1704
-699
-2428
2548
-1525
-353
-2252
-817
-721
-2613
1542
987
693
2035
-2858
-504
-3232
815
-143
1838
403
-3174
3232
1581
1405
-565
2099
-2772
-468
2195
177
2310
-1054
-1543
-1948
-990
670
-483
-2931
-709
-209
1496
2463
-44
39
1322
-2916
2919
456
1295
-907
1332
-1254
-683
-1363
-703
-1483
791
-800
1366
3177
-3061
-2756
731
-3060
1051
775
33
1355
374
-2970
422
2206
-769
562
492
375
-2808
-1103
1499
-435
3034
2593
-768
-2321
350
-1228
781
1413
-2838
-3103
-1247
-2819
2783
1304
-1931
-2109
-1066
2452
907
-2665
2124
65
1428
3028
-2318
-1645
1272
1909
-1746
-530
-2639
-599
-2002
1707
690
1859
3052
3124
3128
2158
-571
-1992
-1408
-1316
3205
1792
1977
1987
1498
-2537
1241
54
-1176
2015
-1301
640
2211
1903
1973
919
374
-3252
2461
737
-1158
1392
-2588
-3133
1607
2902
1721
-2937
687
681
-1047
-2636
-1749
2859
958
-2637
-231
2150
-1178
-2611
-1912
-529
-648
1439
2505
1465
2761
3004
-3259
1414
-2233
-521
1948
232
-1076
-2476
768
2330
10
1455
3109
-1097
2995
472
1079
211
2023
1318
238
2792
-154
-2826
2312
-3196
722
-2554
3086
2201
-774
-3231
1784
2101
-2247
-2838
-3010
289
1185
-1026
861
-2208
-1020
-977
10
3203
1929
2812
-1583
-2649
-2016
-2855
-1238
-2686
1952
-2697
2668
798
-491
606
1485
2250
-756
-80
-829
-1901
-1499
-702
430
-2518
840
1649
1811
-849
-2862
-2316
2310
-1555
-1577
2792
2017
-1934
-1659
1894
2794
-3188
266
-1477
-2093
441
-2898
-21
-2618
-595
1120
-1580
1347
-86
-2557
2818
991
1429
2
-1201
2350
-267
-1572
-980
-2137
-3138
-383
1782
-499
-1020
947
1962
3133
245
1960
-1833
1313
-1149
879
2593
1632
-2424
1628
-2252
-2677
901
-2336
1457
2571
-3162
1127
-3079
966
1635
-3123
530
-481
764
-215
-1711
1383
414
3109
1197
-1181
2956
406
-3122
623
1472
1886
1817
-946
-720
2980
3006
-12
2709
1106
-1758
-1386
267
-372
240
-370
2812
2201
1978
-96
-197
2310
2598
2231
2001
-1917
-1215
-2906
1426
3172
2217
1451
2469
-3091
2542
1577
-689
139
-574
-1470
2247
1473
-954
2458
-1208
-2937
1286
1019
162
-1660
1277
59
1737
123
-1290
-1587
1768
-1365
-2080
-187
-742
-3069
-329
608
-2056
1767
1710
-1653
-2156
-2655
245
598
1289
129
2994
1107
2007
3138
1455
-1135
2801
1467
1553
-2576
-2721
1432
-316
-1785
434
-1992
-566
499
2612
-1005
75
267
1360
2342
-2638
-1397
-1502
-437
800
-1460
-791
-2898
1990
2957
-1295
-2743
2193
2891
1670
2795
-2734
1125
-1228
2612
2112
-2869
3209
2961
2258
1803
2650
2627
2737
70
-2193
1564
-1868
-1736
-84
-2585
-2035
1587
771
1261
-1304
2463
-331
-690
-1844
-1175
-237
1678
-510
-1618
-992
-1326
1195
222
-439
-442
-493
-2169
-1623
2343
1131
741
3050
-913
-511
168
-825
254
1247
1292
315
-1822
-360
-3057
-1100
-1480
1289
2602
-1976
2101
-3225
-1045
377
-1877
3047
1493
2744
-2719
-866
-1905
1879
-1451
2054
-3011
3053
-574
2815
2779
1761
-270
313
-3031
358
-120
385
-1277
1746
3251
2051
2552
-2486
-252
699
1445
-3010
746
-1858
1552
2966
1824
-1543
1717
71
-231
2570
582
-656
-2198
-3233
-1606
1452
-1328
-1809
-123
2130
1823
-1931
-2343
-2242
-2825
507
-1462
-124
899
-1721
-2518
-2611
782
2614
1499
1372
-601
904
702
1579
1546
2862
887
819
-2959
-862
-659
2820
-3238
-2105
-2505
727
1910
1596
-219
-1719
283
1405
2125
1741
-549
1154
-181
-1770
-595
835
279
-2447
-219
-906
-2272
2857
2241
2412
2786
-872
-1552
-2712
1709
-1081
2193
-2670
-2138
-299
-2348
-1396
1215
2725
-2440
-2530
-2270
-843
1828
408
-2571
1677
672
-3037
782
2805
-2116
1700
176
-3199
-1658
-2487
3163
-1455
-740
1088
-2174
-2995
-1712
2430
3139
-517
-2355
2684
-2753
1
1395
1607
2284
-1984
-1306
-2844
1317
2706
-767
-1333
3043
407
1975
1993
-1147
-3117
-2788
-1439
760
533
-2651
569
681
2432
2365
-3088
937
-2238
-193
1093
1249
2947
2663
721
15
-2478
762
1872
2278
-1214
999
-913
898
-3263
-310
-399
355
-2950
2856
-504
-2844
-48
-1011
3026
-1056
-574
-2153
-2691
-128
-577
-443
-2592
1964
110
-1886
2698
1336
-1899
441
2614
2723
2925
-44
-2798
-1252
1814
407
-2125
-2903
-1533
2022
1055
-2953
2037
403
-2606
-242
3053
626
2363
753
1919
2589
2609
2691
-2503
-1029
-2349
48
-158
-1080
-660
-2096
1973
152
-1985
-376
1806
842
1793
-2622
2881
-1584
2436
-2715
-1519
2829
-3215
735
336
2449
-1167
481
-1304
-344
411
723
-2605
-262
2054
-2426
1985
-2574
-2737
-128
2962
1890
-1641
2859
2601
-447
-3248
1825
-105
2159
-2641
-3049
-23
2036
1209
-3254
3000
3171
2230
-1817
-957
-1137
-1651
1582
-1139
2045
-1667
-1964
2709
-2870
1980
2328
-1030
-1924
272
2605
986
-680
948
652
-386
81
370
521
-121
419
560
-84
-866
-2230
-757
-2026
2591
2003
-726
333
2580
-1966
715
-2648
-1215
220
1107
1727
100
-1904
-172
-1356
1351
3139
804
1843
-827
-2117
-2788
-1863
-1509
-2736
1012
1062
-744
2688
-1774
-1444
1786
-147
820
-1437
-1991
-3201
-2903
-1181
1978
540
-1490
-2912
-1682
-206
-582
-1133
-2421
1351
-639
-1966
2095
-2526
1323
-2627
-725
98
-1335
-1540
-1214
-576
2519
98
-1489
-1832
1058
49
1994
-2909
1773
882
-1957
-2179
-2052
-2304
-671
1875
273
-2700
-415
-530
668
1376
-3206
2262
-2422
1419
2824
1874
-1671
2085
220
808
-1404
-3194
2669
-456
-1994
1028
-2493
2835
-881
-925
-2662
-1099
1420
1474
-1405
2875
-1630
-372
-2324
1715
-1122
2007
1931
-2730
-1192
1549
1191
2322
1377
144
2786
1639
-2597
-2076
-88
2447
2366
-759
1174
-1999
3124
-1466
-3217
1752
1641
-582
-1535
-938
-1819
-2454
792
1616
-2407
219
1972
1814
2162
779
-1596
-941
2508
1003
-2270
1528
-142
-2178
-605
2729
-66
889
-2891
-227
2963
-3196
2625
1039
-1639
2498
1301
2232
-1021
-593
-2
-429
1715
-1979
-984
767
2431
-2494
-2419
-2905
-310
-2851
-2975
-1798
1952
-715
-774
699
-782
-2706
2418
3067
-2619
1987
-1179
3201
-1379
2177
3007
-1151
290
-3199
-2884
-2549
2966
1875
-2083
-994
300
-2450
-147
-2952
-1139
-454
2440
-2648
-754
-1444
-1831
1272
-644
-2627
-1641
798
274
1542
57
2965
106
135
-98
-449
-1876
-2888
-1447
1106
2497
-209
1486
-1907
-514
-2327
2729
2719
2863
-3047
1653
2577
1980
2935
3119
829
-2500
-2509
-1118
344
-3057
347
1467
2784
-2799
-2167
1614
1361
-314
2541
539
-2975
2509
-474
-193
356
957
-111
628
-1754
-499
-908
-3243
-2678
700
1026
2314
-544
-790
1110
-2475
819
-196
-73
2810
-211
-735
-1175
-880
-297
2216
-1063
2229
445
1587
-443
-3117
1027
1221
-2493
2255
2640
-2622
2430
3204
535
-2878
-45
-967
-905
3050
-3039
-1368
-3116
841
2785
-174
-3160
-1858
-84
-2767
2252
-1153
-242
2638
-171
-1343
404
-1725
-848
2498
1584
-3182
1934
833
135
2626
299
3036
-2983
-3179
-2161
-717
-2559
2590
-2571
-2154
1905
3118
-1482
-2807
1551
2501
2489
1339
1037
1399
-975
502
-2961
-894
-990
2580
3
2100
-3154
2475
-942
-3207
1220
928
-1987
789
2083
-921
-2414
-1334
-1209
-3170
-3191
2075
-2366
3108
-3216
-402
2434
3208
-2979
282
-997
-828
2808
-458
667
-571
2888
-3152
-1633
-2709
55
114
-2955
1244
1278
2707
1653
-2994
-1203
-1332
-3156
312
-2535
1179
-1302
-56
-3155
-2765
-961
3247
-2590
-3031
2395
-2567
-345
143
-366
486
1009
1174
1544
335
-2069
2344
3215
2189
91
-1464
-1235
819
-1207
276
1985
-234
905
2622
-36
-2443
2908
2895
2136
3146
-2554
3240
-265
-1602
-1091
-1265
1520
784
-1661
-2580
2773
-1098
3200
2830
1646
866
1941
2339
2409
-2897
1553
2981
-603
-2982
-853
-2828
1142
1119
2282
1050
2866
2418
-656
1296
-2456
-388
-1102
3137
-1341
1135
-2905
441
-2995
2101
2072
2314
1433
-3187
-1114
214
-1810
-2225
-1700
1561
2748
1715
299
1299
-2322
509
2693
3016
774
-2400
-344
-173
2179
3117
910
-2200
-2557
3255
797
495
1289
-1577
-3085
-1280
-1115
-681
-2606
-1897
-836
-211
1718
-2377
727
-1715
-1947
3112
-3254
1017
-3004
-2454
-809
1454
-1362
-1047
781
-373
1296
1952
2550
-1321
1873
3268
-2193
-1545
-2848
-3269
-3036
-853
1519
1335
-1463
3008
2472
-2851
3003
352
-3118
2462
2357
-2863
-565
1270
-2480
2382
-1904
-384
-712
2400
-1872
-1797
-1527
-2889
1921
-2300
2128
358
288
2663
-768
810
2525
2621
-431
1681
-296
-561
-2946
-2852
-3053
-2029
-2373
-2124
-589
2016
1708
359
167
1044
1362
-2059
1187
-199
932
2322
-434
-613
-2505
2383
2883
711
253
1115
-101
-818
-1743
-2178
2824
-90
-346
-2655
2691
2932
3266
2209
-1915
-720
-1972
1829
-3251
3143
-3259
-1516
1416
1762
-1886
-2496
-2440
-127
1560
-124
-391
-1827
14
806
605
1819
-1717
1510
-2200
-356
-2185
199
3133
-2278
-1323
2781
-203
1641
-873
-767
-2834
-864
2280
-969
-591
2322
-2131
-2805
-2596
-218
2210
1778
3206
2081
2551
3072
2159
-2759
1892
-1488
494
789
-1436
-2464
-3206
-177
-1115
2105
-1788
3217
2562
-2091
-2510
425
1696
-1589
-384
2080
-512
-2006
-1120
-373
1745
3210
197
-270
-2584
-1856
-277
741
463
1489
3021
-1550
1267
-1235
3228
-751
-971
1809
-3157
2327
-614
-1573
-898
1348
-2674
-821
2489
-2275
2705
823
-2526
2228
1024
1626
-1254
998
22
-1733
-2169
-1589
-2443
3135
-1007
2602
-790
1548
-366
3071
2986
3030
142
-384
-905
-2347
2409
-1039
-2984
235
-2563
2133
-2828
-974
185
-333
-1275
2166
50
-3017
235
1448
-1975
88
-1915
-125
571
-1552
709
1382
2055
765
-945
-2908
-2841
-1657
-252
-3090
1364
-2462
-2333
3087
-900
-3157
769
-1484
112
-2513
-3121
-3241
-1439
-1473
178
3247
-544
1399
-728
513
-353
3025
-2981
2193
2396
-1920
1563
-398
1876
2436
-3032
2654
1217
1631
-2729
2797
-2139
296
-3191
-1242
1483
1970
100
2090
2825
565
-3014
1416
-1237
2935
-1918
404
-3075
-205
-1940
3264
2551
-411
2070
-1764
-2566
191
1560
-394
2833
-1652
2141
-1778
-3074
1014
1603
-1378
-1283
-764
-348
-1334
1716
802
1192
1622
254
1115
1079
2916
-2861
-1471
-2421
-1666
-58
-2791
390
-637
-3243
997
-338
-2077
-1932
-2701
2649
3036
2153
397
-2185
-2798
2517
-625
1856
-594
581
-1887
266
-1405
-2359
2160
2459
13
-2321
-126
-723
-1934
-3103
-1955
-2750
1077
-1309
1348
-2358
411
1784
1639
-820
1217
1098
-416
1661
-95
-574
-1132
2587
239
-1958
2467
1983
2325
234
-257
-2488
2200
1543
-400
-3275
1976
943
2941
1403
190
2277
-2436
-359
-2633
743
-1313
1605
-1995
32
3119
75
-2801
2887
647
1030
-691
-2822
3055
3266
1048
-3101
-2349
-2996
-800
1450
2790
-3081
-2602
1977
-1460
-2078
3228
-2888
-874
-613
2536
-783
2172
-3107
3172
120
1737
-221
820
1365
-2063
-2168
1979
-1829
2107
-1999
-1742
-859
-690
-1834
2076
-767
1487
-402
633
1543
-1020
-2180
1573
-1478
384
-536
2842
-2177
865
2040
-1168
481
66
-2908
3171
-938
2791
49
2974
-2171
1737
732
-2413
-1735
-1600
-3129
-2608
-1947
-804
-3159
3125
-3248
2210
-1371
2043
496
-2522
1362
-476
1270
2203
-3017
-1355
-334
2103
1760
85
-46
3141
-374
1277
2020
888
660
-1225
-2346
1070
1890
1905
-1259
-1372
-1639
-2897
468
-600
-2918
-2207
676
-2594
2691
3182
2184
-401
-994
-531
-2399
-2411
-918
591
-437
3117
-2645
-2406
591
-63
-387
1868
3129
780
-2108
-2179
-97
-1468
-468
2359
-867
-156
-2422
1960
876
-361
-375
1140
-1813
748
1441
-3241
-3031
2551
-2048
317
220
-534
-2759
2548
1549
827
-2851
1204
1545
2922
2410
-1290
-1715
1428
2590
2005
-2311
1324
-2222
163
-945
-1843
-2339
2236
-1543
-2863
2518
-3100
1047
2825
2548
1429
2221
2551
-2377
1139
-420
-2585
-2026
1052
3089
1289
3227
-816
-351
-119
-887
305
-3263
1881
2631
-2015
3153
-2854
1048
-2319
2898
-1348
124
291
671
-620
2475
-1926
2056
1707
-2389
484
3262
1304
2130
1171
686
-2750
2373
1745
-2219
1154
1634
1755
-951
-438
1959
872
-2468
3131
227
-675
-1127
2488
2316
2853
-1637
-858
2862
-1742
-2041
-1553
-1667
2216
-2531
-124
755
2319
2794
917
-1885
-974
-525
-1125
1439
1983
-1319
1787
1124
-201
-2008
322
-2822
-1758
2809
-385
180
613
1087
503
3275
2769
1451
1210
-2877
1353
-1374
-3270
-694
-408
2765
-164
389
-1072
1562
-320
-2843
-1970
462
2981
-3002
-2956
1952
-2199
1680
-3005
-1369
249
2852
-2408
2144
-1929
-175
563
422
3272
-1967
1966
2955
3176
-1152
422
439
584
-1609
-2781
189
465
1667
1618
-602
378
2642
1413
-1659
-1274
-3
-2936
89
10
-3025
-589
-168
2224
-978
-72
3173
2666
460
-1614
-1164
-2935
-3264
1935
-2628
-2939
-1459
924
-2778
1820
2164
562
251
770
2616
2779
867
2602
-2058
1596
-1031
-3001
1627
1414
-2427
2941
1334
1172
-2051
925
714
-1847
2993
-994
-107
-2877
-3024
-2947
2690
-1869
-1979
1386
-2920
-521
848
-998
-534
2037
1258
554
919
3184
-947
-1088
646
1130
2051
-38
1578
-1567
-838
-1326
-1028
467
-2078
-2365
-1526
2807
-1774
-57
1823
1741
1333
2541
38
900
302
2143
-2590
1426
1968
-2696
-1040
-50
-872
-303
314
2132
2418
-2913
-3069
-1779
-1678
-666
-45
-2698
3080
2754
-980
1625
526
129
-3231
-609
-1582
-885
1927
-1728
-798
-1285
1619
1344
-2650
49
1036
-1427
1495
-177
2204
674
-25
83
-224
1777
-67
-3242
3029
-516
2010
-1722
-494
-2286
-1336
2496
2151
2512
1995
2716
-1442
-1780
-1278
46
1077
541
-228
-1374
-2342
106
2106
2131
61
-2597
-1035
579
-3268
3163
121
2564
3016
-1738
2538
666
919
1058
-346
-2415
-1913
100
-1129
-1471
2286
-2236
-2405
799
3233
-2737
2873
2367
-3232
586
-914
1243
-2176
-446
2366
-720
-2189
-616
1811
254
-346
-2141
-1293
-2534
-2914
-402
2480
-2421
-1525
-392
-2003
-2817
-737
579
-1452
-62
1686
-948
-829
-219
-1877
-2276
1550
571
764
-1006
-1293
1939
2882
-1518
2402
1465
-1599
-2035
997
654
1945
900
3265
607
2980
18
-2030
2148
-2372
2036
1013
1431
1147
-2917
2777
-2305
2275
2652
-3102
1700
935
-1380
1583
-1932
1409
1531
-1844
-1625
2204
-1626
2374
-1058
-503
397
2219
-125
-1565
-2296
-1412
-2961
510
-530
1264
260
-2377
-2832
-1372
-2698
-1779
-1587
1274
-1217
-2296
-1537
2220
-980
-3237
-1033
96
528
-1563
-483
1319
-1316
-2350
569
1668
-2786
2443
-2378
2432
588
765
1675
3127
-2443
-2157
1649
1597
-1405
463
-2199
-1217
-2226
2971
784
-1533
234
-1923
2474
2735
-2664
675
1709
2151
-2437
-2245
-3002
-1637
2388
-2005
3165
1982
-358
439
2864
1153
-1953
-1065
-1620
-2585
2006
-3186
782
-3103
3221
1419
112
-1348
2011
-2725
2879
-2386
-3059
-812
-459
-142
2843
454
880
309
604
2210
-1020
2048
232
-1753
157
-198
836
2222
-265
282
-2643
-3100
2405
-2351
-709
-1726
-478
-1024
559
-1186
-772
-235
-1133
-215
-586
560
-1683
-2365
465
-1844
2029
-251
-2642
-1664
-115
-2183
2041
1053
2051
-584
2081
-711
-2378
-1658
1037
1214
3028
1078
1355
892
-1337
-2423
291
2102
451
-55
2927
185
2966
-1427
-2136
-3044
-1027
3109
1967
-1854
855
-952
-265
-623
-2886
99
3188
-1188
-1430
-2929
-1338
1017
-1330
2623
391
566
-284
-209
2100
-2263
-1003
-2788
-2511
961
872
1190
-3149
899
3228
2602
1974
2673
-2961
-1171
2860
452
3163
1385
-2199
-2687
-1498
-2279
-2286
-298
1653
1040
1688
2958
-812
-611
513
1176
1446
-305
841
1367
1800
1002
-2524
742
1357
1682
448
-155
2438
-1959
946
-1139
853
1585
1029
2848
2061
444
-2556
3224
1740
-457
730
349
-2875
2510
1606
2483
3247
2639
3072
659
-2447
-2152
875
1727
1247
544
-1072
-1629
-1413
-1456
-2626
3112
-3099
-2892
-34
2911
806
846
822
1770
-1527
1101
-583
-2815
2556
-2891
-2401
2068
863
1510
1577
-834
-991
-985
-67
835
-242
-2477
2089
394
-1536
2529
-2922
-1673
-790
1244
1017
-1827
-10
812
-2308
706
-777
1949
1561
-1925
369
-1289
884
-659
-2878
2863
-919
-2097
133
-310
156
-771
-2494
-2327
3037
744
1504
2766
-619
-2416
1639
2098
1199
2424
-656
1733
-530
-1985
-1373
2209
-786
3010
-250
1367
-2576
3122
1219
1373
-1522
197
49
-1464
2960
-3003
-970
1467
1123
1109
-1915
-877
-858
1944
1452
-2998
-1281
2745
2696
-1304
125
-1048
1256
2362
2981
1426
1603
-320
-1253
395
740
-1183
2101
1680
-1539
-1641
-1398
-2892
2725
-1882
-1501
-2703
-876
-2290
-727
-2016
-524
1630
-2701
195
2603
-1553
-2044
2452
3057
-1323
1255
-2609
2663
-2825
1173
918
-62
2024
-1542
-1309
1465
273
-633
339
-2922
3040
2001
190
3127
-1209
265
-3042
-774
108
270
-102
-1225
3134
-1242
1358
-1919
-1613
-2098
-3126
-861
-1080
-513
-2482
-45
2710
999
-1265
-1805
889
1380
-1581
-1945
-1884
-2623
693
-1395
2053
1069
1217
310
-232
-1872
501
120
2589
-2851
819
819
-2684
-839
-974
2060
-858
-1650
2908
-352
-2622
1920
1451
1822
103
-3243
602
-2596
2158
-1481
-2926
-1884
2979
120
2890
1961
-141
1806
2774
-134
1571
22
-806
1748
1477
2659
-1634
-2171
-2441
1817
-581
1432
-1946
997
-2442
-2062
1839
1610
-3001
-1499
-2639
1261
2980
-1832
-876
-2162
-2874
2712
234
1250
1525
-2772
-2907
1749
-3058
-2144
1909
1469
890
-3010
1793
2914
1954
-744
-1948
1886
-1829
508
-2764
2011
-574
-1771
375
-255
2476
388
-1287
244
680
2296
-1325
-2169
1384
1009
-1948
2664
-1576
-1753
-221
-2433
1420
-1455
2729
2030
-1896
-1450
2025
807
2844
2488
-1725
-1008
-2940
2418
-1135
2397
2377
1854
-2421
665
-1060
846
-3105
1487
-1665
-3079
-1263
2062
-1788
3038
430
2654
2037
-434
2854
1731
845
2904
-3059
3064
2975
933
-92
-3148
556
-2204
-2762
-1194
-879
3047
257
-3063
-964
1211
-2384
1996
961
1363
2777
827
-26
-591
-1797
1785
2419
2446
-1171
490
-91
-1059
-2034
-1961
-2743
1346
-3044
2793
-2472
2367
762
-1642
-2778
1497
-1290
-212
3046
-2378
-2839
2102
-300
-676
-1459
-838
-1048
-1231
-3123
-2569
-2947
-2105
-1147
-1893
-1628
2456
56
1429
86
888
2193
-861
-2102
1220
-2281
3255
-713
2474
-2638
2357
2807
1711
2531
-2244
2389
2749
-1442
2862
544
413
1562
1769
-535
598
2083
2380
-2310
-3220
-1454
-52
2962
237
-2429
-2747
2945
-2413
2887
3139
-1797
1866
2305
-1727
-3091
2971
-601
2720
358
-2982
569
2487
3154
-1949
1580
-2398
2398
-455
1263
202
-2861
1325
-2478
2172
1659
-2089
1292
-1051
2232
-2901
-2525
1610
2569
-2744
-1127
-2551
-2782
33
-2236
-640
-1607
-419
408
2788
-2233
-652
-603
-44
-2720
-1782
-2513
-2055
-279
3102
3263
-3250
-2018
1895
-699
2145
-1257
863
-3169
3119
-1306
1054
1880
-2779
384
1548
2826
1041
-2944
516
2750
-3042
708
-824
-1710
-252
-1634
401
-2504
509
2445
2667
2075
119
3197
901
244
-2060
1212
-71
-2198
1424
-445
-3024
3243
-1058
311
2026
-1442
1583
2137
-2797
1283
-1297
2462
-861
2745
-1871
-1597
334
1676
-1626
179
-2589
-276
-2781
-3154
2932
3214
3274
1762
2367
-2468
3155
-2533
-944
2020
151
1244
201
-3018
857
-1380
-1565
-2575
-1208
2239
-1693
-1544
-448
3093
-587
-3120
-286
-2275
402
973
-563
2721
-1325
-991
-1131
-1156
-3156
1665
84
2114
-1371
-356
-2412
1705
-16
2520
711
1179
2307
2295
-1631
-36
3181
-270
-2349
31
1340
1132
-962
-3249
3138
636
1799
2358
-741
-1524
-1178
-886
1741
255
2751
496
-2403
2515
-788
-566
-193
-711
1224
-1713
1880
2301
-1816
-1701
-89
887
-2988
307
-2561
-1910
-2460
-1066
-2391
-712
853
2650
-113
98
-971
-2990
-568
-513
-2459
1638
-1709
1287
3089
-1080
-1807
2780
77
1661
-592
-369
73
-2841
-1017
-2097
643
-2752
-1881
-1403
1241
-3040
-1678
-1458
1575
2915
-789
1466
-2857
2250
-3274
-3179
-688
2374
3146
403
-208
2393
2797
-1991
-1968
-2809
3148
2475
-2194
-1594
-2191
922
-1245
1080
-2567
2875
3174
-2305
-2105
1319
-1664
-2318
-522
-484
190
-2557
-2731
-1295
594
1130
-1439
2916
-217
-98
2533
3013
3203
71
-1044
-1814
-2929
1780
864
-17
-2395
-924
1123
468
-1563
-1882
-2398
-2563
1978
1657
-642
-1200
-3204
-579
3040
-403
-1539
2340
393
-2814
-1658
-1527
939
-518
-687
-1377
-1222
-505
-2868
-3228
-1390
14
-2884
2748
2397
2601
-1540
2732
-2805
-285
-1972
-516
-1567
-819
-2461
-2011
-602
432
-493
2144
2375
-2423
-2463
609
-812
1529
-1784
1206
-2591
-1866
-317
-1294
-1496
-1749
1108
2763
-2180
-2396
1094
3203
-2570
3090
-2740
2466
-369
-943
3124
-3245
2983
-358
-1588
2985
-1229
3025
2374
148
2645
-110
-75
592
-1395
-98
-3048
-1745
-169
-2888
89
-254
47
885
2161
3173
813
-398
2925
1436
1989
-78
-1838
2765
-1789
-2967
3248
284
-61
-3012
1348
1537
1861
-149
-20
-3086
-1876
2523
-2615
-2024
174
1812
3207
790
-721
-2649
-1228
-3005
-230
1328
653
1648
1743
2783
3210
-1227
-2385
-1095
181
1658
1573
951
-26
-3225
266
-1392
860
-2653
-2082
2632
1911
1485
-2826
1432
2666
-2209
1841
1164
-824
-2954
-817
741
1177
798
-3034
-1521
-22
2886
-2
-533
-1568
-392
-2783
-1309
2064
2285
1177
-1614
900
2439
2415
-2076
-885
2098
360
-1413
-1091
538
340
-698
-1497
1564
-889
998
-1687
881
1233
1998
-3115
1524
-1957
1142
2738
-1379
-3051
-3020
-2166
-1417
-709
611
2460
983
1849
-1227
-590
-2862
-162
1992
763
1276
2712
3209
-1764
1560
2736
-1614
1858
2231
-1741
-99
-2359
-2556
303
-3078
344
-3225
-616
-1749
-169
13
74
2856
-3117
2765
-3176
2039
1280
1737
56
947
-2782
-1006
-2747
-2649
-1988
356
210
-713
1202
-49
1766
1487
2208
2667
-68
3265
-1336
-2298
-2510
-859
704
78
-2273
-797
-205
1111
2751
-1739
1043
1672
-2335
1525
-1734
403
1359
1658
-381
2098
-215
-1621
418
1150
-2431
2070
3165
-1273
-2852
1107
3248
564
2568
2913
-1105
-651
1946
-2872
-2126
-3208
2194
2310
856
-1257
-2310
2499
60
-728
-2608
452
2151
639
-646
-321
-222
2884
1032
336
2805
516
568
100
2420
-2203
-853
1074
2895
-322
2018
363
323
-2378
-210
412
-3169
-1307
-1696
-2061
3249
2655
-1122
77
-2037
1877
2386
-656
2841
2453
-1210
2729
-2815
2555
-1068
-1499
-1833
-2746
1214
-916
1078
-546
2806
-2065
2186
1356
-47
776
-2997
991
-935
-2770
1453
-874
2550
-1509
-1855
-2610
3102
-1015
2415
991
1514
-2303
918
2995
-2684
-1423
2890
1846
1804
781
1739
-2824
-3021
-592
2468
-1017
-1573
1974
-643
-2162
-2146
1207
-1469
2769
186
780
2705
2953
-2992
-1894
1906
-1923
-54
-3084
2365
-62
-176
-173
-850
1819
2964
3116
-165
-2015
1325
-1879
-360
767
451
-1437
-2811
1851
2203
3042
-2819
3139
-1411
1659
-2382
855
471
-1958
3224
1336
-1543
1598
1024
-2104
3272
2136
3115
1823
-1262
-2751
-711
-1110
-2901
-2897
920
2294
662
-1048
-3213
-344
2863
3079
2245
829
-542
-1765
2176
2540
-1458
3184
-1033
2863
753
-2887
1577
-1533
960
332
-2836
-136
-1293
1206
-422
-2137
496
-3183
264
-214
-1043
-1294
1307
2463
-2319
1223
-2581
-968
2653
2596
-1483
-1423
-1510
852
310
-1704
520
-3263
-2943
-2498
2353
-1292
2669
-1
-2292
2222
1239
640
-118
-3038
234
-1415
1956
109
-1259
2608
593
-929
1656
1628
-1497
-2665
640
-2050
267
2428
-2428
-2846
-2124
-641
-1427
-3078
2084
2916
1116
1901
-3143
-915
-3128
79
741
1650
-495
-3064
-1075
1153
2047
-695
-2254
632
-2703
2341
1752
-1115
-279
2694
-2164
-233
-469
2126
579
1023
1307
-151
19
242
-2675
-1685
-569
-2162
2304
378
-2210
2930
2298
-1680
2187
3008
-2210
-1517
-608
-2994
-919
-723
-1044
-1264
2501
2774
2661
-626
-217
-1209
-3196
-1536
-2102
1432
1131
-3228
-2420
2971
2604
-2070
2242
970
1616
-661
-1904
8
-3086
-331
-980
-1965
-2584
775
-1437
-2162
1139
2365
1142
1488
354
-657
-1130
-1372
-207
119
-3204
-955
2967
2653
2046
1810
421
1610
-2321
-2620
387
1364
-3041
-1667
-2120
2974
2517
-2943
2966
816
-2769
711
667
1934
1584
3125
-2219
3091
1510
412
2460
-1790
-2163
1121
1280
741
355
329
-1883
2264
-505
-281
-3074
1930
-1092
3001
1180
2467
-2567
428
-864
-1073
-3140
1126
-438
-1540
2266
3242
-175
1643
238
2700
-647
-105
-1302
-2928
-3030
2045
-1420
486
2919
3258
-2397
1205
703
798
1973
2827
2697
-2388
-879
-2546
-2821
-1577
2878
-2195
978
952
950
-210
2017
2494
2311
2686
-748
2543
861
963
-1152
3023
2230
-760
-3248
-2664
-416
-585
814
-1369
2900
225
2153
-324
-673
-2084
844
-2237
3270
-1159
-2066
-771
-1187
664
2472
-1579
2381
-181
-2096
2785
1001
333
-2484
-508
-1297
-2746
-1423
-1875
3193
-3156
-1513
-2634
-836
2382
2417
2103
-1843
-1085
-132
-1539
-2182
2722
-937
997
-1625
3099
1246
1286
-2364
3245
70
3057
-306
3091
-3047
2993
-1085
-1436
-114
-1674
3258
2005
3122
2504
576
-878
-1627
2120
-1058
-1647
-857
-1203
-1185
1317
1236
-2742
1725
1859
-272
2805
1810
-692
-660
-2575
2835
-2259
-439
303
-425
1481
-863
-66
-2344
2581
-494
1450
1860
25
324
-468
1063
-34
2252
-2120
1229
-1171
-1739
-50
-2484
-1466
460
-529
2882
1422
-3092
-945
167
-2381
-65
-2560
-3041
-2508
1479
-759
-2690
2948
1935
-3175
-3241
621
-646
2885
-1503
-2585
-2126
-348
1898
1253
348
1543
351
1806
2670
420
-37
2025
-2721
-2631
-2747
-3073
1440
2688
609
2397
2885
2456
-995
-848
1148
-90
668
1600
-2614
-3111
-2048
-678
813
-169
-2704
3230
668
-1317
-1785
400
473
-2624
2646
-773
753
1181
2143
-1759
-228
1373
-994
2807
1386
-42
941
999
3262
-789
2004
-1748
-2992
2211
-1616
3211
-2734
-1303
-2172
109
-2127
-3001
-623
-809
3013
2417
-1302
1766
-2120
-862
2722
3161
-3031
-1256
-1775
199
-608
-3065
-154
2535
177
3014
1889
-2279
1393
1361
1606
-2500
-1045
2991
-2018
-343
-1231
-2311
2613
1484
-1738
3240
1756
-2133
2345
-672
1508
1791
-875
-1828
-1869
-1803
-880
547
1801
-919
-2593
868
269
-1790
1284
628
-1410
2291
2315
722
-1865
-912
-1830
2400
1298
-1381
499
2486
-3212
-2077
2754
3231
1499
-3263
225
-346
-1665
1316
-2999
-360
-890
-2364
1531
1671
-2093
1470
1915
-1953
2020
283
2045
-1068
-2774
1606
-315
1642
574
508
1253
1826
1058
-1922
-736
2587
-1603
2526
-644
1053
-2573
-1068
3016
166
1345
2953
-3162
937
-1661
-1153
1369
741
1161
-1350
-2464
-2593
1348
-403
3095
2950
-1469
598
-1528
-322
441
1368
-1284
-736
1755
-1597
3210
-2920
298
-2948
-822
-2835
-1713
2570
1696
-2747
2542
-248
2969
-2538
-1707
-193
-3032
-1011
3266
-569
2568
2195
-2146
809
-2537
-1198
2464
-3230
2125
-2359
1540
314
-2175
-563
-2221
-2738
3266
1997
-2675
3129
-204
-3023
539
-1711
2895
-1078
2729
1327
2463
375
-3041
-2110
42
-2933
2859
1707
2761
-1052
1165
1164
-2963
851
-2052
1517
-379
-134
2893
1881
1304
880
-820
-1659
-726
-776
2191
-1453
-1688
-2346
-295
460
-1074
1345
2593
-567
-2009
2005
1232
1672
2778
537
678
-771
-2074
-1760
132
128
-1164
2620
1770
-586
843
783
-1858
872
3116
-2601
1487
1446
1271
-1679
2357
-2193
-485
1560
1083
396
-168
1087
1467
-2484
-1001
-2057
918
472
-533
-2430
2263
-1094
468
2709
3164
2703
-3276
118
-1776
825
-763
1522
3270
-759
2062
588
1462
-1539
-3136
-2386
3146
322
-1545
-446
2376
-795
-560
548
-827
-2386
-1687
-1893
-2082
-1017
984
-2030
-2474
-2822
-244
2142
-2335
890
-1641
-1912
-242
-1672
2970
-1669
3142
-2258
2744
-2449
-1151
2842
1508
-1604
2384
-1310
214
1837
-1967
2095
3181
736
-141
-2090
2328
1244
-2461
649
2658
-869
-1633
-576
1238
-182
3095
1660
-1478
977
2586
2303
-2385
-2970
2033
2826
-687
619
2268
2501
-1856
-3114
-2688
2999
-2893
-807
-208
655
-3231
-967
-2214
-2299
1225
2076
471
-412
-2573
-3037
2716
1390
-1977
285
558
1112
212
-1188
207
-2142
1181
1711
-2063
2796
-943
-2346
-162
-2257
2175
-3070
2969
-3110
-3180
-421
-18
2659
-2071
1230
-2756
-780
1925
-1533
-1905
-3255
-1843
-1402
-1899
1588
546
-1727
-1924
701
49
549
-397
-1942
-932
520
2832
2443
-3158
-3044
-1965
-1792
-741
418
259
-2506
2792
-3037
-2267
-1315
1053
1697
-1243
-326
2241
-1578
-3231
-284
-1964
-1632
270
1975
-1594
361
-408
-240
-1695
-1665
2980
-1669
2508
-515
960
-2749
-1253
741
-3173
-2355
587
-2616
-1032
2787
1428
-1955
-1569
2220
-1496
-956
496
-2727
-1780
37
2259
45
-2954
282
-881
-729
-819
3045
-1329
-962
-2868
2502
1772
-739
-917
-7
-2289
-3148
242
101
-712
-29
-2229
-2140
-3170
1018
328
72
-1726
-1219
-2788
942
-1597
-2945
803
1851
-884
2825
-1078
-2358
-2223
765
-1568
45
-988
-762
-1088
1404
2507
-2823
-1485
466
-700
-249
1814
-2984
1214
-854
-1039
-789
756
-2084
-393
418
1243
-2909
2667
479
2492
-3019
-376
1984
489
-2955
-2871
2107
287
-837
-2378
-14
107
-2162
1909
31
-2983
503
-3113
-2786
373
1203
2983
-4
-1196
-1213
-2170
2476
1383
1513
48
-331
-1025
755
2556
-391
2884
-2378
816
2335
-2377
3082
-935
1059
602
1167
-1888
-363
794
2400
1946
890
-2490
1360
-1873
2934
2815
1057
2377
2172
452
770
-1541
2255
1375
-2654
2015
104
-1121
2401
3114
-1061
198
977
-965
2056
1459
-2965
1277
382
-2045
-2285
-1591
2207
177
-2521
3214
-391
176
1533
1078
788
-1846
-965
-1708
3034
-719
191
-1780
2111
-278
-2390
2414
1401
534
1436
2000
-2268
2108
1455
595
2176
2801
-1035
1428
-1211
-1089
2607
1445
1915
-2275
1760
-1747
-3196
1451
-1903
-2973
-1472
3151
692
173
1782
829
-185
3219
2736
-731
2503
-105
-2028
3244
2102
2287
1533
887
-2603
-2899
3147
-2644
-2555
3144
-2985
2756
-1572
2983
-1543
1738
-691
3099
2617
2795
812
-2909
732
381
213
269
1041
1191
-1017
3232
1411
2697
-2370
2066
1696
-2537
-490
640
1404
-1655
2660
1625
-971
1815
-800
941
-2157
1613
-2892
-2453
-3084
-636
1104
-1007
-62
2342
1995
3196
-2732
3273
1199
2457
799
-410
2487
-1520
-2736
231
108
-1613
1203
-593
-1522
-1126
-815
1290
939
-346
-1848
-2819
-27
2448
-2737
-211
2461
-2054
-849
2726
-1248
1719
-1204
-98
-2223
-195
-684
2509
-2219
822
2199
-1492
-631
1348
-461
1258
2794
-467
-1551
-1101
-1274
-119
-1278
-1805
-804
-2702
30
-1335
-1887
2073
-267
217
2979
-2667
-2063
-2845
-935
1393
2957
3150
-2831
2007
-1762
2837
671
-2498
-409
-3082
-2555
867
98
-2609
347
2616
1575
3197
-2529
1516
2692
1236
706
2571
1957
-778
-1429
2784
1795
-2620
2437
-3141
330
-144
-2514
-2019
-218
2888
664
-875
-41
12
456
-188
233
-1118
306
2442
3027
-2239
-889
-1240
-2408
-1065
1162
-1956
2299
-1260
1761
1292
-2279
-350
-1687
897
-477
-1006
2779
169
1440
-2322
2551
-2587
-1522
-2570
-1076
-1161
2712
-2188
2447
-2016
-1872
-1432
-1405
-1856
-3228
-1410
2664
1365
-2528
-2512
-1124
913
-2523
241
-2330
2216
176
-1869
-3211
-1515
281
2829
-268
533
-354
-1767
872
-1401
-2787
238
2755
-3208
2528
1882
-2311
1597
499
-818
2399
1291
1277
-1780
2929
-1327
-2688
-1900
3141
1865
-3101
-203
2009
-27
-3174
1308
-1009
1265
-206
-1648
2473
-38
185
-2231
2388
1627
-3098
-1423
-1670
1043
2309
1586
873
-786
-1700
2536
1169
1881
-567
-921
-1509
-2997
2738
2135
2005
942
-769
649
-802
-289
-2633
1559
-975
-3139
2829
377
2844
3114
654
-891
2592
-2995
-1904
-1482
3127
-2914
-642
-38
-1135
-756
1255
-2296
-2105
3223
-1153
353
1779
-1375
-3236
644
-351
-1802
273
-821
3174
1038
366
232
1491
-2835
705
1570
777
-2545
2144
895
-593
-3058
-2754
2012
133
1673
-802
-319
1880
706
3215
-228
-3259
2361
192
-3252
-1804
-1409
-2003
-3226
-1514
2647
-2838
202
1544
1431
-1495
-1968
-563
-1422
-2820
1311
-50
-1485
-2730
687
-487
2205
190
-2217
-392
1879
-2911
-140
16
-3154
2799
738
1001
-1623
1866
354
-408
-3229
1485
-1559
-715
1427
-1945
-1707
560
-639
-2888
1779
2573
1551
2563
-1409
-131
-963
29
1284
547
2761
-229
-2800
-1672
1259
941
-1310
-2701
-1741
-2819
970
-2798
-387
1148
-3214
-684
-2854
-341
-2123
2819
-2123
2999
-885
-50
-110
-853
-3080
-1197
-1797
-2025
-798
-1700
1656
-1640
-994
-1633
2149
613
-2500
790
-2280
1511
3187
894
486
-2423
2809
-1095
-2391
-2999
2496
1075
-2383
-2024
686
-2172
2050
2746
-1849
976
-1929
-1967
-390
-2260
1064
-2341
-2755
1519
-316
-2946
-1755
356
194
-1812
-1800
-855
-2333
2782
-654
2227
1492
130
2982
-1069
1161
-1616
42
-2366
806
-1723
1658
-3215
-1006
3104
-705
-1951
-2673
536
302
2292
-2250
48
-2381
1021
1981
284
1291
-2730
-2421
1944
1289
2543
1567
2732
1465
-3161
-2283
-1762
-1693
-2821
1645
180
-961
-2350
-1451
2059
-3234
799
155
122
3027
-413
758
2197
340
-2589
-2522
718
-1388
-1747
118
2917
769
-1631
1385
818
-159
2513
-3015
-1254
-1865
-2809
1210
725
1750
2216
-2536
-1959
359
-1639
-2181
1570
2685
-710
2864
-2845
-1808
-1315
-950
-1489
459
-793
-1054
1307
954
-558
438
-479
1718
-361
-594
-1625
-565
-1959
2922
2869
2173
2338
-1868
947
-2866
2369
-943
2995
-2728
-1023
-3084
-1304
-434
-1669
3189
668
-708
1704
2009
1286
1501
421
-142
-2401
-1489
-227
327
39
-912
-2641
1160
1152
470
1563
-945
2903
3224
-2940
-2482
459
1098
-476
-2726
1677
423
267
-2968
-2348
2000
3057
833
-1065
-27
-2427
-3002
115
-2619
-2436
2734
2477
2730
1160
141
-2260
1052
2639
-373
959
1692
-332
-1295
-1196
465
-3031
-2733
-137
-3272
-1918
-3245
-2313
-1692
-2781
-764
-924
-473
-67
-2061
2133
285
1380
2392
-1500
-1144
3067
-538
3147
-2835
625
2261
-2844
-413
1284
-1845
2110
1121
1565
696
1183
-1267
772
-6
-2779
-2370
-2924
-421
1860
-2805
1133
1002
-3150
-1092
-1700
238
-670
-3176
1696
3223
-1504
3237
