1084
2353
-1676
48
1994
1321
-602
1614
1373
-1977
1822
-2080
-1467
1804
-896
2307
-1994
2469
2475
-1570
-654
1935
-430
-853
684
-2260
-2147
-622
1689
659
-757
2323
2360
-1470
162
2232
1084
-1942
-1807
-1735
-1273
185
1516
1784
-1593
-217
224
-1931
-1799
-2505
-390
-891
333
1261
-1213
1506
1432
-1609
661
-2230
178
-1622
336
-2092
-88
253
-1164
1380
1475
856
-1701
1575
-1645
-2029
2326
-1547
2309
-2357
-881
1418
-897
721
218
180
-294
2173
-319
473
729
1370
602
-1476
215
-965
-546
-1387
152
-1083
-622
46
-633
-992
-413
-2092
1100
1486
-1226
2259
-1754
1804
1032
-1499
-1869
-1502
173
1984
2116
619
-535
1261
470
-1917
-741
1907
960
419
-532
-1656
1056
1916
429
-952
-1115
2133
880
502
-1711
783
-2030
265
-2448
-1847
2124
916
2276
-1413
-1760
78
-367
623
-2008
601
-787
196
-1291
2226
2318
-1481
2226
212
2526
-1187
-1288
-1017
453
171
1258
-518
689
-971
2149
1609
-651
2481
274
1814
1493
-173
68
507
550
1298
1811
1214
-2170
-1257
-2536
1251
755
1943
1827
-2048
814
-2170
860
-1591
-923
-208
-1660
1601
-344
1178
1798
139
-1250
2427
2327
1721
-250
-2193
670
1909
-1817
2116
982
-1561
47
-1134
-435
-2413
-403
169
1450
-18
1914
-640
1624
1897
1917
400
913
2332
744
-2332
2144
-649
1661
-2226
-504
710
1129
-446
1373
2183
-933
-1373
-857
-373
-504
-2113
277
-1694
-2458
944
-1832
-2350
-1910
-2031
-319
2306
-2320
-1415
-1610
2384
1639
943
-881
1237
-1200
1935
-515
1864
494
-430
1801
1060
-366
-1984
-23
790
-1975
1588
-1451
2091
-274
-381
139
675
-2500
338
1240
-2381
141
-2234
-1287
357
221
180
-2287
-441
-2118
-2280
2291
1110
25
2480
-829
363
-1850
-80
1071
1137
-755
-298
-2046
-1703
1184
26
1450
324
-65
2475
-226
745
2241
-114
979
-1635
2139
-806
780
-262
-2500
-1113
1254
-1355
-2056
-1746
-1210
-1171
1383
-1041
2186
2267
1895
-1685
1973
-1260
2188
752
-329
-1461
801
-1125
-689
-2322
-851
-1960
-2249
-1429
-1438
2424
-2381
-143
-155
1729
-2128
2544
1158
-1176
1051
1380
-1878
856
-1700
1826
411
-27
2378
-317
2388
2081
520
-1862
-1718
-2004
-2063
242
-1700
-2517
1349
1633
-635
2012
-1554
1692
-2270
1398
-168
-1447
244
282
-2249
1242
-2391
2506
996
-1954
-604
-2134
-1530
-393
-1344
-2405
1387
1926
-847
1367
1592
1784
40
2507
-1566
1952
1155
288
-977
2517
-1512
138
-666
406
98
1572
2300
-46
1975
760
1529
-350
-1826
-2438
-677
-2312
1395
-948
-1192
-2470
1666
-1842
-661
857
-762
-1993
1166
2442
-907
-1457
-54
-883
2015
2031
-1645
-1704
-1182
323
-1915
2089
801
-386
2203
-2437
-198
1533
-2364
2284
-1524
-2145
-2178
1565
-1146
1684
1749
658
38
25
2311
-853
342
-1219
-1464
-1720
-1151
89
2187
1042
1115
1281
536
-1169
576
1836
-1371
2374
-1469
1026
-2109
-517
849
1042
2172
1757
-2506
788
-1104
-1407
-339
-557
137
498
-880
-2435
-1285
2000
-1762
1781
-1494
-2374
-1359
819
-1879
924
932
1583
-749
1275
-1928
-613
-316
55
-2527
-1399
-1899
586
-457
2487
744
1711
-2476
-1084
-803
1506
2300
-1803
-333
-1775
1137
-1026
2273
2509
-250
-2377
-2182
-2189
-850
-1630
53
116
-732
272
-1781
295
-2153
857
445
-1136
537
-1812
-1444
1677
-651
-858
950
1127
695
-291
-2233
-1636
-2486
1568
2070
-2347
-240
285
2349
54
998
-1736
-113
658
820
-843
-224
1784
1796
-1091
911
605
1730
-1767
-301
-727
1867
-1994
-1704
-1263
1565
-395
2441
2471
2041
-1542
2067
1189
-1956
103
-389
2201
1193
-1678
-1770
-832
-2210
-2012
1766
-1422
-1660
-1216
-2130
-109
1702
-215
-1092
-1002
-2302
-588
-8
1592
1586
-176
-196
-586
-367
1499
-2432
-127
-480
-2159
-2455
-830
618
-2120
849
-2181
-257
1503
-2284
-703
151
-1240
767
192
696
-1483
890
-1370
-1994
327
1498
1003
2528
493
-512
-2378
2128
-1305
-2475
-494
1307
-213
-710
1219
-1680
-1764
-731
-1210
1466
805
863
-25
-1696
-1461
-419
-1174
295
1605
-916
990
-493
-2422
958
-264
-44
-679
1503
-825
2143
1349
854
-642
2089
-2133
-473
-403
2407
27
2476
1135
643
-522
-563
-1932
-1584
-1373
330
-2251
1041
2127
-26
1655
-34
-1952
-1194
2409
-1369
-1010
-2092
-1633
2439
1396
2242
1658
-2411
224
-74
-1564
2062
2272
-1764
-1986
-2256
2422
1774
916
1135
-1431
-74
-1394
1788
-1384
1404
-1750
-907
1235
1200
-2124
-1
-305
94
-3081
1001
3224
2219
2726
-2069
-576
-1116
1820
2425
1244
501
1664
-1982
-2746
-428
811
-2122
-2611
465
3225
1220
3065
-385
1494
611
-2282
3000
-2241
-1327
620
-1660
1508
2051
2613
881
2120
2777
-1304
-2869
-849
-3258
1498
-2813
-990
-1852
1187
-1014
-3063
2471
1814
-2341
2678
-2854
-671
-2641
-777
2075
-1505
-2467
-307
-686
129
-187
447
-382
-675
-2315
-481
1123
1736
944
-1225
-322
-2422
699
1320
-1887
-1853
1220
-139
75
3109
1356
637
-3244
-362
2731
2174
1187
-3044
1051
728
3070
461
-1117
-462
3161
-2134
-212
3159
-3157
-510
275
-2676
-1931
-243
2755
-3070
-1497
1997
-2318
-2690
-722
1724
-101
-1245
-1108
3125
895
-1139
874
-816
566
-2048
-2321
-954
2450
3059
1710
-1054
239
706
3196
1207
916
1373
761
2381
-1578
1989
2422
3011
-113
-2516
-1768
812
-447
-3219
-1712
43
215
-3018
922
-340
359
2359
1806
-3000
-1356
97
131
142
1664
1475
2509
13
-2490
1276
3017
-2899
1685
-1530
-2159
-2668
3034
3175
-86
-3162
2812
3222
1536
1036
-1509
962
-3065
-1219
289
769
-1800
2494
-417
-1631
715
-1229
2336
1331
3124
-191
-1983
-2183
70
-2088
-1465
-1343
-612
-2847
-831
-609
159
347
1583
238
735
-1374
1292
1491
-1630
1087
-1283
653
-629
-1407
1703
2010
2850
-2025
3058
-3240
1683
2656
2862
-593
3063
2885
2677
3130
673
2566
-1642
1278
-1099
-2747
242
-2125
486
829
613
-2244
2499
759
370
-1832
