598
-2129
2323
-2158
360
-1159
-810
-35
-2219
228
-2330
893
-2484
1430
-670
-392
-1948
-88
52
1557
-1734
343
75
2532
1474
1859
-726
2106
1518
303
1089
-2454
1375
401
2764
-481
-1170
657
2064
2712
-2607
3236
-734
-427
1660
273
1866
1132
-2056
-2724
3209
-653
1127
632
-810
-2468
94
3020
-1834
2401
38
2652
-1665
-2214
194
2793
356
-696
111
3178
1043
207
2900
-2264
2518
-861
1696
2442
-177
-1237
939
-2163
908
-1764
174
2016
-765
2393
-2135
2920
-2973
1845
-2245
-826
-1112
859
2722
879
240
2136
-1104
-1209
-2018
-1549
1162
-1036
-2713
-2509
-2917
1962
-1685
2610
3097
-712
2547
-1245
-3170
299
3099
3086
941
61
1321
-2712
829
-1560
-3129
-486
-3126
-1966
-3233
2167
-562
-1417
-119
-2614
-3132
-699
-2121
938
-3046
-2812
-2748
-1264
896
1796
828
3043
-1935
-2565
1375
2726
-5
2658
898
-2791
2821
-2139
-2440
-1251
821
1895
-1153
1275
2996
1615
1944
-2969
-672
-281
-3209
-547
-2638
-3135
-1377
-2918
18
2132
-3097
453
1368
1049
2119
2464
3263
-3041
339
-1221
2608
-1247
-1383
-141
-316
1376
-835
-2093
2431
-1721
346
-108
-509
-1909
1107
-3252
1097
1268
520
392
3197
-663
-3020
775
-2977
2823
1321
-794
-9
27
-2930
685
3104
-1874
-2065
3008
-1697
-1907
-2850
632
-2075
-2050
3226
1058
-2681
2663
-191
2593
-2538
-2892
845
2092
265
1216
2436
-137
-1140
-1745
-2893
-2689
-1565
656
-3116
3037
-1362
-3114
-1763
-2676
3045
210
958
-1095
-812
-3232
-3074
1826
-2429
-2500
-705
-2469
3041
-1851
3117
-2587
341
-1060
2298
362
-2148
1516
3111
2127
-861
271
2536
622
-2573
-3047
-1746
-95
2864
-254
1794
-2511
-1470
463
945
509
-775
-344
-1134
2481
-504
-3116
2602
-1188
-2425
887
2138
1354
-2401
-2312
2177
-45
-502
1729
-2441
302
-567
3180
-855
-569
-2499
-511
-2169
789
-722
-530
-3223
1084
-1460
76
-1393
-37
-2919
2143
2138
729
1419
1380
2695
2887
-818
-2704
-2047
1085
2857
1164
-2449
785
-1278
-484
-172
540
-544
-916
1289
2163
932
1465
1341
866
311
1676
-260
1609
-866
-708
-1508
-2648
519
-2013
-2205
-98
1465
-105
-2521
-2017
3076
3142
2692
-2742
443
1061
982
1611
1977
-2751
2813
-1915
475
-916
-1688
1120
-2713
-1333
-1984
-1011
909
-582
1466
1982
-1725
-2711
-2882
720
-184
-3221
-2716
617
2801
-1111
653
-1246
2250
-1070
1496
2643
-1169
1606
1570
3128
1980
3021
-2140
-1119
345
2980
1361
1105
239
2689
-1451
-230
1058
-1772
2286
-2344
-579
511
-2175
665
-1140
-946
-1794
-1131
-2154
-527
2763
1613
2689
153
2288
2044
1656
1311
-2768
83
2006
-1484
-336
-1423
-249
-1266
72
3208
-2642
1623
-1145
-579
1668
333
91
-1508
89
53
1686
2869
1704
251
1584
-1494
515
216
1780
-540
1502
2535
1951
-881
-2774
-2994
-1582
-41
-1245
-2349
-1304
-2795
-1403
1830
-425
1480
-1440
-2634
226
563
167
976
173
-1655
2824
1033
897
-2710
-407
3225
461
412
-1020
1802
-2659
-2786
2783
-510
-145
-2227
-3070
258
-2463
-2468
-1217
3225
-2053
1808
-2976
-1902
-2415
-2534
-2526
745
507
-793
1245
2585
1932
596
-1067
2732
2256
-1642
1419
1559
-1241
2609
-2006
-553
31
3111
66
3190
1698
-1777
-287
-1241
-2781
2725
-2260
-1555
2337
1870
1791
2498
689
968
-920
-2520
-863
2703
-86
-1887
-2206
-366
1174
-1202
2400
615
-2059
-1119
2318
-1583
2127
-3142
16
2421
1049
-266
-2253
-266
1292
1754
1299
-3090
2704
-512
-1835
-1789
-364
-2349
1822
819
3074
-1054
-213
-2227
296
293
415
2107
3036
329
-2083
546
-1322
-1639
2424
-2481
-585
-2053
2716
3170
839
-333
552
-199
-912
2396
-868
-614
2300
3173
339
2213
-1284
1669
2296
-2419
-283
1145
-978
2097
2075
-424
1032
3171
1684
135
906
2066
547
1847
833
382
-1404
1914
1369
1057
-220
-1513
-3260
1836
-1159
2023
1106
439
-3204
-1385
1180
-1346
-2175
-473
3173
1088
-523
-1052
-310
1024
-2455
-2689
-123
2731
2884
-2680
1895
-1991
430
-2186
-1108
741
-125
2694
-178
-418
-2468
-129
1052
-732
1056
2895
-1722
1113
-63
2289
1680
-2200
-1264
-2698
1884
2855
-3044
259
-204
63
-1798
467
1673
776
1159
-1403
974
-381
-1321
2482
-3011
-2576
2667
1579
594
-3148
2631
1954
-3086
2322
2511
2519
-8
2696
-1596
1146
3019
-171
2782
304
2712
-832
-2264
356
2265
-1084
-58
-1574
-1745
-2
1025
1066
281
-630
6
-308
-1966
1106
-1740
915
-2813
-811
3143
-56
