-1223
1466
-2254
-519
498
-1693
2461
-1845
958
1036
2203
-2745
1434
-785
2287
-2111
-2694
706
21
-2935
1011
2991
-2691
-2681
-768
2313
631
-801
2960
1314
3109
-857
-1838
1483
36
1232
-153
935
95
-2441
-2833
2095
-1348
-2516
2313
-2815
1440
-1937
2941
2993
2649
2182
1861
2249
-1335
-553
-2207
-783
3241
1538
703
-1306
-2970
2790
-1227
1253
-2790
2565
-422
-1804
-746
727
2386
2956
-3204
-425
928
1590
-1115
-1515
1065
-2019
-2545
-636
926
-3071
7
2669
-2273
839
-5
-816
-1907
-2344
-1557
2099
-65
-1617
1754
-674
1796
-1375
2462
-513
422
-171
837
-2376
459
-436
-3137
-784
1156
1092
2023
-158
784
-210
-705
2146
-3010
-413
-2205
630
-2521
-1123
-639
-607
156
386
-2149
-74
-81
-2586
495
-2373
2373
2515
-1672
1982
-437
1740
-2042
-159
1909
251
3272
2749
-2578
-1367
2281
-2176
-39
2617
-3273
2132
225
10
2722
18
2911
-2608
2766
1712
-292
-1659
1098
1168
857
814
2941
61
1025
-2791
1205
-398
2554
-1612
-1891
50
3275
9
2382
-2313
2512
-2389
-775
3214
403
2998
1417
-410
306
1534
224
-1412
3048
1272
1864
2886
2271
2812
-399
2671
74
-1194
25
506
3136
1195
1123
578
497
1004
93
-1357
428
2028
-1598
-2383
1468
1969
-2198
1694
-1062
-1581
2180
-378
2578
2985
2692
1455
31
1389
1269
991
2665
760
-859
-322
-1628
-1901
-2008
-2921
1677
-2726
731
-1086
1525
2745
2886
-2632
1315
-1138
1922
-2266
534
-2823
-2784
-2789
-90
-1713
960
-804
-2827
641
793
757
507
512
1025
-1579
-402
-2869
3026
-3179
-2032
-3227
-1429
1817
338
-3275
1910
-2641
-1962
1450
-436
2012
2353
2679
-442
1128
74
185
658
-2001
-1175
-2449
2455
1265
1099
-303
1935
-1194
506
439
660
2075
-445
150
2594
2875
3204
-1863
-322
722
-1756
-1544
980
-2392
991
133
-491
2024
241
2070
-3255
-3262
-2049
2750
-288
1472
-622
-2730
-1481
-1600
-626
2884
1476
2993
-3235
1655
-196
-551
-1458
1481
1462
1826
1697
2820
-1302
-2983
2698
667
-2233
-586
132
-2412
-2585
1929
-2317
2814
-251
2584
-3188
-2843
2569
-1562
879
1503
2839
2555
-108
131
1403
-1358
2021
1341
-2994
-764
-575
2720
-2381
-1008
-2891
940
934
-3222
-2161
2353
1423
2234
-1437
-2921
529
-267
-2917
-239
-1136
-839
-3032
1483
3091
-1979
-634
6
92
1027
-147
1684
-2084
810
-603
-1591
225
91
-3147
-2053
-1148
2699
2632
-2814
-2584
1112
2833
-566
-2197
714
-1011
-929
-725
644
-675
2657
-2106
1321
-62
636
-2144
885
-2028
-2638
-1920
-1924
-760
-406
564
-1045
2952
-3119
-548
-62
1142
-2663
-542
-2514
2293
1578
1118
147
-359
-3022
917
3241
340
-979
1210
1878
2886
-910
877
124
815
-1610
-3188
-1981
71
2611
-2130
2130
1307
2100
530
1499
-2321
1865
858
-1700
-1137
434
-2286
-3192
-1208
2496
857
-3272
-2542
-709
-959
1206
1320
323
-2824
-2604
2027
-253
-479
-3111
690
-559
140
-98
-3264
1694
733
-2277
-222
2598
485
-1188
1244
-2731
799
1604
-2415
-2973
189
-355
-2439
2551
-2381
685
611
2103
-1512
271
63
578
-1130
-1317
-442
-3125
1670
-95
-2034
2655
2898
1691
-569
597
-3171
-1014
-3090
2678
-1989
-408
346
2276
1036
-1198
-745
1589
1775
-1127
-2733
216
-2858
-462
1676
282
1982
-913
-2677
-1631
2500
1992
2962
1467
-171
2806
1705
-2541
-1339
-859
-2837
-2238
2841
-2617
1629
1834
-2554
-2306
118
-2213
768
-2825
485
2230
-490
3276
762
1075
1104
681
937
3043
-91
967
-1111
1352
-132
-287
-235
2742
-2844
1585
-801
-2528
-1198
2282
-3186
353
232
-999
-691
-3106
2393
-864
50
801
2254
-691
828
1575
-996
-268
430
-2499
-1013
274
1183
2139
1530
-1819
2798
1441
-338
-1722
-1802
-2727
-1726
-746
1056
1259
-1813
-416
85
-725
2028
-450
-971
-1080
-2724
1191
-316
-950
2582
2116
-3002
-405
-24
392
-2701
115
837
-1569
2518
731
800
1528
1281
914
-2843
-1641
-2916
690
-1370
-2205
-2140
-202
-1544
-3013
-1422
352
1047
-61
2789
3174
-664
2040
133
773
2614
2936
-2966
720
750
-1892
-935
1352
-128
155
1953
1329
-2208
-383
-3168
-1305
-695
-2648
573
1517
1550
425
-343
-2016
600
-1960
1537
645
-1768
1137
-1619
134
1405
2175
3165
321
-740
2130
-986
484
-1060
-2303
-2455
-2687
1349
-1777
-1198
1890
500
-743
1512
176
1551
-615
-257
-1600
-428
-961
-1959
271
-1858
535
1784
-2303
-1730
-2200
581
2171
-209
-1960
-3008
2608
320
-2236
-1227
-107
2506
3010
-973
-2244
2448
-2354
-621
-759
3029
-400
1340
-1703
2489
2866
2611
-1134
-1089
1896
-115
164
-2606
1366
-1328
-2859
-2459
464
-1284
-2649
-2526
1298
-2058
-213
-1876
1460
2216
-2926
-1761
-560
-16
-1454
2695
-715
553
-2187
-3010
-1978
-2465
-2304
2593
-570
-1701
-2326
141
-867
-1893
635
1067
3129
-1935
-2858
2006
1057
1998
-2238
1637
2709
-1814
-391
971
1440
-1511
1965
-1340
-2476
-203
-499
-469
-313
-2421
-1843
3268
3068
1652
3065
-162
-1232
