-1356
2352
-187
-2575
112
-3147
-1988
553
-1395
-2632
479
-2867
-1974
1469
-185
-2976
2068
-2422
-369
-1605
-129
-574
-1159
893
684
1904
1232
-434
562
-1845
-1391
2869
-1938
-834
-1831
-639
868
-632
47
-983
2581
895
-208
2036
-2443
10
-1290
1717
802
1817
772
582
577
787
3264
-2332
-159
-1350
1203
2188
1930
-2350
-2484
1471
-2800
-3081
-1411
1794
-100
-2896
-1324
219
-1776
-1946
-2553
1035
-1366
2245
-525
1787
2274
2164
-425
926
-2555
-2354
-2680
3079
-1804
-1856
-783
403
-2702
-2598
-465
3181
712
2425
2900
-1319
2147
560
140
151
1772
880
-255
-2466
-1351
894
-2962
-2899
1690
104
-85
-1215
2650
703
108
-2037
1691
-1229
-1724
-2850
65
924
2927
-1060
-1767
1222
-1872
814
-1671
25
-1694
-335
-1585
2400
-1227
-2659
1317
-2929
-1359
521
-3016
2279
891
1492
2421
-135
-1533
-1034
166
43
-2622
2633
2180
2707
1405
2142
-599
-1474
75
-1596
-3025
-2508
-2413
1385
-3177
-1778
451
1124
2615
343
2695
2509
2857
-1690
-54
-1288
-2365
-1588
87
314
-1894
-2872
1750
2090
2518
2063
800
-717
2555
2093
-861
-1127
202
792
-1386
-822
-1539
710
2961
428
3057
2519
-1269
-304
-1673
-394
2908
2953
-629
-873
434
-408
85
-175
-891
2020
604
-710
1288
-1134
2601
-1510
367
-731
-1269
2582
-151
-557
1107
1773
-3106
7
764
-2956
-2973
955
-2264
-308
-861
87
-2557
-2511
3092
909
2355
-1320
3049
1706
2660
1809
-3002
549
1096
2911
2871
2444
-2513
-2679
-1336
3016
-736
2341
-1770
-2238
-6
-826
-2834
2405
1108
21
-1342
-604
-2007
-2848
-500
3113
-1913
1236
1752
-1411
1524
2405
741
-863
1333
3253
2621
-1440
-1416
1585
-816
-311
2994
1731
-444
10
936
-3050
-1655
-1915
2838
-2852
1287
-1354
956
-797
-1018
-2122
-2594
1985
-3057
2240
1655
581
-2754
2461
-666
981
2177
-420
-2024
1591
-743
623
1000
-1268
-1465
1955
-1477
-777
12
546
1756
3177
424
105
-984
-1400
2707
-1457
811
1726
-581
-3138
1270
2865
2511
1572
-2953
3115
-2243
1570
-1476
-1662
2440
-151
1744
309
-3129
-1087
1294
2861
-1776
-1524
-1004
-2810
-2084
2172
-2586
-1935
1219
-839
3118
-2396
-530
1413
285
-1419
3198
-3019
968
-2342
3151
181
1490
-442
-1945
412
2367
1063
-1209
-2630
-912
-2400
-1328
899
-1891
2782
57
-140
-1270
2281
2799
991
-1843
3250
488
73
-786
-796
-284
-586
-922
-248
2814
2170
1726
88
-2968
1098
-94
1184
-1921
406
385
-723
-1378
-2667
1763
-1419
1828
2532
152
-103
-2041
496
-839
1520
3173
2090
2922
2967
-2996
-2853
838
2557
-2378
-2838
-1770
-2534
-3052
-1128
-2254
-1677
-3017
-912
-1283
-1246
1871
-204
2629
823
111
18
-2700
-1658
2926
-3003
-2083
144
-720
2774
-1421
542
3225
-2679
-62
2450
2768
23
-2249
475
-516
1859
-1493
-1917
-578
794
3213
1016
-1938
195
-206
2466
-2228
-1241
-2239
2456
-864
2917
-2720
2325
-1322
-1943
1005
-1018
-2663
3271
-3086
778
-664
2022
1672
1265
3043
-2384
-2282
966
2046
-2399
2212
-1610
-965
931
-2109
-2641
-1994
-2401
2436
1152
423
-1942
1165
1277
2365
-1606
-1242
3188
552
98
1704
1080
178
3147
-738
-1311
-1316
1790
-389
-930
1181
-2689
-2519
1613
-1905
-3119
-1573
868
-1245
-1564
-2597
1488
-1643
242
-1080
-1246
1481
-3145
1310
5
-2180
980
-894
322
-2458
2048
3153
-2942
-3264
-2013
-2236
-2720
475
3029
2993
-1310
1705
1723
1996
1963
-1460
-644
726
191
-2593
1980
2619
-3123
-1487
-472
121
761
2068
-352
-1696
-3023
-1815
732
-39
-1829
-2259
2012
-672
405
2500
1144
-898
-194
2197
-1001
-2439
2954
-2518
-2277
-835
-3254
1909
-312
1177
451
-1464
330
2743
1605
369
1625
-2228
-284
1620
-1921
-2038
-790
-263
-1257
-1370
371
1211
1686
16
1454
-2949
-1525
2596
-1426
792
2599
80
701
2371
-3052
-1476
-53
287
-1330
402
-3012
-850
-1623
142
1496
-1014
2171
204
2970
2674
1383
-2091
-625
-396
2235
-1648
-115
2323
2165
1961
-2233
-2514
-1957
-1058
5
1239
2134
-3257
-2252
225
2829
-1739
1503
2333
-2553
549
831
1714
-1403
2246
1758
1029
1040
-1861
-1639
666
-862
-2583
2910
1645
2863
2499
-2895
1461
290
-813
125
-3026
-2594
2052
-2660
249
-1234
2490
1406
3113
596
-2485
-2044
355
-2377
-1554
-1624
-1333
-735
-1981
-906
182
-599
-1431
-2530
1409
2990
1632
1099
-1463
1813
-497
3268
2559
3065
2235
2443
-2315
-786
-2329
-3109
3151
-2016
2140
1698
-86
-3247
-2892
-2769
-1854
2760
1650
-3132
-564
-3274
-3150
-435
1692
754
-1161
1781
-2073
2438
1768
-1483
1977
-2338
2736
2500
-3256
-2681
-290
2273
1327
2300
82
1656
-1029
1160
555
2851
1929
-2508
2200
2248
1363
781
-1886
-2518
-2342
774
-2468
1865
-2671
3253
1975
1055
-1940
3206
-2279
3053
2057
-533
-2772
1059
-3083
2091
-3047
2449
-3032
-834
-226
2952
-3224
-714
-1179
-1277
1539
-296
-22
-431
-991
2288
1455
-555
1365
995
-3133
-2537
946
378
-3131
-104
2924
217
-2915
2761
2467
-2449
-1232
-2558
2633
153
633
2019
1700
1113
1984
2175
1876
2403
807
-627
-1211
-1406
2245
-1341
-1826
1081
-92
1892
-571
-2827
-1305
2396
541
-150
-1886
1476
493
-1
-2357
-2863
-2531
-2234
1591
3097
-1908
1174
4
3129
-2756
-517
-1181
-854
-975
-122
3266
2880
1173
2594
2028
1068
3004
1994
3198
-1420
432
-2586
1029
1482
-113
-1090
-2280
1091
1913
197
971
653
540
-1000
2993
-2314
3153
-400
-1495
1234
2761
-958
467
1904
-236
-1621
3152
-638
-3038
2679
2789
-1559
3231
2344
-2582
663
1038
-1747
-2698
1069
-1850
553
-2890
3193
1404
36
-426
505
-1846
-3273
577
2100
-3080
1183
419
2037
-902
-2010
1143
-2705
3170
-738
320
3025
3197
992
-2006
1523
-1942
1805
2734
2145
-1135
-2336
520
768
44
442
2750
1692
1492
1176
-408
2901
-3181
730
-688
-1227
1838
84
-2091
185
-1122
1188
3037
-1945
-295
2163
1685
2425
-2152
-1368
-836
-2040
-1463
1352
-1040
-664
2175
-1267
657
668
-2730
-3071
2121
-1025
1552
2232
-1544
-620
997
-567
1669
-688
-1876
1580
-2201
590
-2089
-1628
3141
-60
-1360
-823
1540
2942
3088
-2229
-1578
-60
2275
1423
2521
246
2827
2045
-3055
1466
-1875
682
1109
3227
424
-789
-1265
-2982
-2039
-2661
-2668
754
303
924
1726
-3189
-2442
-2629
1703
-1626
-2587
698
-1709
2903
-2068
-1407
2448
-1198
2677
-1785
-1471
2100
328
-767
1023
-2780
2344
2853
-1361
1754
54
2412
1046
1184
1774
1163
-1504
162
112
-3211
1055
-948
1524
675
-3236
-2568
-1844
3125
-2980
1332
-1698
1642
-1277
726
-2028
2445
-2716
3120
-3012
-2109
2805
2880
48
-3006
-2682
-2808
-2129
-1400
-2364
2783
2807
2513
2908
1438
-45
3134
950
304
-134
942
1477
1794
838
-2024
1294
-1898
1268
-2287
804
3067
-562
-2671
3133
95
3274
2623
-1497
-3128
1830
453
2710
-31
2979
2818
2743
439
1433
1897
723
-1663
-579
-311
3036
-1007
461
-197
835
-1224
1076
-526
1947
-1405
-1085
-2246
663
1831
2777
2181
-390
-2025
2196
2856
-2795
-2674
2242
-1942
2057
1953
-1776
2500
-3239
-2885
1738
-78
-2763
-2781
940
3018
1714
3130
1084
486
358
2244
-813
-2741
1145
1172
-580
2897
-1172
1841
-3098
1166
2734
-2434
470
-1074
2151
-767
2386
2085
-2522
-1151
-87
-1663
741
2287
-785
1524
-875
1174
3070
-1721
-1108
1523
2326
512
-717
917
-3270
-1000
-3207
2116
1398
2963
1251
-2942
-315
1388
2267
2368
-3001
643
-2832
559
586
2087
-997
-1989
-2590
2661
2638
-40
-1258
2082
1514
-803
3073
1320
-867
2310
-1203
-2694
-311
1004
-1505
-2287
681
9
-96
-576
-3110
1891
1933
3137
1968
737
2901
1544
-1644
-519
-1343
-14
2851
-1824
-560
-2362
2408
-3063
-2177
-1535
-1511
-2768
-906
349
-3071
394
-2861
2518
1503
-1804
-1012
-1718
2897
807
62
989
-2433
-1999
1531
-1189
3181
2567
-3026
-2740
2484
-1468
-851
2928
777
1090
661
635
-376
-1910
495
-2518
2609
-1157
2633
-926
-2166
1960
-75
2770
2814
2797
3154
1230
-1401
-1986
838
-2371
-3235
-2561
3102
-1122
2632
1795
1037
587
-2907
-1043
2889
1570
-667
3111
1441
523
-1439
3125
2806
-2391
394
1041
-501
291
-1595
143
283
1909
1644
-1240
-3108
-220
2627
-208
-1883
-1607
-1342
606
2194
-2449
-1248
2140
2722
-758
766
-135
-3171
3095
-1798
-225
1462
978
-1656
670
-1212
1576
1845
2651
-737
1262
2682
2467
1961
2734
-594
-539
1826
-926
-2127
2412
595
152
-3208
-3107
2102
-3163
434
-2467
-1888
1385
811
566
-2200
-1386
-266
-1071
81
-1324
2442
-2812
2652
664
-2104
-1705
1188
2247
1403
229
1606
234
-2036
-3187
-2752
-2610
-1837
896
1555
2624
827
-2291
148
-899
1927
-2856
-2161
2364
2277
414
-2027
-2240
-1349
20
-1095
-1645
2317
2717
-2532
-217
-28
2066
991
1715
987
839
-1846
595
-1347
-385
-3181
2430
261
1870
820
-492
-1363
793
-975
2895
-915
472
1450
-2498
-731
3023
-2714
-2220
2797
906
1818
748
-3105
-2336
-1274
1023
-1058
2333
1449
2745
2220
-3104
-1412
-1323
-3184
-2876
-2663
2556
3110
-2372
-1956
1942
1084
1041
2483
2358
1890
-2177
1308
2560
3185
-2389
-45
718
-2483
765
2889
-1294
147
-3155
2797
1191
1788
817
3256
2075
-1649
-784
-1838
-1711
2020
1177
1213
2172
619
238
-1829
-140
-2428
1417
1524
626
1596
3140
3033
-2619
796
170
319
-1103
425
3134
2318
2394
-1353
-2490
1249
-2637
-3096
251
2226
-914
-2573
3172
-2564
-3247
639
1754
-1387
-2646
-398
-26
493
-976
3087
681
-2078
2440
1887
-1124
7057
-939
7524
-674
-99
9723
-335
-294
-3895
-1590
68
-1680
1044
-997
-1115
1171
-136
-1468
-1201
1522
3200
-1384
695
-15
16272
-3776
-3914
4619
2016
4684
-3418
-524
-2830
3938
-1665
1167
4377
155
767
-2136
-505
-1565
-2813
1521
4202
3530
-2412
-155
-4239
4825
5296
1820
-1344
-4344
837
-41
5321
-5138
7504
4704
4518
3095
-1431
-2289
3051
4654
-513
-970
137
317
-2120
-3421
2402
-3112
2343
6796
5511
-216
-1508
1601
-2726
1120
4813
1042
1200
-230
3246
3410
470
-1590
-2286
7264
3686
5486
2069
-1693
-1339
4455
-618
-2208
3364
945
298
-650
-28
-2341
4097
34
-761
-2685
1046
-890
-1819
-409
2244
512
1564
-2973
-2757
1061
11533
-4512
7064
3670
4370
957
-3675
-2459
-3303
6199
-1920
927
4208
926
-1599
-2395
545
-3849
-3097
418
2975
2501
-1532
-1835
-4133
5900
4564
7915
-532
-1810
4556
-103
-10
-2868
6159
2331
-102
8504
69
-611
2903
-1332
-417
-1969
379
211
-1947
-3741
454
-5780
-1010
1166
114
-1374
-2385
5575
336
-460
5094
-1130
-2568
-629
6133
-58
686
-3180
-3363
3427
5833
3199
1598
-4914
-98
2623
-1071
-281
1146
604
-4847
2745
25
-4869
9065
2593
4735
-1073
220
-747
-1576
-995
461
1381
3035
-3091
1979
-50
10878
-6464
4270
3988
4240
5071
-3932
-2604
4665
1011
2831
6180
-519
2200
656
-3660
-1396
-1341
2700
10395
8432
5335
-2204
919
-4472
-954
3992
-756
5849
-2216
2553
6088
11586
-5093
-779
10298
7576
6123
-3381
-1988
2711
7571
-162
3095
6404
616
1012
-2450
3675
-3877
9044
5381
4420
3347
-131
369
-5709
-1677
6486
-1229
2395
-1882
3797
-102
9287
-5234
3113
-296
89
6964
-1337
-3737
4414
4256
2751
3832
573
5418
-5642
-1657
-2374
-897
-5304
3914
4961
2623
-3560
5613
-3603
-1008
2669
3649
-2799
1659
6007
3800
10651
-1353
-662
8540
7503
4328
2446
-4047
-3138
5136
-1971
1171
3813
1374
-215
-248
-258
-185
6847
9911
9025
1467
289
1820
-5552
1351
5830
-1281
8583
2011
-84
-24
1261
-3087
-300
250
-1169
5284
161
246
4632
-1858
-1513
414
-16
4959
-32
-3382
-723
-1980
-1017
1201
1284
-2055
-1767
-407
-2275
378
2284
853
143
-3890
-3732
1390
10840
-5443
2641
6940
5129
2520
-848
-1590
-1095
3965
-2687
2870
4434
400
2501
-3428
2894
-5708
7146
668
1665
1418
-2273
-2053
-4161
1895
3836
-32
1046
-3279
10548
1702
15151
-4076
2930
6730
2506
9860
-367
-4083
-3013
9609
-3555
198
4997
1011
-4235
-3095
299
-4060
-826
5162
7658
1759
-1673
9965
-6795
6332
7494
2573
311
1544
4266
2325
-232
-5511
1937
3827
8
6206
5621
-1432
2663
472
-3105
2110
2065
2120
-3434
-2749
1855
-2790
2057
348
-204
-1419
-2164
1453
-2343
-829
2138
1597
-2028
1665
1686
-50
2932
-4919
3338
-5377
5237
5988
4332
-4955
1263
-728
-3771
2437
-3422
3410
-2776
-1981
-2943
-2526
-1203
3202
4506
1335
-2884
792
-5166
2287
2052
-423
5827
1345
158
6882
6525
-2257
201
14801
5418
5202
802
-1345
-1257
2934
-905
941
6611
985
2315
-2044
2222
-2206
6453
4583
258
650
-385
-499
-3212
-565
5855
-177
2831
-211
