67
79
80
49
1
0
16
0
24
1
0
32
0
112
0
32
5
0
0
0
5
0
0
0
5
0
0
0
2
0
89
2
48
1
0
0
48
64
0
0
0
0
0
0
49
1
2
0
49
64
0
0
160
19
1
0
50
64
0
0
208
4
0
0
16
0
0
0
36
64
38
0
164
55
113
124
5
1
1
0
15
1
1
0
0
64
0
0
0
0
0
0
1
64
0
0
0
0
0
0
2
64
0
0
0
0
0
0
3
64
0
0
0
0
0
0
11
1
48
0
12
1
48
0
10
1
9
0
4
1
0
0
5
64
0
0
10
0
0
0
4
64
0
0
1
0
0
0
6
64
0
0
1
0
0
0
9
1
251
255
7
1
0
0
0
1
4
0
1
1
1
0
3
1
5
0
2
1
2
0
20
1
65
0
31
1
2
0
16
64
0
0
0
0
0
0
17
64
0
0
0
0
0
0
18
64
0
0
0
0
0
0
19
64
0
0
0
0
0
0
18
1
48
0
17
1
9
0
19
1
15
0
27
1
48
0
28
1
48
0
26
1
9
0
21
64
0
0
160
5
0
0
20
64
0
0
16
0
0
0
22
64
0
0
160
0
0
0
24
1
128
255
33
1
9
0
32
1
3
0
34
1
4
0
46
1
16
0
40
1
2
0
32
64
0
0
64
20
1
0
33
64
0
0
48
4
0
0
41
1
2
0
34
64
0
0
160
19
1
0
35
64
0
0
160
0
0
0
37
1
0
0
38
1
128
255
39
1
127
0
22
1
11
0
21
1
9
0
23
1
15
0
36
1
0
3
47
1
0
0
17
0
0
0
2
0
0
0
48
64
0
0
208
4
0
0
49
64
0
0
112
24
1
0
50
64
0
0
96
37
0
0
16
0
0
0
16
64
0
0
160
0
0
0
19
1
123
0
32
64
0
0
112
29
1
0
33
64
0
0
96
32
0
0
34
64
0
0
112
24
1
0
35
64
0
0
0
5
0
0
47
1
7
0
17
0
0
0
2
0
0
0
36
64
38
0
128
218
94
75
5
1
65
0
15
1
2
0
4
1
139
0
5
64
0
0
160
5
0
0
4
64
0
0
16
0
0
0
6
64
0
0
160
0
0
0
9
1
128
255
0
1
1
0
1
1
0
0
3
1
1
0
2
1
1
0
16
64
0
0
160
19
1
0
18
1
24
0
17
1
4
0
19
1
139
0
27
1
24
0
28
1
24
0
26
1
4
0
21
64
0
0
208
2
0
0
22
64
0
0
80
0
0
0
33
1
2
0
32
1
2
0
34
1
3
0
46
1
0
0
40
1
0
0
32
64
0
0
208
47
0
0
33
64
0
0
176
5
0
0
41
1
0
0
34
64
0
0
48
42
0
0
35
64
0
0
160
5
0
0
22
1
24
0
21
1
5
0
36
1
0
1
3
0
0
0
48
64
0
0
128
53
0
0
49
64
0
0
240
89
1
0
50
64
0
0
0
88
0
0
16
0
0
0
36
64
39
0
128
78
192
123
0
64
0
0
160
19
1
0
11
1
24
0
12
1
24
0
10
1
4
0
5
64
0
0
208
2
0
0
6
64
0
0
80
0
0
0
0
1
0
0
3
1
0
0
2
1
0
0
16
64
0
0
0
0
0
0
33
1
0
0
32
1
0
0
34
1
0
0
40
1
2
0
32
64
0
0
144
95
1
0
33
64
0
0
96
82
0
0
41
1
2
0
34
64
0
0
240
89
1
0
22
1
9
0
23
1
31
0
36
1
0
3
47
1
2
0
17
0
0
0
2
0
0
0
36
64
38
0
128
103
165
105
0
64
0
0
0
0
0
0
0
1
1
0
1
1
1
0
3
1
1
0
2
1
1
0
16
64
0
0
80
70
0
0
33
1
2
0
32
1
2
0
40
1
0
0
32
64
0
0
32
147
0
0
33
64
0
0
176
5
0
0
41
1
0
0
34
64
0
0
128
141
0
0
22
1
24
0
23
1
15
0
36
1
0
1
47
1
4
0
3
0
0
0
48
64
0
0
208
152
0
0
49
64
0
0
160
140
0
0
50
64
0
0
48
62
0
0
16
0
0
0
36
64
39
0
128
180
12
91
0
64
0
0
80
70
0
0
0
1
0
0
1
1
0
0
3
1
0
0
2
1
0
0
16
64
0
0
0
0
0
0
19
1
95
0
33
1
0
0
32
1
0
0
40
1
2
0
32
64
0
0
96
144
0
0
33
64
0
0
112
58
0
0
41
1
2
0
34
64
0
0
160
140
0
0
35
64
0
0
192
3
0
0
22
1
9
0
23
1
31
0
36
1
0
3
47
1
2
0
17
0
0
0
2
0
0
0
48
64
0
0
0
215
0
0
49
64
0
0
208
202
0
0
50
64
0
0
208
28
0
0
16
0
0
0
16
64
0
0
224
1
0
0
19
1
43
0
32
64
0
0
176
204
0
0
33
64
0
0
240
26
0
0
34
64
0
0
208
202
0
0
35
64
0
0
224
1
0
0
47
1
7
0
17
0
0
0
2
0
0
0
36
64
37
0
128
193
9
79
0
64
0
0
0
0
0
0
0
1
1
0
1
1
1
0
3
1
1
0
2
1
1
0
16
64
0
0
80
70
0
0
19
1
139
0
33
1
2
0
32
1
2
0
40
1
0
0
32
64
0
0
112
249
0
0
33
64
0
0
192
5
0
0
41
1
0
0
34
64
0
0
208
243
0
0
35
64
0
0
160
5
0
0
22
1
24
0
23
1
15
0
36
1
0
1
47
1
6
0
3
0
0
0
48
64
0
0
48
255
0
0
49
64
0
0
160
140
0
0
50
64
0
0
240
61
0
0
16
0
0
0
36
64
39
0
8
137
26
108
0
64
0
0
80
70
0
0
0
1
0
0
1
1
0
0
3
1
0
0
2
1
0
0
16
64
0
0
0
0
0
0
19
1
95
0
33
1
0
0
32
1
0
0
40
1
2
0
32
64
0
0
96
144
0
0
33
64
0
0
48
58
0
0
41
1
2
0
34
64
0
0
160
140
0
0
35
64
0
0
192
3
0
0
22
1
9
0
23
1
31
0
36
1
0
3
47
1
2
0
17
0
0
0
2
0
0
0
48
64
0
0
32
61
1
0
49
64
0
0
144
202
0
0
50
64
0
0
32
29
0
0
16
0
0
0
16
64
0
0
224
1
0
0
19
1
43
0
32
64
0
0
112
204
0
0
33
64
0
0
64
27
0
0
34
64
0
0
144
202
0
0
35
64
0
0
224
1
0
0
47
1
7
0
17
0
0
0
2
0
0
0
36
64
38
0
34
121
255
97
0
64
0
0
0
0
0
0
0
1
1
0
1
1
1
0
3
1
1
0
2
1
1
0
16
64
0
0
80
70
0
0
19
1
139
0
33
1
2
0
32
1
2
0
40
1
0
0
32
64
0
0
224
95
1
0
33
64
0
0
176
5
0
0
41
1
0
0
34
64
0
0
64
90
1
0
35
64
0
0
160
5
0
0
22
1
24
0
23
1
15
0
36
1
0
1
47
1
6
0
3
0
0
0
48
64
0
0
144
101
1
0
49
64
0
0
160
140
0
0
50
64
0
0
192
61
0
0
16
0
0
0
36
64
39
0
128
213
0
69
0
64
0
0
80
70
0
0
0
1
0
0
1
1
0
0
3
1
0
0
2
1
0
0
16
64
0
0
208
0
1
0
19
1
95
0
21
64
0
0
48
2
0
0
33
1
0
0
32
1
0
0
40
1
2
0
32
64
0
0
96
144
0
0
33
64
0
0
0
58
0
0
41
1
2
0
34
64
0
0
160
140
0
0
35
64
0
0
192
3
0
0
22
1
9
0
23
1
31
0
36
1
0
3
47
1
2
0
17
0
0
0
2
0
0
0
48
64
0
0
80
163
1
0
49
64
0
0
96
202
0
0
50
64
0
0
112
10
0
0
16
0
0
0
16
64
0
0
176
2
1
0
19
1
15
0
32
64
0
0
0
203
0
0
33
64
0
0
208
9
0
0
34
64
0
0
96
202
0
0
35
64
0
0
160
0
0
0
47
1
7
0
17
0
0
0
2
0
0
0
36
64
39
0
0
64
225
127
0
64
0
0
208
0
1
0
4
1
111
0
5
64
0
0
48
2
0
0
0
1
1
0
1
1
1
0
3
1
1
0
2
1
1
0
16
64
0
0
0
0
0
0
19
1
111
0
33
1
2
0
32
1
2
0
40
1
0
0
32
64
0
0
32
178
1
0
33
64
0
0
112
4
0
0
41
1
0
0
34
64
0
0
192
173
1
0
35
64
0
0
96
4
0
0
22
1
24
0
23
1
15
0
36
1
0
1
47
1
3
0
3
0
0
0
48
64
0
0
144
182
1
0
49
64
0
0
64
156
0
0
50
64
0
0
16
57
0
0
18
0
1
0
16
0
0
0
36
64
38
0
0
88
41
84
0
64
0
0
0
0
0
0
0
1
0
0
1
1
0
0
3
1
0
0
2
1
0
0
16
64
0
0
176
54
0
0
21
64
0
0
16
4
0
0
33
1
0
0
32
1
0
0
40
1
2
0
32
64
0
0
160
160
0
0
33
64
0
0
176
52
0
0
41
1
2
0
34
64
0
0
64
156
0
0
22
1
19
0
36
1
0
3
47
1
1
0
17
0
0
0
2
0
0
0
48
64
0
0
160
239
1
0
49
64
0
0
80
213
0
0
50
64
0
0
128
43
0
0
16
0
0
0
16
64
0
0
224
56
0
0
19
1
83
0
32
64
0
0
16
217
0
0
33
64
0
0
192
39
0
0
34
64
0
0
80
213
0
0
35
64
0
0
192
3
0
0
47
1
7
0
17
0
0
0
2
0
0
0
0
64
0
0
176
54
0
0
4
1
195
0
5
64
0
0
16
4
0
0
9
1
0
0
20
1
65
1
16
64
0
0
0
0
0
0
18
1
0
0
17
1
0
0
19
1
195
0
27
1
0
0
28
1
0
0
26
1
0
0
21
64
0
0
208
0
0
0
22
64
0
0
16
0
0
0
24
1
0
0
33
1
24
0
32
1
4
0
36
64
37
32
76
55
137
65
22
1
0
0
21
1
1
0
23
1
127
0
36
1
0
1
47
1
1
0
5
0
3
0
36
64
41
0
52
183
229
115
0
64
0
0
0
0
0
0
11
1
0
0
12
1
0
0
10
1
0
0
5
64
0
0
208
0
0
0
6
64
0
0
16
0
0
0
9
1
128
255
20
1
1
0
31
1
1
0
19
1
11
0
21
64
0
0
12
0
0
0
20
64
0
0
12
0
0
0
22
64
0
0
1
0
0
0
24
1
202
255
33
1
0
0
32
1
0
0
40
1
0
0
32
64
0
0
192
27
2
0
33
64
0
0
96
10
0
0
41
1
0
0
34
64
0
0
32
27
2
0
35
64
0
0
160
0
0
0
21
1
3
0
23
1
15
0
36
1
0
2
2
0
0
0
0
0
255
255
