67
79
80
49
1
0
16
0
24
1
0
32
0
112
0
32
5
0
0
0
5
0
0
0
5
0
0
0
2
0
127
0
47
1
0
0
37
64
12
5
2
254
255
127
38
64
11
5
0
0
0
64
36
64
50
0
138
148
8
64
5
1
1
0
15
1
1
0
0
64
0
0
0
128
4
0
1
64
0
0
0
0
0
0
2
64
0
0
0
0
0
0
3
64
0
0
0
0
0
0
11
1
95
0
12
1
95
0
10
1
95
0
4
1
31
0
5
64
0
0
0
12
0
0
4
64
0
0
32
0
0
0
6
64
0
0
1
0
0
0
9
1
0
0
7
1
0
0
20
1
65
1
31
1
1
0
16
64
0
0
0
0
0
0
17
64
0
0
0
0
0
0
18
64
0
0
0
0
0
0
19
64
0
0
0
0
0
0
18
1
95
0
17
1
95
0
19
1
31
0
27
1
95
0
28
1
95
0
26
1
95
0
21
64
0
0
0
12
0
0
20
64
0
0
16
0
0
0
22
64
0
0
0
6
0
0
24
1
0
0
37
1
0
0
38
1
128
255
39
1
127
0
133
1
1
0
143
1
1
0
128
64
0
0
0
0
9
0
129
64
0
0
0
0
0
0
130
64
0
0
0
0
0
0
131
64
0
0
0
0
0
0
139
1
95
0
140
1
95
0
138
1
95
0
133
64
0
0
0
12
0
0
132
64
0
0
32
0
0
0
134
64
0
0
1
0
0
0
137
1
255
255
8
1
0
0
128
1
0
0
22
1
95
0
21
1
127
0
23
1
15
0
36
1
0
1
6
0
1
0
47
1
1
0
37
64
15
5
0
0
0
64
38
64
15
5
0
0
0
64
36
64
46
0
0
0
0
64
5
1
65
0
0
64
0
0
0
0
0
0
4
64
0
0
16
0
0
0
6
64
0
0
0
6
0
0
16
64
0
0
0
128
4
0
133
1
65
0
128
64
0
0
0
0
0
0
132
64
0
0
16
0
0
0
134
64
0
0
0
6
0
0
137
1
0
0
6
0
1
0
0
64
0
0
0
128
4
0
16
64
0
0
0
0
0
0
128
64
0
0
0
128
4
0
6
0
1
0
0
64
0
0
0
0
0
0
20
1
1
1
16
64
0
0
0
128
4
0
20
64
0
0
32
0
0
0
22
64
0
0
1
0
0
0
128
64
0
0
0
0
0
0
6
0
1
0
0
0
255
255
