67
79
80
49
1
0
16
0
24
1
0
32
0
112
0
32
5
0
0
0
5
0
0
0
5
0
0
0
2
0
239
2
48
1
0
0
48
64
0
0
32
20
10
0
49
1
3
1
49
64
0
0
0
0
0
0
50
64
0
0
0
1
0
0
16
0
0
0
36
64
40
0
212
110
23
126
5
1
1
0
15
1
1
0
0
64
0
0
0
0
2
0
1
64
0
0
0
0
0
0
2
64
0
0
0
0
0
0
3
64
0
0
0
0
0
0
11
1
0
1
12
1
0
1
10
1
0
0
4
1
255
0
5
64
0
0
0
1
0
0
4
64
0
0
0
1
0
0
6
64
0
0
1
0
0
0
9
1
0
0
7
1
0
0
0
1
0
0
1
1
0
0
3
1
0
0
2
1
0
0
20
1
65
128
31
1
0
0
18
1
255
0
17
1
0
0
19
1
255
1
24
1
0
0
33
1
1
0
32
1
0
0
34
1
4
0
46
1
1
0
40
1
0
0
32
64
0
0
0
20
0
0
33
64
0
0
32
0
10
0
41
1
0
0
34
64
0
0
0
0
0
0
35
64
0
0
0
20
0
0
37
1
0
0
38
1
128
255
39
1
127
0
22
1
63
0
21
1
1
0
23
1
15
0
36
1
0
3
47
1
0
0
2
0
0
0
37
64
0
0
1
0
0
0
36
64
30
0
0
0
0
64
5
1
65
128
15
1
0
0
9
1
0
0
20
1
1
1
31
1
1
0
16
64
0
0
0
0
0
0
17
64
0
0
0
0
0
0
18
64
0
0
0
0
0
0
19
64
0
0
0
0
0
0
27
1
255
0
28
1
255
0
26
1
0
0
21
64
0
0
0
2
0
0
20
64
0
0
0
2
0
0
22
64
0
0
1
0
0
0
37
1
4
0
8
1
0
0
128
1
0
0
17
0
0
0
6
0
6
0
48
64
0
0
0
217
10
0
49
64
0
0
0
1
0
0
16
0
0
0
36
64
40
0
158
207
111
80
5
1
1
0
15
1
1
0
0
64
0
0
0
0
0
0
1
64
0
0
0
0
0
0
2
64
0
0
0
0
0
0
3
64
0
0
0
0
0
0
11
1
0
0
12
1
0
0
10
1
255
0
4
1
255
1
5
64
0
0
0
0
2
0
4
64
0
0
0
2
0
0
6
64
0
0
1
0
0
0
9
1
0
0
20
1
65
0
16
64
0
0
0
0
2
0
18
1
0
0
17
1
255
0
19
1
95
0
27
1
0
0
28
1
0
0
26
1
255
0
21
64
0
0
0
96
0
0
20
64
0
0
16
0
0
0
22
64
0
0
0
16
0
0
33
1
0
0
34
1
0
0
32
64
0
0
224
24
10
0
33
64
0
0
32
192
0
0
34
64
0
0
32
21
10
0
35
64
0
0
192
3
0
0
37
1
36
0
22
1
0
0
21
1
63
0
23
1
31
0
36
1
0
2
17
0
0
0
2
0
0
0
36
64
42
0
58
22
32
115
5
1
65
0
0
64
0
0
0
0
2
0
4
1
95
0
5
64
0
0
0
96
0
0
4
64
0
0
16
0
0
0
6
64
0
0
0
16
0
0
1
1
14
0
16
64
0
0
0
96
0
0
32
1
14
0
46
1
0
0
32
64
0
0
192
221
10
0
33
64
0
0
160
6
0
0
34
64
0
0
0
218
10
0
21
1
127
0
36
1
0
1
47
1
5
0
3
0
0
0
48
64
0
0
64
24
11
0
49
64
0
0
0
2
0
0
16
0
0
0
36
64
40
0
236
123
195
97
5
1
65
0
15
1
1
0
0
64
0
0
0
96
0
0
1
64
0
0
0
0
0
0
2
64
0
0
0
0
0
0
3
64
0
0
0
0
0
0
11
1
0
0
12
1
0
0
10
1
255
0
5
64
0
0
0
96
0
0
4
64
0
0
16
0
0
0
6
64
0
0
0
16
0
0
9
1
0
0
1
1
0
0
20
1
65
128
31
1
0
0
32
1
0
0
46
1
1
0
32
64
0
0
32
232
10
0
33
64
0
0
32
48
0
0
34
64
0
0
96
228
10
0
37
1
0
0
21
1
63
0
36
1
0
2
47
1
0
0
2
0
0
0
37
64
14
5
8
0
0
127
38
64
11
5
0
0
0
64
36
64
50
0
102
102
102
102
5
1
65
0
15
1
1
0
0
64
0
0
0
0
2
0
1
64
0
0
0
0
0
0
2
64
0
0
0
0
0
0
3
64
0
0
0
0
0
0
11
1
0
0
12
1
0
0
10
1
255
0
5
64
0
0
0
96
0
0
4
64
0
0
16
0
0
0
6
64
0
0
0
16
0
0
9
1
0
0
20
1
65
1
31
1
1
0
16
64
0
0
0
0
0
0
37
1
68
0
133
1
65
128
143
1
0
0
137
1
0
0
17
0
0
0
6
0
1
0
36
64
41
0
241
216
197
72
5
1
65
0
15
1
1
0
0
64
0
0
0
0
0
0
1
64
0
0
0
0
0
0
2
64
0
0
0
0
0
0
3
64
0
0
0
0
0
0
11
1
0
0
12
1
0
0
10
1
255
0
5
64
0
0
0
96
0
0
4
64
0
0
16
0
0
0
6
64
0
0
0
16
0
0
9
1
0
0
1
1
14
0
20
1
65
0
16
64
0
0
0
192
0
0
32
1
14
0
46
1
0
0
32
64
0
0
0
29
11
0
33
64
0
0
144
6
0
0
34
64
0
0
64
25
11
0
37
1
36
0
21
1
127
0
36
1
0
1
47
1
5
0
3
0
0
0
36
64
40
0
84
145
226
95
5
1
65
0
15
1
1
0
0
64
0
0
0
192
0
0
1
64
0
0
0
0
0
0
2
64
0
0
0
0
0
0
3
64
0
0
0
0
0
0
11
1
0
0
12
1
0
0
10
1
255
0
5
64
0
0
0
96
0
0
4
64
0
0
16
0
0
0
6
64
0
0
0
16
0
0
9
1
0
0
1
1
0
0
20
1
65
128
31
1
0
0
32
1
0
0
46
1
1
0
32
64
0
0
80
39
11
0
33
64
0
0
32
48
0
0
34
64
0
0
144
35
11
0
37
1
0
0
21
1
63
0
36
1
0
2
47
1
0
0
2
0
0
0
36
64
50
0
102
102
102
102
5
1
65
0
15
1
1
0
0
64
0
0
0
0
0
0
1
64
0
0
0
0
0
0
2
64
0
0
0
0
0
0
3
64
0
0
0
0
0
0
11
1
0
0
12
1
0
0
10
1
255
0
5
64
0
0
0
96
0
0
4
64
0
0
16
0
0
0
6
64
0
0
0
16
0
0
9
1
0
0
20
1
65
1
31
1
1
0
16
64
0
0
0
96
0
0
37
1
68
0
133
1
65
128
143
1
0
0
137
1
0
0
6
0
1
0
36
64
41
0
188
23
7
79
5
1
65
0
15
1
1
0
0
64
0
0
0
96
0
0
1
64
0
0
0
0
0
0
2
64
0
0
0
0
0
0
3
64
0
0
0
0
0
0
11
1
0
0
12
1
0
0
10
1
255
0
5
64
0
0
0
96
0
0
4
64
0
0
16
0
0
0
6
64
0
0
0
16
0
0
9
1
0
0
1
1
14
0
20
1
65
0
16
64
0
0
0
192
0
0
32
1
14
0
46
1
0
0
32
64
0
0
48
91
11
0
33
64
0
0
160
6
0
0
34
64
0
0
112
87
11
0
37
1
36
0
21
1
127
0
36
1
0
1
47
1
5
0
3
0
0
0
36
64
40
0
216
139
210
88
5
1
65
0
15
1
1
0
0
64
0
0
0
192
0
0
1
64
0
0
0
0
0
0
2
64
0
0
0
0
0
0
3
64
0
0
0
0
0
0
11
1
0
0
12
1
0
0
10
1
255
0
5
64
0
0
0
96
0
0
4
64
0
0
16
0
0
0
6
64
0
0
0
16
0
0
9
1
0
0
1
1
0
0
20
1
65
128
31
1
0
0
32
1
0
0
46
1
1
0
32
64
0
0
144
101
11
0
33
64
0
0
32
48
0
0
34
64
0
0
208
97
11
0
37
1
0
0
21
1
63
0
36
1
0
2
47
1
0
0
2
0
0
0
36
64
50
0
102
102
102
102
5
1
65
0
15
1
1
0
0
64
0
0
0
96
0
0
1
64
0
0
0
0
0
0
2
64
0
0
0
0
0
0
3
64
0
0
0
0
0
0
11
1
0
0
12
1
0
0
10
1
255
0
5
64
0
0
0
96
0
0
4
64
0
0
16
0
0
0
6
64
0
0
0
16
0
0
9
1
0
0
20
1
65
1
31
1
1
0
16
64
0
0
0
0
0
0
37
1
68
0
133
1
65
128
143
1
0
0
137
1
0
0
6
0
1
0
36
64
41
0
86
206
66
96
5
1
65
0
15
1
1
0
0
64
0
0
0
0
0
0
1
64
0
0
0
0
0
0
2
64
0
0
0
0
0
0
3
64
0
0
0
0
0
0
11
1
0
0
12
1
0
0
10
1
255
0
5
64
0
0
0
96
0
0
4
64
0
0
16
0
0
0
6
64
0
0
0
16
0
0
9
1
0
0
1
1
14
0
20
1
65
0
16
64
0
0
0
192
0
0
32
1
14
0
46
1
0
0
32
64
0
0
112
153
11
0
33
64
0
0
144
6
0
0
34
64
0
0
176
149
11
0
37
1
36
0
21
1
127
0
36
1
0
1
47
1
5
0
3
0
0
0
36
64
40
0
46
70
132
70
5
1
65
0
15
1
1
0
0
64
0
0
0
192
0
0
1
64
0
0
0
0
0
0
2
64
0
0
0
0
0
0
3
64
0
0
0
0
0
0
11
1
0
0
12
1
0
0
10
1
255
0
5
64
0
0
0
96
0
0
4
64
0
0
16
0
0
0
6
64
0
0
0
16
0
0
9
1
0
0
1
1
0
0
20
1
65
128
31
1
0
0
32
1
0
0
46
1
1
0
32
64
0
0
192
163
11
0
33
64
0
0
32
48
0
0
34
64
0
0
0
160
11
0
37
1
0
0
21
1
63
0
36
1
0
2
47
1
0
0
2
0
0
0
36
64
50
0
102
102
102
102
5
1
65
0
15
1
1
0
0
64
0
0
0
0
0
0
1
64
0
0
0
0
0
0
2
64
0
0
0
0
0
0
3
64
0
0
0
0
0
0
11
1
0
0
12
1
0
0
10
1
255
0
5
64
0
0
0
96
0
0
4
64
0
0
16
0
0
0
6
64
0
0
0
16
0
0
9
1
0
0
20
1
65
1
31
1
1
0
16
64
0
0
0
96
0
0
37
1
68
0
133
1
65
128
143
1
0
0
137
1
0
0
6
0
1
0
36
64
41
0
150
60
2
125
5
1
65
0
15
1
1
0
0
64
0
0
0
96
0
0
1
64
0
0
0
0
0
0
2
64
0
0
0
0
0
0
3
64
0
0
0
0
0
0
11
1
0
0
12
1
0
0
10
1
255
0
5
64
0
0
0
96
0
0
4
64
0
0
16
0
0
0
6
64
0
0
0
16
0
0
9
1
0
0
1
1
14
0
20
1
65
0
16
64
0
0
0
0
0
0
32
1
14
0
46
1
0
0
32
64
0
0
160
215
11
0
33
64
0
0
144
6
0
0
34
64
0
0
224
211
11
0
37
1
36
0
21
1
127
0
36
1
0
1
47
1
5
0
3
0
0
0
36
64
41
0
113
226
204
82
5
1
65
0
15
1
1
0
0
64
0
0
0
0
0
0
1
64
0
0
0
0
0
0
2
64
0
0
0
0
0
0
3
64
0
0
0
0
0
0
11
1
0
0
12
1
0
0
10
1
255
0
5
64
0
0
0
96
0
0
4
64
0
0
16
0
0
0
6
64
0
0
0
16
0
0
9
1
0
0
1
1
0
0
20
1
65
128
31
1
0
0
32
1
0
0
46
1
1
0
32
64
0
0
240
225
11
0
33
64
0
0
32
48
0
0
34
64
0
0
48
222
11
0
37
1
0
0
21
1
63
0
36
1
0
2
47
1
0
0
2
0
0
0
36
64
50
0
102
102
102
102
5
1
65
0
15
1
1
0
0
64
0
0
0
96
0
0
1
64
0
0
0
0
0
0
2
64
0
0
0
0
0
0
3
64
0
0
0
0
0
0
11
1
0
0
12
1
0
0
10
1
255
0
5
64
0
0
0
96
0
0
4
64
0
0
16
0
0
0
6
64
0
0
0
16
0
0
9
1
0
0
20
1
1
1
31
1
1
0
16
64
0
0
0
192
0
0
20
64
0
0
96
0
0
0
22
64
0
0
1
0
0
0
37
1
68
0
133
1
65
128
143
1
0
0
137
1
0
0
6
0
1
0
36
64
42
0
21
202
231
86
5
1
1
0
15
1
1
0
0
64
0
0
0
192
0
0
1
64
0
0
0
0
0
0
2
64
0
0
0
0
0
0
3
64
0
0
0
0
0
0
11
1
15
0
12
1
15
0
10
1
15
0
5
64
0
0
0
6
0
0
4
64
0
0
96
0
0
0
6
64
0
0
1
0
0
0
9
1
0
0
20
1
1
0
16
64
0
0
0
0
0
0
18
1
15
0
17
1
0
0
19
1
0
0
27
1
15
0
28
1
15
0
26
1
0
0
21
64
0
0
1
0
0
0
20
64
0
0
1
0
0
0
32
1
15
0
34
1
4
0
32
64
0
0
176
18
12
0
33
64
0
0
32
60
0
0
34
64
0
0
16
18
12
0
35
64
0
0
160
0
0
0
37
1
0
0
22
1
15
0
21
1
1
0
23
1
15
0
36
1
0
3
2
0
0
0
0
0
255
255
