67
79
80
49
1
0
16
0
24
1
0
32
0
112
0
32
5
0
0
0
5
0
0
0
5
0
0
0
2
0
154
6
47
1
0
0
36
64
38
0
121
230
72
70
5
1
1
0
15
1
1
0
0
64
0
0
0
0
0
0
1
64
0
0
0
0
0
0
2
64
0
0
0
0
0
0
3
64
0
0
0
0
0
0
11
1
95
0
12
1
95
0
10
1
95
0
4
1
2
0
5
64
0
0
32
1
0
0
4
64
0
0
3
0
0
0
6
64
0
0
1
0
0
0
9
1
128
255
7
1
0
0
0
1
0
0
1
1
0
0
3
1
1
0
2
1
1
0
20
1
65
0
31
1
2
0
16
64
0
0
0
0
0
0
17
64
0
0
0
0
0
0
18
64
0
0
0
0
0
0
19
64
0
0
0
0
0
0
18
1
47
0
17
1
47
0
19
1
7
0
27
1
47
0
28
1
47
0
26
1
47
0
21
64
0
0
0
3
0
0
20
64
0
0
16
0
0
0
22
64
0
0
0
3
0
0
24
1
128
255
33
1
2
0
32
1
2
0
34
1
7
0
46
1
0
0
40
1
0
0
32
64
0
0
160
0
0
0
33
64
0
0
96
1
0
0
41
1
0
0
34
64
0
0
0
0
0
0
35
64
0
0
160
0
0
0
37
1
0
0
38
1
128
255
39
1
127
0
22
1
3
0
21
1
23
0
23
1
15
0
36
1
0
2
2
0
0
0
47
1
7
0
36
64
39
0
210
104
203
105
5
1
65
0
15
1
2
0
11
1
47
0
12
1
47
0
10
1
47
0
4
1
7
0
5
64
0
0
0
3
0
0
4
64
0
0
16
0
0
0
6
64
0
0
0
3
0
0
0
1
1
0
1
1
1
0
16
64
0
0
0
144
0
0
34
1
0
0
32
64
0
0
160
2
0
0
33
64
0
0
128
0
0
0
34
64
0
0
0
2
0
0
22
1
15
0
21
1
15
0
36
1
0
1
3
0
0
0
36
64
37
0
174
209
190
103
0
64
0
0
0
144
0
0
0
1
0
0
1
1
0
0
3
1
0
0
2
1
0
0
16
64
0
0
0
0
0
0
19
1
15
0
33
1
0
0
32
1
0
0
34
1
4
0
32
64
0
0
192
3
0
0
33
64
0
0
240
0
0
0
34
64
0
0
32
3
0
0
22
1
7
0
36
1
0
2
2
0
0
0
47
1
3
0
36
64
39
0
144
219
218
101
0
64
0
0
0
0
0
0
4
1
15
0
3
1
1
0
2
1
1
0
16
64
0
0
0
144
0
0
18
1
23
0
17
1
23
0
27
1
23
0
28
1
23
0
26
1
23
0
21
64
0
0
128
1
0
0
22
64
0
0
128
1
0
0
33
1
2
0
32
1
2
0
34
1
3
0
32
64
0
0
80
5
0
0
33
64
0
0
192
0
0
0
34
64
0
0
176
4
0
0
22
1
15
0
21
1
11
0
36
1
0
1
3
0
0
0
36
64
39
0
1
144
88
105
0
64
0
0
0
144
0
0
11
1
23
0
12
1
23
0
10
1
23
0
5
64
0
0
128
1
0
0
6
64
0
0
128
1
0
0
3
1
0
0
2
1
0
0
16
64
0
0
0
0
0
0
19
1
31
0
21
64
0
0
0
3
0
0
33
1
0
0
32
1
0
0
34
1
4
0
32
64
0
0
80
7
0
0
33
64
0
0
16
3
0
0
34
64
0
0
16
6
0
0
35
64
0
0
64
1
0
0
22
1
7
0
21
1
7
0
23
1
31
0
36
1
0
2
2
0
0
0
47
1
1
0
36
64
38
0
55
242
222
117
0
64
0
0
0
0
0
0
4
1
31
0
5
64
0
0
0
3
0
0
0
1
1
0
1
1
1
0
3
1
1
0
2
1
1
0
16
64
0
0
0
72
0
0
33
1
2
0
32
1
2
0
34
1
0
0
32
64
0
0
160
11
0
0
33
64
0
0
96
1
0
0
34
64
0
0
96
10
0
0
22
1
20
0
21
1
11
0
23
1
15
0
36
1
0
1
3
0
0
0
47
1
7
0
36
64
39
0
61
120
239
101
0
64
0
0
0
72
0
0
0
1
0
0
1
1
0
0
3
1
0
0
2
1
0
0
16
64
0
0
0
0
0
0
33
1
0
0
32
1
0
0
34
1
4
0
32
64
0
0
64
14
0
0
33
64
0
0
240
5
0
0
34
64
0
0
0
13
0
0
22
1
7
0
21
1
7
0
23
1
31
0
36
1
0
2
2
0
0
0
47
1
0
0
36
64
36
0
37
25
145
66
0
64
0
0
0
0
0
0
3
1
1
0
2
1
1
0
16
64
0
0
0
72
0
0
18
1
11
0
17
1
11
0
27
1
11
0
28
1
11
0
26
1
11
0
21
64
0
0
128
1
0
0
22
64
0
0
192
0
0
0
33
1
2
0
32
1
2
0
34
1
3
0
32
64
0
0
112
21
0
0
33
64
0
0
112
1
0
0
34
64
0
0
48
20
0
0
22
1
11
0
21
1
11
0
23
1
15
0
36
1
0
1
3
0
0
0
47
1
1
0
36
64
40
0
108
62
139
116
0
64
0
0
0
72
0
0
11
1
11
0
12
1
11
0
10
1
11
0
5
64
0
0
128
1
0
0
6
64
0
0
192
0
0
0
3
1
0
0
2
1
0
0
16
64
0
0
0
0
0
0
19
1
63
0
21
64
0
0
0
3
0
0
33
1
0
0
32
1
0
0
34
1
4
0
32
64
0
0
96
25
0
0
33
64
0
0
240
11
0
0
34
64
0
0
224
22
0
0
35
64
0
0
128
2
0
0
22
1
3
0
23
1
31
0
36
1
0
2
2
0
0
0
36
64
36
0
127
170
29
74
0
64
0
0
0
0
0
0
4
1
63
0
5
64
0
0
0
3
0
0
0
1
1
0
1
1
1
0
3
1
1
0
2
1
1
0
16
64
0
0
0
36
0
0
33
1
2
0
32
1
2
0
34
1
0
0
32
64
0
0
208
39
0
0
33
64
0
0
144
2
0
0
34
64
0
0
80
37
0
0
22
1
11
0
23
1
15
0
36
1
0
1
3
0
0
0
47
1
0
0
36
64
39
0
211
51
25
95
0
64
0
0
0
36
0
0
0
1
0
0
1
1
0
0
3
1
0
0
2
1
0
0
16
64
0
0
0
0
0
0
33
1
0
0
32
1
0
0
46
1
1
0
32
64
0
0
224
44
0
0
33
64
0
0
32
16
0
0
34
64
0
0
96
42
0
0
22
1
6
0
36
1
0
2
2
0
0
0
36
64
38
0
177
110
66
85
0
64
0
0
0
0
0
0
3
1
1
0
2
1
1
0
16
64
0
0
0
36
0
0
18
1
5
0
17
1
5
0
27
1
5
0
28
1
5
0
26
1
5
0
21
64
0
0
128
1
0
0
22
64
0
0
96
0
0
0
33
1
2
0
32
1
2
0
34
1
3
0
46
1
0
0
32
64
0
0
128
63
0
0
33
64
0
0
144
2
0
0
34
64
0
0
0
61
0
0
22
1
5
0
21
1
5
0
23
1
63
0
36
1
0
1
3
0
0
0
36
64
40
0
223
200
86
126
0
64
0
0
0
36
0
0
11
1
5
0
12
1
5
0
10
1
5
0
5
64
0
0
128
1
0
0
6
64
0
0
96
0
0
0
3
1
0
0
2
1
0
0
16
64
0
0
0
0
0
0
19
1
127
0
21
64
0
0
0
3
0
0
33
1
0
0
32
1
0
0
34
1
0
0
46
1
1
0
32
64
0
0
16
71
0
0
33
64
0
0
32
32
0
0
34
64
0
0
16
66
0
0
35
64
0
0
0
5
0
0
23
1
47
0
36
1
0
3
2
0
0
0
36
64
38
0
101
233
148
125
0
64
0
0
0
0
0
0
4
1
127
0
5
64
0
0
0
3
0
0
0
1
1
0
1
1
1
0
3
1
1
0
2
1
1
0
16
64
0
0
0
18
0
0
33
1
2
0
32
1
2
0
46
1
0
0
32
64
0
0
48
108
0
0
33
64
0
0
32
5
0
0
34
64
0
0
48
103
0
0
23
1
111
0
36
1
0
1
3
0
0
0
47
1
1
0
36
64
59
0
110
255
245
97
0
64
0
0
0
18
0
0
0
1
0
0
1
1
0
0
3
1
0
0
2
1
0
0
16
64
0
0
0
0
0
0
33
1
0
0
32
1
0
0
32
64
0
0
80
118
0
0
33
64
0
0
128
30
0
0
34
64
0
0
80
113
0
0
23
1
47
0
36
1
0
3
2
0
0
0
47
1
0
0
36
64
36
0
177
223
236
116
0
64
0
0
0
0
0
0
0
1
1
0
1
1
1
0
3
1
1
0
2
1
1
0
16
64
0
0
0
18
0
0
33
1
2
0
32
1
2
0
32
64
0
0
208
153
0
0
33
64
0
0
16
5
0
0
34
64
0
0
208
148
0
0
23
1
111
0
36
1
0
1
3
0
0
0
47
1
1
0
36
64
60
0
103
109
255
94
0
64
0
0
0
18
0
0
0
1
0
0
1
1
0
0
3
1
0
0
2
1
0
0
16
64
0
0
0
0
0
0
33
1
0
0
32
1
0
0
32
64
0
0
224
163
0
0
33
64
0
0
96
10
0
0
34
64
0
0
224
158
0
0
23
1
47
0
36
1
0
3
2
0
0
0
47
1
0
0
36
64
35
0
48
140
251
118
0
64
0
0
0
0
0
0
0
1
1
0
1
1
1
0
3
1
1
0
2
1
1
0
16
64
0
0
0
18
0
0
33
1
2
0
32
1
2
0
32
64
0
0
64
179
0
0
33
64
0
0
48
5
0
0
34
64
0
0
64
174
0
0
23
1
111
0
36
1
0
1
3
0
0
0
47
1
1
0
36
64
59
0
230
5
226
125
0
64
0
0
0
18
0
0
0
1
0
0
1
1
0
0
3
1
0
0
2
1
0
0
16
64
0
0
0
0
0
0
33
1
0
0
32
1
0
0
32
64
0
0
112
189
0
0
33
64
0
0
16
4
0
0
34
64
0
0
112
184
0
0
23
1
47
0
36
1
0
3
2
0
0
0
47
1
0
0
36
64
36
0
196
179
144
78
0
64
0
0
0
0
0
0
0
1
1
0
1
1
1
0
3
1
1
0
2
1
1
0
16
64
0
0
0
18
0
0
33
1
2
0
32
1
2
0
32
64
0
0
128
198
0
0
33
64
0
0
32
5
0
0
34
64
0
0
128
193
0
0
23
1
111
0
36
1
0
1
3
0
0
0
36
64
57
0
191
214
86
106
0
64
0
0
0
18
0
0
0
1
0
0
1
1
0
0
3
1
0
0
2
1
0
0
16
64
0
0
0
0
0
0
33
1
0
0
32
1
0
0
46
1
16
0
32
64
0
0
160
208
0
0
33
64
0
0
0
3
0
0
34
64
0
0
160
203
0
0
23
1
47
0
36
1
0
3
2
0
0
0
36
64
36
0
96
87
79
105
0
64
0
0
0
0
0
0
0
1
1
0
1
1
1
0
3
1
1
0
2
1
1
0
16
64
0
0
0
18
0
0
33
1
2
0
32
1
2
0
46
1
0
0
32
64
0
0
160
216
0
0
33
64
0
0
32
5
0
0
34
64
0
0
160
211
0
0
23
1
111
0
36
1
0
1
3
0
0
0
36
64
58
0
37
202
11
80
0
64
0
0
0
18
0
0
0
1
0
0
1
1
0
0
3
1
0
0
2
1
0
0
16
64
0
0
0
0
0
0
33
1
0
0
32
1
0
0
46
1
16
0
32
64
0
0
192
226
0
0
33
64
0
0
80
3
0
0
34
64
0
0
192
221
0
0
23
1
47
0
36
1
0
3
2
0
0
0
36
64
36
0
184
44
135
84
0
64
0
0
0
0
0
0
3
1
1
0
2
1
1
0
16
64
0
0
0
18
0
0
18
1
2
0
17
1
2
0
27
1
2
0
28
1
2
0
26
1
2
0
21
64
0
0
128
1
0
0
22
64
0
0
48
0
0
0
33
1
2
0
32
1
2
0
34
1
3
0
46
1
0
0
32
64
0
0
16
235
0
0
33
64
0
0
32
5
0
0
34
64
0
0
16
230
0
0
22
1
2
0
21
1
3
0
23
1
127
0
36
1
0
1
3
0
0
0
36
64
59
0
161
243
114
76
0
64
0
0
0
18
0
0
11
1
2
0
12
1
2
0
10
1
2
0
5
64
0
0
128
1
0
0
6
64
0
0
48
0
0
0
3
1
0
0
2
1
0
0
16
64
0
0
0
0
0
0
19
1
255
0
21
64
0
0
0
3
0
0
33
1
0
0
32
1
0
0
34
1
0
0
46
1
16
0
32
64
0
0
48
250
0
0
33
64
0
0
80
6
0
0
34
64
0
0
48
240
0
0
35
64
0
0
0
10
0
0
23
1
159
0
36
1
0
2
2
0
0
0
36
64
35
0
215
191
190
79
0
64
0
0
0
0
0
0
4
1
255
0
5
64
0
0
0
3
0
0
0
1
1
0
1
1
1
0
3
1
1
0
2
1
1
0
16
64
0
0
0
9
0
0
33
1
2
0
32
1
2
0
46
1
0
0
32
64
0
0
128
10
1
0
33
64
0
0
112
9
0
0
34
64
0
0
128
0
1
0
23
1
255
0
36
1
0
1
3
0
0
0
36
64
56
0
216
93
62
71
0
64
0
0
0
9
0
0
0
1
0
0
1
1
0
0
3
1
0
0
2
1
0
0
16
64
0
0
0
0
0
0
33
1
0
0
32
1
0
0
46
1
16
0
32
64
0
0
240
29
1
0
33
64
0
0
176
7
0
0
34
64
0
0
240
19
1
0
23
1
159
0
36
1
0
2
2
0
0
0
0
64
0
0
0
0
0
0
9
1
0
0
20
1
65
1
16
64
0
0
0
9
0
0
18
1
0
0
17
1
0
0
27
1
0
0
28
1
0
0
26
1
0
0
21
64
0
0
0
1
0
0
22
64
0
0
16
0
0
0
24
1
0
0
33
1
2
0
32
1
2
0
36
64
30
32
0
0
0
64
22
1
0
0
21
1
1
0
23
1
255
0
36
1
0
1
5
0
1
0
36
64
38
0
171
3
187
82
0
64
0
0
0
9
0
0
11
1
0
0
12
1
0
0
10
1
0
0
5
64
0
0
0
1
0
0
6
64
0
0
16
0
0
0
9
1
128
255
20
1
1
0
16
64
0
0
64
0
0
0
19
1
1
0
21
64
0
0
2
0
0
0
20
64
0
0
2
0
0
0
22
64
0
0
1
0
0
0
24
1
251
255
33
1
0
0
32
1
0
0
46
1
0
0
32
64
0
0
64
38
1
0
33
64
0
0
176
2
0
0
34
64
0
0
160
37
1
0
35
64
0
0
160
0
0
0
21
1
3
0
23
1
15
0
36
1
0
2
2
0
0
0
5
1
1
0
0
64
0
0
64
0
0
0
10
1
1
0
4
1
0
0
5
64
0
0
2
0
0
0
4
64
0
0
1
0
0
0
6
64
0
0
1
0
0
0
9
1
251
255
20
1
65
1
16
64
0
0
80
0
0
0
19
1
0
0
21
64
0
0
16
0
0
0
20
64
0
0
16
0
0
0
22
64
0
0
16
0
0
0
32
1
1
0
36
64
0
0
1
0
0
0
21
1
1
0
36
1
0
1
5
0
0
0
48
1
0
0
48
64
0
0
240
40
1
0
49
1
3
1
49
64
0
0
0
0
0
0
50
64
0
0
0
4
0
0
50
1
1
0
16
0
0
0
37
64
0
5
1
0
0
0
38
64
0
5
1
0
0
0
10
1
0
0
4
1
1
0
4
64
0
0
2
0
0
0
20
1
69
1
16
64
0
0
0
0
0
0
19
1
1
0
21
64
0
0
64
0
0
0
20
64
0
0
64
0
0
0
22
64
0
0
64
0
0
0
24
1
127
0
37
1
7
0
133
1
65
0
143
1
2
0
128
64
0
0
80
0
0
0
129
64
0
0
0
0
0
0
130
64
0
0
0
0
0
0
131
64
0
0
0
0
0
0
139
1
0
0
140
1
0
0
138
1
0
0
133
64
0
0
16
0
0
0
132
64
0
0
16
0
0
0
134
64
0
0
16
0
0
0
137
1
251
255
8
1
0
0
128
1
4
0
21
1
127
0
17
0
0
0
6
0
2
0
37
64
0
0
1
0
0
0
38
64
0
0
1
0
0
0
36
64
0
32
1
0
0
0
5
1
73
0
0
64
0
0
0
0
0
0
5
64
0
0
64
0
0
0
4
64
0
0
64
0
0
0
6
64
0
0
64
0
0
0
9
1
0
0
20
1
5
1
16
64
0
0
64
0
0
0
21
64
0
0
8
0
0
0
20
64
0
0
8
0
0
0
22
64
0
0
4
0
0
0
24
1
0
0
37
1
0
16
38
1
0
128
39
1
255
255
133
1
9
192
39
64
0
0
12
0
0
0
137
1
0
0
128
1
8
0
21
1
31
0
6
0
8
0
5
1
9
0
0
64
0
0
64
0
0
0
5
64
0
0
8
0
0
0
4
64
0
0
8
0
0
0
6
64
0
0
4
0
0
0
20
1
69
1
16
64
0
0
192
0
0
0
19
1
0
0
21
64
0
0
64
0
0
0
20
64
0
0
64
0
0
0
22
64
0
0
64
0
0
0
32
1
0
0
21
1
3
0
36
1
0
2
5
0
2
0
36
64
0
0
1
0
0
0
5
1
73
0
0
64
0
0
192
0
0
0
4
1
0
0
5
64
0
0
64
0
0
0
4
64
0
0
64
0
0
0
6
64
0
0
64
0
0
0
16
64
0
0
0
1
0
0
128
1
0
0
21
1
31
0
36
1
0
1
6
0
7
0
37
64
192
3
1
0
0
0
38
64
192
3
1
0
0
0
5
1
9
192
39
64
0
0
35
0
0
0
16
64
0
0
64
0
0
0
133
1
73
0
128
64
0
0
0
1
0
0
133
64
0
0
64
0
0
0
132
64
0
0
64
0
0
0
134
64
0
0
64
0
0
0
8
1
8
0
6
0
2
0
47
1
7
0
5
1
73
0
15
1
2
0
0
64
0
0
0
1
0
0
1
64
0
0
0
0
0
0
2
64
0
0
0
0
0
0
3
64
0
0
0
0
0
0
11
1
0
0
12
1
0
0
10
1
0
0
5
64
0
0
64
0
0
0
4
64
0
0
64
0
0
0
6
64
0
0
64
0
0
0
9
1
0
0
20
1
69
129
31
1
0
0
133
1
9
192
39
64
0
0
1
0
0
0
137
1
0
0
8
1
0
0
128
1
8
0
6
0
2
0
37
64
0
0
1
0
0
0
38
64
0
0
1
0
0
0
5
1
73
0
15
1
2
0
0
64
0
0
192
0
0
0
1
64
0
0
0
0
0
0
2
64
0
0
0
0
0
0
3
64
0
0
0
0
0
0
11
1
0
0
12
1
0
0
10
1
0
0
5
64
0
0
64
0
0
0
4
64
0
0
64
0
0
0
6
64
0
0
64
0
0
0
9
1
0
0
20
1
69
1
31
1
2
0
16
64
0
0
128
0
0
0
133
1
73
128
143
1
0
0
137
1
0
0
128
1
0
0
6
0
9
0
47
1
0
0
36
64
31
0
0
0
0
64
5
1
73
0
15
1
2
0
0
64
0
0
128
0
0
0
1
64
0
0
0
0
0
0
2
64
0
0
0
0
0
0
3
64
0
0
0
0
0
0
11
1
0
0
12
1
0
0
10
1
0
0
5
64
0
0
64
0
0
0
4
64
0
0
64
0
0
0
6
64
0
0
64
0
0
0
9
1
0
0
20
1
69
129
31
1
0
0
133
1
9
192
39
64
0
0
196
195
195
195
137
1
0
0
128
1
8
0
6
0
0
0
37
64
192
3
1
0
0
0
38
64
192
3
1
0
0
0
36
64
0
0
1
0
0
0
5
1
73
128
15
1
0
0
9
1
0
0
20
1
69
1
31
1
2
0
16
64
0
0
0
1
0
0
133
1
9
192
39
64
0
0
90
90
90
90
137
1
0
0
6
0
1
0
37
64
0
0
1
0
0
0
38
64
0
0
1
0
0
0
36
64
31
0
0
0
0
64
5
1
73
0
15
1
2
0
0
64
0
0
0
1
0
0
1
64
0
0
0
0
0
0
2
64
0
0
0
0
0
0
3
64
0
0
0
0
0
0
11
1
0
0
12
1
0
0
10
1
0
0
5
64
0
0
64
0
0
0
4
64
0
0
64
0
0
0
6
64
0
0
64
0
0
0
9
1
0
0
20
1
69
129
31
1
0
0
133
1
73
0
143
1
2
0
128
64
0
0
128
0
0
0
129
64
0
0
0
0
0
0
130
64
0
0
0
0
0
0
131
64
0
0
0
0
0
0
139
1
0
0
140
1
0
0
138
1
0
0
133
64
0
0
64
0
0
0
132
64
0
0
64
0
0
0
134
64
0
0
64
0
0
0
137
1
0
0
128
1
0
0
6
0
0
0
37
64
192
3
1
0
0
0
38
64
192
3
1
0
0
0
36
64
0
0
1
0
0
0
5
1
9
192
39
64
0
0
0
0
0
32
9
1
0
0
20
1
69
129
31
1
1
0
133
1
73
128
143
1
0
0
137
1
0
0
8
1
8
0
6
0
2
0
37
64
0
0
1
0
0
0
38
64
0
0
1
0
0
0
36
64
31
0
0
0
0
64
5
1
73
0
15
1
2
0
0
64
0
0
0
1
0
0
1
64
0
0
0
0
0
0
2
64
0
0
0
0
0
0
3
64
0
0
0
0
0
0
11
1
0
0
12
1
0
0
10
1
0
0
5
64
0
0
64
0
0
0
4
64
0
0
64
0
0
0
6
64
0
0
64
0
0
0
9
1
0
0
20
1
69
129
31
1
2
0
133
1
73
128
143
1
1
0
137
1
0
0
8
1
0
0
6
0
0
0
36
64
0
0
1
0
0
0
5
1
73
128
15
1
2
0
9
1
0
0
20
1
69
1
16
64
0
0
192
0
0
0
133
1
9
192
39
64
0
0
4
0
0
0
137
1
0
0
128
1
8
0
6
0
0
0
37
64
192
3
1
0
0
0
38
64
192
3
1
0
0
0
5
1
73
0
15
1
2
0
0
64
0
0
0
1
0
0
1
64
0
0
0
0
0
0
2
64
0
0
0
0
0
0
3
64
0
0
0
0
0
0
11
1
0
0
12
1
0
0
10
1
0
0
5
64
0
0
64
0
0
0
4
64
0
0
64
0
0
0
6
64
0
0
64
0
0
0
9
1
0
0
20
1
69
1
133
1
73
0
143
1
2
0
128
64
0
0
192
0
0
0
129
64
0
0
0
0
0
0
130
64
0
0
0
0
0
0
131
64
0
0
0
0
0
0
139
1
0
0
140
1
0
0
138
1
0
0
133
64
0
0
64
0
0
0
132
64
0
0
64
0
0
0
134
64
0
0
64
0
0
0
137
1
0
0
128
1
0
0
6
0
1
0
37
64
0
0
1
0
0
0
38
64
0
0
1
0
0
0
36
64
31
0
0
0
0
64
5
1
73
0
15
1
2
0
0
64
0
0
192
0
0
0
1
64
0
0
0
0
0
0
2
64
0
0
0
0
0
0
3
64
0
0
0
0
0
0
11
1
0
0
12
1
0
0
10
1
0
0
5
64
0
0
64
0
0
0
4
64
0
0
64
0
0
0
6
64
0
0
64
0
0
0
9
1
0
0
20
1
69
129
31
1
0
0
133
1
73
0
143
1
2
0
128
64
0
0
128
0
0
0
129
64
0
0
0
0
0
0
130
64
0
0
0
0
0
0
131
64
0
0
0
0
0
0
139
1
0
0
140
1
0
0
138
1
0
0
133
64
0
0
64
0
0
0
132
64
0
0
64
0
0
0
134
64
0
0
64
0
0
0
137
1
0
0
6
0
0
0
37
64
192
3
1
0
0
0
38
64
192
3
1
0
0
0
36
64
0
0
1
0
0
0
5
1
9
192
39
64
0
0
0
0
0
32
9
1
0
0
20
1
69
129
31
1
1
0
133
1
73
128
143
1
0
0
137
1
0
0
8
1
8
0
6
0
2
0
37
64
0
0
1
0
0
0
38
64
0
0
1
0
0
0
36
64
31
0
0
0
0
64
5
1
73
0
15
1
2
0
0
64
0
0
192
0
0
0
1
64
0
0
0
0
0
0
2
64
0
0
0
0
0
0
3
64
0
0
0
0
0
0
11
1
0
0
12
1
0
0
10
1
0
0
5
64
0
0
64
0
0
0
4
64
0
0
64
0
0
0
6
64
0
0
64
0
0
0
9
1
0
0
20
1
69
129
31
1
2
0
133
1
73
128
143
1
1
0
137
1
0
0
8
1
0
0
6
0
0
0
36
64
0
0
1
0
0
0
5
1
73
128
15
1
2
0
9
1
0
0
20
1
69
1
16
64
0
0
0
1
0
0
133
1
9
192
39
64
0
0
4
0
0
0
137
1
0
0
128
1
8
0
6
0
0
0
37
64
192
3
1
0
0
0
38
64
192
3
1
0
0
0
5
1
73
0
15
1
2
0
0
64
0
0
192
0
0
0
1
64
0
0
0
0
0
0
2
64
0
0
0
0
0
0
3
64
0
0
0
0
0
0
11
1
0
0
12
1
0
0
10
1
0
0
5
64
0
0
64
0
0
0
4
64
0
0
64
0
0
0
6
64
0
0
64
0
0
0
9
1
0
0
20
1
69
1
133
1
73
0
143
1
2
0
128
64
0
0
0
1
0
0
129
64
0
0
0
0
0
0
130
64
0
0
0
0
0
0
131
64
0
0
0
0
0
0
139
1
0
0
140
1
0
0
138
1
0
0
133
64
0
0
64
0
0
0
132
64
0
0
64
0
0
0
134
64
0
0
64
0
0
0
137
1
0
0
128
1
0
0
6
0
1
0
37
64
0
0
1
0
0
0
38
64
0
0
1
0
0
0
36
64
31
0
0
0
0
64
5
1
73
0
15
1
2
0
0
64
0
0
0
1
0
0
1
64
0
0
0
0
0
0
2
64
0
0
0
0
0
0
3
64
0
0
0
0
0
0
11
1
0
0
12
1
0
0
10
1
0
0
5
64
0
0
64
0
0
0
4
64
0
0
64
0
0
0
6
64
0
0
64
0
0
0
9
1
0
0
20
1
69
129
31
1
0
0
133
1
73
0
143
1
2
0
128
64
0
0
128
0
0
0
129
64
0
0
0
0
0
0
130
64
0
0
0
0
0
0
131
64
0
0
0
0
0
0
139
1
0
0
140
1
0
0
138
1
0
0
133
64
0
0
64
0
0
0
132
64
0
0
64
0
0
0
134
64
0
0
64
0
0
0
137
1
0
0
6
0
0
0
37
64
192
3
1
0
0
0
38
64
192
3
1
0
0
0
36
64
0
0
1
0
0
0
5
1
9
192
39
64
0
0
0
0
0
32
9
1
0
0
20
1
69
129
31
1
1
0
133
1
73
128
143
1
0
0
137
1
0
0
8
1
8
0
6
0
2
0
37
64
0
0
1
0
0
0
38
64
0
0
1
0
0
0
36
64
31
0
0
0
0
64
5
1
73
0
15
1
2
0
0
64
0
0
0
1
0
0
1
64
0
0
0
0
0
0
2
64
0
0
0
0
0
0
3
64
0
0
0
0
0
0
11
1
0
0
12
1
0
0
10
1
0
0
5
64
0
0
64
0
0
0
4
64
0
0
64
0
0
0
6
64
0
0
64
0
0
0
9
1
0
0
20
1
69
129
31
1
2
0
133
1
73
128
143
1
1
0
137
1
0
0
8
1
0
0
6
0
0
0
36
64
0
0
1
0
0
0
5
1
73
128
15
1
2
0
9
1
0
0
20
1
69
1
16
64
0
0
192
0
0
0
133
1
9
192
39
64
0
0
4
0
0
0
137
1
0
0
128
1
8
0
6
0
0
0
37
64
192
3
1
0
0
0
38
64
192
3
1
0
0
0
5
1
73
0
15
1
2
0
0
64
0
0
0
1
0
0
1
64
0
0
0
0
0
0
2
64
0
0
0
0
0
0
3
64
0
0
0
0
0
0
11
1
0
0
12
1
0
0
10
1
0
0
5
64
0
0
64
0
0
0
4
64
0
0
64
0
0
0
6
64
0
0
64
0
0
0
9
1
0
0
20
1
69
1
133
1
73
0
143
1
2
0
128
64
0
0
192
0
0
0
129
64
0
0
0
0
0
0
130
64
0
0
0
0
0
0
131
64
0
0
0
0
0
0
139
1
0
0
140
1
0
0
138
1
0
0
133
64
0
0
64
0
0
0
132
64
0
0
64
0
0
0
134
64
0
0
64
0
0
0
137
1
0
0
128
1
0
0
6
0
1
0
37
64
0
0
1
0
0
0
38
64
0
0
1
0
0
0
36
64
30
0
0
0
0
64
5
1
73
0
15
1
2
0
0
64
0
0
0
0
0
0
1
64
0
0
0
0
0
0
2
64
0
0
0
0
0
0
3
64
0
0
0
0
0
0
11
1
0
0
12
1
0
0
10
1
0
0
4
1
1
0
5
64
0
0
64
0
0
0
4
64
0
0
64
0
0
0
6
64
0
0
64
0
0
0
9
1
0
0
20
1
69
129
31
1
0
0
19
1
1
0
133
1
73
0
143
1
2
0
128
64
0
0
192
0
0
0
129
64
0
0
0
0
0
0
130
64
0
0
0
0
0
0
131
64
0
0
0
0
0
0
139
1
0
0
140
1
0
0
138
1
0
0
133
64
0
0
64
0
0
0
132
64
0
0
64
0
0
0
134
64
0
0
64
0
0
0
137
1
0
0
128
1
4
0
6
0
0
0
36
64
0
32
1
0
0
0
5
1
73
128
15
1
0
0
9
1
0
0
20
1
1
1
31
1
1
0
16
64
0
0
0
0
0
0
21
64
0
0
2
0
0
0
20
64
0
0
2
0
0
0
22
64
0
0
1
0
0
0
24
1
128
255
37
1
0
0
38
1
128
255
39
1
127
0
133
1
73
0
143
1
2
0
128
64
0
0
64
0
0
0
129
64
0
0
0
0
0
0
130
64
0
0
0
0
0
0
131
64
0
0
0
0
0
0
139
1
0
0
140
1
0
0
138
1
0
0
133
64
0
0
64
0
0
0
132
64
0
0
64
0
0
0
134
64
0
0
64
0
0
0
137
1
0
0
6
0
8
0
0
0
255
255
