0
0
0
0
133
24
127
64
37
0
0
0
0
0
121
191
109
97
39
0
0
0
0
0
65
85
56
108
38
0
0
0
0
0
194
73
11
112
41
0
0
0
0
0
62
232
43
108
38
0
0
0
0
0
8
194
210
112
39
0
0
0
0
0
36
214
5
68
38
0
0
0
0
0
88
217
208
112
39
0
0
0
0
0
191
5
123
92
38
0
0
0
0
0
217
227
13
102
41
0
0
0
0
0
221
34
179
108
42
0
0
0
0
0
160
17
6
76
40
0
0
0
0
0
233
55
232
125
38
0
0
0
0
0
61
13
47
122
39
0
0
0
0
0
35
97
195
91
41
0
0
0
0
0
19
174
157
98
38
0
0
0
0
0
148
162
232
68
42
0
0
0
0
0
128
226
166
83
38
0
0
0
0
0
247
111
112
73
38
0
0
0
0
0
86
17
254
75
39
0
0
0
0
0
193
233
161
65
38
0
0
0
0
0
94
241
134
81
38
0
0
0
0
0
32
231
92
72
39
0
0
0
0
0
247
179
174
80
38
0
0
0
0
0
21
206
84
114
38
0
0
0
0
0
180
50
174
119
38
0
0
0
0
0
70
165
208
93
41
0
0
0
0
0
3
102
174
76
39
0
0
0
0
0
199
235
131
126
38
0
0
0
0
0
133
200
4
104
39
0
0
0
0
0
197
152
129
71
38
0
0
0
0
0
161
158
38
106
38
0
0
0
0
0
200
186
195
114
39
0
0
0
0
0
216
29
57
104
39
0
0
0
0
0
200
78
202
112
38
0
0
0
0
0
56
160
23
118
45
0
0
0
0
0
175
3
77
66
38
0
0
0
0
0
103
228
206
96
39
0
0
0
0
0
129
192
48
86
39
0
0
0
0
0
28
187
42
101
38
0
0
0
0
0
156
34
146
117
38
0
0
0
0
0
109
206
120
74
39
0
0
0
0
0
63
23
192
87
38
0
0
0
0
0
25
191
251
115
48
0
0
0
0
0
38
60
242
85
38
0
0
0
0
0
210
79
12
123
38
0
0
0
0
0
231
75
59
79
44
0
0
0
0
0
152
201
122
125
38
0
0
0
0
0
6
113
91
85
43
0
0
0
0
0
243
23
214
120
44
0
0
0
0
0
16
208
129
97
40
0
0
0
0
0
153
91
207
102
40
0
0
0
0
0
138
163
95
112
39
0
0
0
0
0
80
228
11
114
38
0
0
0
0
0
118
84
68
65
39
0
0
0
0
0
206
211
14
77
38
0
0
0
0
0
48
197
54
88
41
0
0
0
0
0
45
14
51
66
38
0
0
0
0
0
33
154
24
64
38
0
0
0
0
0
8
2
129
64
37
0
0
0
0
0
24
180
198
106
39
0
0
0
0
0
248
219
80
126
40
0
0
0
0
0
28
180
156
84
38
0
0
0
0
0
194
49
39
75
38
0
2
0
0
0
0
0
0
0
0
0
0
0
0
0
254
0
252
3
0
0
0
0
0
0
0
0
0
0
0
0
0
0
84
85
86
85
84
85
86
85
84
85
84
85
84
85
84
85
85
85
85
85
85
85
85
85
85
85
85
85
85
85
85
85
85
85
85
85
85
85
85
85
85
85
85
85
85
85
85
85
85
85
85
85
85
85
85
85
85
85
85
85
85
85
85
85
85
85
85
85
85
85
85
85
85
85
85
85
85
85
85
85
85
85
85
85
85
85
85
85
85
85
85
85
85
85
85
85
85
85
85
85
85
85
85
85
85
85
85
85
85
85
85
85
85
85
85
85
85
85
85
85
85
85
85
85
85
85
85
85
85
85
85
85
85
85
85
85
85
85
85
85
85
85
85
85
85
85
85
85
85
85
85
85
85
85
85
85
85
85
85
85
86
85
84
85
84
85
84
85
84
85
84
85
86
85
86
85
85
85
85
85
85
85
85
85
85
85
85
85
85
85
85
85
85
85
85
85
85
85
85
85
85
85
85
85
85
85
85
85
85
85
85
85
85
85
85
85
85
85
85
85
85
85
85
85
85
85
85
85
85
85
85
85
85
85
85
85
85
85
85
85
85
85
85
85
85
85
85
85
85
85
85
85
85
85
85
85
85
85
85
85
85
85
85
85
85
85
85
85
85
85
85
85
85
85
85
85
85
85
85
85
85
85
85
85
85
85
85
85
85
85
85
85
85
85
85
85
85
85
85
85
85
85
85
85
85
85
85
85
85
85
85
85
85
85
85
85
85
85
85
85
86
85
86
85
84
85
84
85
84
85
86
85
84
85
86
85
85
85
85
85
85
85
85
85
85
85
85
85
85
85
85
85
85
85
85
85
85
85
85
85
85
85
85
85
85
85
85
85
85
85
85
85
85
85
85
85
85
85
85
85
85
85
85
85
85
85
85
85
85
85
85
85
85
85
85
85
85
85
85
85
85
85
85
85
85
85
85
85
85
85
85
85
85
85
85
85
85
85
85
85
85
85
85
85
85
85
85
85
85
85
85
85
85
85
85
85
85
85
85
85
85
85
85
85
85
85
85
85
85
85
85
85
85
85
85
85
85
85
85
85
85
85
85
85
85
85
85
85
85
85
85
85
85
85
85
85
85
85
85
85
84
85
86
85
86
85
86
85
84
85
84
85
84
85
84
85
85
85
85
85
85
85
85
85
85
85
85
85
85
85
85
85
85
85
85
85
85
85
85
85
85
85
85
85
85
85
85
85
85
85
85
85
85
85
85
85
85
85
85
85
85
85
85
85
85
85
85
85
85
85
85
85
85
85
85
85
85
85
85
85
85
85
85
85
85
85
85
85
85
85
85
85
85
85
85
85
85
85
85
85
85
85
85
85
85
85
85
85
85
85
85
85
85
85
85
85
85
85
85
85
85
85
85
85
85
85
85
85
85
85
85
85
85
85
85
85
85
85
85
85
85
85
85
85
85
85
85
85
85
85
85
85
85
85
85
85
85
85
85
85
86
85
86
85
84
85
84
85
86
85
84
85
84
85
84
85
85
85
85
85
85
85
85
85
85
85
85
85
85
85
85
85
85
85
85
85
85
85
85
85
85
85
85
85
85
85
85
85
85
85
85
85
85
85
85
85
85
85
85
85
85
85
85
85
85
85
85
85
85
85
85
85
85
85
85
85
85
85
85
85
85
85
85
85
85
85
85
85
85
85
85
85
85
85
85
85
85
85
85
85
85
85
85
85
85
85
85
85
85
85
85
85
85
85
85
85
85
85
85
85
85
85
85
85
85
85
85
85
85
85
85
85
85
85
85
85
85
85
85
85
85
85
85
85
85
85
85
85
85
85
85
85
85
85
85
85
85
85
85
85
86
85
86
85
86
85
84
85
86
85
84
85
84
85
86
85
85
85
85
85
85
85
85
85
85
85
85
85
85
85
85
85
85
85
85
85
85
85
85
85
85
85
85
85
85
85
85
85
85
85
85
85
85
85
85
85
85
85
85
85
85
85
85
85
85
85
85
85
85
85
85
85
85
85
85
85
85
85
85
85
85
85
85
85
85
85
85
85
85
85
85
85
85
85
85
85
85
85
85
85
85
85
85
85
85
85
85
85
85
85
85
85
85
85
85
85
85
85
85
85
85
85
85
85
85
85
85
85
85
85
85
85
85
85
85
85
85
85
85
85
85
85
85
85
85
85
85
85
85
85
85
85
85
85
85
85
85
85
85
85
84
85
86
85
84
85
86
85
86
85
86
85
86
85
84
85
85
85
85
85
85
85
85
85
85
85
85
85
85
85
85
85
85
85
85
85
85
85
85
85
85
85
85
85
85
85
85
85
85
85
85
85
85
85
85
85
85
85
85
85
85
85
85
85
85
85
85
85
85
85
85
85
85
85
85
85
85
85
85
85
85
85
85
85
85
85
85
85
85
85
85
85
85
85
85
85
85
85
85
85
85
85
85
85
85
85
85
85
85
85
85
85
85
85
85
85
85
85
85
85
85
85
85
85
85
85
85
85
85
85
85
85
85
85
85
85
85
85
85
85
85
85
85
85
85
85
85
85
85
85
85
85
85
85
85
85
85
85
85
85
84
85
84
85
84
85
86
85
86
85
84
85
86
85
86
85
85
85
85
85
85
85
85
85
85
85
85
85
85
85
85
85
85
85
85
85
85
85
85
85
85
85
85
85
85
85
85
85
85
85
85
85
85
85
85
85
85
85
85
85
85
85
85
85
85
85
85
85
85
85
85
85
85
85
85
85
85
85
85
85
85
85
85
85
85
85
85
85
85
85
85
85
85
85
85
85
85
85
85
85
85
85
85
85
85
85
85
85
85
85
85
85
85
85
85
85
85
85
85
85
85
85
85
85
85
85
85
85
85
85
85
85
85
85
85
85
85
85
85
85
85
85
85
85
85
85
85
85
85
85
85
85
85
85
85
85
85
85
85
85
